timestamp,source_ip,hour,usage
2026-01-16T18:39:24.282382,172.20.10.5,0,0
2026-01-16T18:39:24.282382,172.20.10.5,1,0
2026-01-16T18:39:24.282382,172.20.10.5,2,0
2026-01-16T18:39:24.282382,172.20.10.5,3,0
2026-01-16T18:39:24.282382,172.20.10.5,4,0
2026-01-16T18:39:24.282382,172.20.10.5,5,0
2026-01-16T18:39:24.282382,172.20.10.5,6,0
2026-01-16T18:39:24.282382,172.20.10.5,7,0
2026-01-16T18:39:24.282382,172.20.10.5,8,6.51821
2026-01-16T18:39:24.282382,172.20.10.5,9,0
2026-01-16T18:39:24.282382,172.20.10.5,10,0
2026-01-16T18:39:24.282382,172.20.10.5,11,0
2026-01-16T18:39:24.282382,172.20.10.5,12,0
2026-01-16T18:39:24.282382,172.20.10.5,13,0
2026-01-16T18:39:24.282382,172.20.10.5,14,0
2026-01-16T18:39:24.282382,172.20.10.5,15,0
2026-01-16T18:39:24.282382,172.20.10.5,16,0
2026-01-16T18:39:24.282382,172.20.10.5,17,0
2026-01-16T18:39:24.282382,172.20.10.5,18,0
2026-01-16T18:39:24.282382,172.20.10.5,19,0
2026-01-16T18:39:24.282382,172.20.10.5,20,0
2026-01-16T18:39:24.282382,172.20.10.5,21,0
2026-01-16T18:39:24.282382,172.20.10.5,22,0
2026-01-16T18:39:24.282382,172.20.10.5,23,0
2026-01-16T18:39:24.282382,172.20.10.5,0,0
2026-01-16T18:39:24.282382,172.20.10.5,1,0
2026-01-16T18:39:24.282382,172.20.10.5,2,0
2026-01-16T18:39:24.282382,172.20.10.5,3,0
2026-01-16T18:39:24.282382,172.20.10.5,4,0
2026-01-16T18:39:24.282382,172.20.10.5,5,0
2026-01-16T18:39:24.282382,172.20.10.5,6,0
2026-01-16T18:39:24.282382,172.20.10.5,7,0
2026-01-16T18:39:24.282382,172.20.10.5,8,0.00732327
2026-01-16T18:39:24.282382,172.20.10.5,9,0
2026-01-16T18:39:24.282382,172.20.10.5,10,0
2026-01-16T18:39:24.282382,172.20.10.5,11,0
2026-01-16T18:39:24.282382,172.20.10.5,12,0
2026-01-16T18:39:24.282382,172.20.10.5,13,0
2026-01-16T18:39:24.282382,172.20.10.5,14,0
2026-01-16T18:39:24.282382,172.20.10.5,15,0
2026-01-16T18:39:24.282382,172.20.10.5,16,0
2026-01-16T18:39:24.282382,172.20.10.5,17,0
2026-01-16T18:39:24.282382,172.20.10.5,18,0
2026-01-16T18:39:24.282382,172.20.10.5,19,0
2026-01-16T18:39:24.282382,172.20.10.5,20,0
2026-01-16T18:39:24.282382,172.20.10.5,21,0
2026-01-16T18:39:24.282382,172.20.10.5,22,0
2026-01-16T18:39:24.282382,172.20.10.5,23,0
2026-01-16T18:39:24.282382,172.20.10.5,0,0
2026-01-16T18:39:24.282382,172.20.10.5,1,0
2026-01-16T18:39:24.282382,172.20.10.5,2,0
2026-01-16T18:39:24.282382,172.20.10.5,3,0
2026-01-16T18:39:24.282382,172.20.10.5,4,0
2026-01-16T18:39:24.282382,172.20.10.5,5,0
2026-01-16T18:39:24.282382,172.20.10.5,6,0
2026-01-16T18:39:24.282382,172.20.10.5,7,0
2026-01-16T18:39:24.282382,172.20.10.5,8,0.0140624
2026-01-16T18:39:24.282382,172.20.10.5,9,0
2026-01-16T18:39:24.282382,172.20.10.5,10,0
2026-01-16T18:39:24.282382,172.20.10.5,11,0
2026-01-16T18:39:24.282382,172.20.10.5,12,0
2026-01-16T18:39:24.282382,172.20.10.5,13,0
2026-01-16T18:39:24.282382,172.20.10.5,14,0
2026-01-16T18:39:24.282382,172.20.10.5,15,0
2026-01-16T18:39:24.282382,172.20.10.5,16,0
2026-01-16T18:39:24.282382,172.20.10.5,17,0
2026-01-16T18:39:24.282382,172.20.10.5,18,0
2026-01-16T18:39:24.282382,172.20.10.5,19,0
2026-01-16T18:39:24.282382,172.20.10.5,20,0
2026-01-16T18:39:24.282382,172.20.10.5,21,0
2026-01-16T18:39:24.282382,172.20.10.5,22,0
2026-01-16T18:39:24.282382,172.20.10.5,23,0
2026-01-16T18:39:24.282382,172.20.10.5,0,0
2026-01-16T18:39:24.282382,172.20.10.5,1,0
2026-01-16T18:39:24.282382,172.20.10.5,2,0
2026-01-16T18:39:24.282382,172.20.10.5,3,0
2026-01-16T18:39:24.282382,172.20.10.5,4,0
2026-01-16T18:39:24.282382,172.20.10.5,5,0
2026-01-16T18:39:24.282382,172.20.10.5,6,0
2026-01-16T18:39:24.282382,172.20.10.5,7,0
2026-01-16T18:39:24.282382,172.20.10.5,8,0.00946854
2026-01-16T18:39:24.282382,172.20.10.5,9,0
2026-01-16T18:39:24.282382,172.20.10.5,10,0
2026-01-16T18:39:24.282382,172.20.10.5,11,0
2026-01-16T18:39:24.282382,172.20.10.5,12,0
2026-01-16T18:39:24.282382,172.20.10.5,13,0
2026-01-16T18:39:24.282382,172.20.10.5,14,0
2026-01-16T18:39:24.282382,172.20.10.5,15,0
2026-01-16T18:39:24.282382,172.20.10.5,16,0
2026-01-16T18:39:24.282382,172.20.10.5,17,0
2026-01-16T18:39:24.282382,172.20.10.5,18,0
2026-01-16T18:39:24.282382,172.20.10.5,19,0
2026-01-16T18:39:24.282382,172.20.10.5,20,0
2026-01-16T18:39:24.282382,172.20.10.5,21,0
2026-01-16T18:39:24.282382,172.20.10.5,22,0
2026-01-16T18:39:24.282382,172.20.10.5,23,0
2026-01-16T18:39:24.282382,172.20.10.5,0,0
2026-01-16T18:39:24.282382,172.20.10.5,1,0
2026-01-16T18:39:24.282382,172.20.10.5,2,0
2026-01-16T18:39:24.282382,172.20.10.5,3,0
2026-01-16T18:39:24.282382,172.20.10.5,4,0
2026-01-16T18:39:24.282382,172.20.10.5,5,0
2026-01-16T18:39:24.282382,172.20.10.5,6,0
2026-01-16T18:39:24.282382,172.20.10.5,7,0
2026-01-16T18:39:24.282382,172.20.10.5,8,0.00910256
2026-01-16T18:39:24.282382,172.20.10.5,9,0
2026-01-16T18:39:24.282382,172.20.10.5,10,0
2026-01-16T18:39:24.282382,172.20.10.5,11,0
2026-01-16T18:39:24.282382,172.20.10.5,12,0
2026-01-16T18:39:24.282382,172.20.10.5,13,0
2026-01-16T18:39:24.282382,172.20.10.5,14,0
2026-01-16T18:39:24.282382,172.20.10.5,15,0
2026-01-16T18:39:24.282382,172.20.10.5,16,0
2026-01-16T18:39:24.282382,172.20.10.5,17,0
2026-01-16T18:39:24.282382,172.20.10.5,18,0
2026-01-16T18:39:24.282382,172.20.10.5,19,0
2026-01-16T18:39:24.282382,172.20.10.5,20,0
2026-01-16T18:39:24.282382,172.20.10.5,21,0
2026-01-16T18:39:24.282382,172.20.10.5,22,0
2026-01-16T18:39:24.282382,172.20.10.5,23,0
2026-01-16T18:39:24.282382,172.20.10.5,0,0
2026-01-16T18:39:24.282382,172.20.10.5,1,0
2026-01-16T18:39:24.282382,172.20.10.5,2,0
2026-01-16T18:39:24.282382,172.20.10.5,3,0
2026-01-16T18:39:24.282382,172.20.10.5,4,0
2026-01-16T18:39:24.282382,172.20.10.5,5,0
2026-01-16T18:39:24.282382,172.20.10.5,6,0
2026-01-16T18:39:24.282382,172.20.10.5,7,0
2026-01-16T18:39:24.282382,172.20.10.5,8,0.0122489
2026-01-16T18:39:24.282382,172.20.10.5,9,0
2026-01-16T18:39:24.282382,172.20.10.5,10,0
2026-01-16T18:39:24.282382,172.20.10.5,11,0
2026-01-16T18:39:24.282382,172.20.10.5,12,0
2026-01-16T18:39:24.282382,172.20.10.5,13,0
2026-01-16T18:39:24.282382,172.20.10.5,14,0
2026-01-16T18:39:24.282382,172.20.10.5,15,0
2026-01-16T18:39:24.282382,172.20.10.5,16,0
2026-01-16T18:39:24.282382,172.20.10.5,17,0
2026-01-16T18:39:24.282382,172.20.10.5,18,0
2026-01-16T18:39:24.282382,172.20.10.5,19,0
2026-01-16T18:39:24.282382,172.20.10.5,20,0
2026-01-16T18:39:24.282382,172.20.10.5,21,0
2026-01-16T18:39:24.282382,172.20.10.5,22,0
2026-01-16T18:39:24.282382,172.20.10.5,23,0
2026-01-16T18:39:24.282382,172.20.10.5,0,0
2026-01-16T18:39:24.282382,172.20.10.5,1,0
2026-01-16T18:39:24.282382,172.20.10.5,2,0
2026-01-16T18:39:24.282382,172.20.10.5,3,0
2026-01-16T18:39:24.282382,172.20.10.5,4,0
2026-01-16T18:39:24.282382,172.20.10.5,5,0
2026-01-16T18:39:24.282382,172.20.10.5,6,0
2026-01-16T18:39:24.282382,172.20.10.5,7,0
2026-01-16T18:39:24.282382,172.20.10.5,8,0.0104039
2026-01-16T18:39:24.282382,172.20.10.5,9,0
2026-01-16T18:39:24.282382,172.20.10.5,10,0
2026-01-16T18:39:24.282382,172.20.10.5,11,0
2026-01-16T18:39:24.282382,172.20.10.5,12,0
2026-01-16T18:39:24.282382,172.20.10.5,13,0
2026-01-16T18:39:24.282382,172.20.10.5,14,0
2026-01-16T18:39:24.282382,172.20.10.5,15,0
2026-01-16T18:39:24.282382,172.20.10.5,16,0
2026-01-16T18:39:24.282382,172.20.10.5,17,0
2026-01-16T18:39:24.282382,172.20.10.5,18,0
2026-01-16T18:39:24.282382,172.20.10.5,19,0
2026-01-16T18:39:24.282382,172.20.10.5,20,0
2026-01-16T18:39:24.282382,172.20.10.5,21,0
2026-01-16T18:39:24.282382,172.20.10.5,22,0
2026-01-16T18:39:24.282382,172.20.10.5,23,0
2026-01-16T18:39:24.282382,172.20.10.5,0,0
2026-01-16T18:39:24.282382,172.20.10.5,1,0
2026-01-16T18:39:24.282382,172.20.10.5,2,0
2026-01-16T18:39:24.282382,172.20.10.5,3,0
2026-01-16T18:39:24.282382,172.20.10.5,4,0
2026-01-16T18:39:24.282382,172.20.10.5,5,0
2026-01-16T18:39:24.282382,172.20.10.5,6,0
2026-01-16T18:39:24.282382,172.20.10.5,7,0
2026-01-16T18:39:24.282382,172.20.10.5,8,0.0138125
2026-01-16T18:39:24.282382,172.20.10.5,9,0
2026-01-16T18:39:24.282382,172.20.10.5,10,0
2026-01-16T18:39:24.282382,172.20.10.5,11,0
2026-01-16T18:39:24.282382,172.20.10.5,12,0
2026-01-16T18:39:24.282382,172.20.10.5,13,0
2026-01-16T18:39:24.282382,172.20.10.5,14,0
2026-01-16T18:39:24.282382,172.20.10.5,15,0
2026-01-16T18:39:24.282382,172.20.10.5,16,0
2026-01-16T18:39:24.282382,172.20.10.5,17,0
2026-01-16T18:39:24.282382,172.20.10.5,18,0
2026-01-16T18:39:24.282382,172.20.10.5,19,0
2026-01-16T18:39:24.282382,172.20.10.5,20,0
2026-01-16T18:39:24.282382,172.20.10.5,21,0
2026-01-16T18:39:24.282382,172.20.10.5,22,0
2026-01-16T18:39:24.282382,172.20.10.5,23,0
2026-01-16T18:39:24.282382,172.20.10.5,0,0
2026-01-16T18:39:24.282382,172.20.10.5,1,0
2026-01-16T18:39:24.282382,172.20.10.5,2,0
2026-01-16T18:39:24.282382,172.20.10.5,3,0
2026-01-16T18:39:24.282382,172.20.10.5,4,0
2026-01-16T18:39:24.282382,172.20.10.5,5,0
2026-01-16T18:39:24.282382,172.20.10.5,6,0
2026-01-16T18:39:24.282382,172.20.10.5,7,0
2026-01-16T18:39:24.282382,172.20.10.5,8,0.014307
2026-01-16T18:39:24.282382,172.20.10.5,9,0
2026-01-16T18:39:24.282382,172.20.10.5,10,0
2026-01-16T18:39:24.282382,172.20.10.5,11,0
2026-01-16T18:39:24.282382,172.20.10.5,12,0
2026-01-16T18:39:24.282382,172.20.10.5,13,0
2026-01-16T18:39:24.282382,172.20.10.5,14,0
2026-01-16T18:39:24.282382,172.20.10.5,15,0
2026-01-16T18:39:24.282382,172.20.10.5,16,0
2026-01-16T18:39:24.282382,172.20.10.5,17,0
2026-01-16T18:39:24.282382,172.20.10.5,18,0
2026-01-16T18:39:24.282382,172.20.10.5,19,0
2026-01-16T18:39:24.282382,172.20.10.5,20,0
2026-01-16T18:39:24.282382,172.20.10.5,21,0
2026-01-16T18:39:24.282382,172.20.10.5,22,0
2026-01-16T18:39:24.282382,172.20.10.5,23,0
2026-01-16T18:39:24.282382,172.20.10.5,0,0
2026-01-16T18:39:24.282382,172.20.10.5,1,0
2026-01-16T18:39:24.282382,172.20.10.5,2,0
2026-01-16T18:39:24.282382,172.20.10.5,3,0
2026-01-16T18:39:24.282382,172.20.10.5,4,0
2026-01-16T18:39:24.282382,172.20.10.5,5,0
2026-01-16T18:39:24.282382,172.20.10.5,6,0
2026-01-16T18:39:24.282382,172.20.10.5,7,0
2026-01-16T18:39:24.282382,172.20.10.5,8,0.00830936
2026-01-16T18:39:24.282382,172.20.10.5,9,0
2026-01-16T18:39:24.282382,172.20.10.5,10,0
2026-01-16T18:39:24.282382,172.20.10.5,11,0
2026-01-16T18:39:24.282382,172.20.10.5,12,0
2026-01-16T18:39:24.282382,172.20.10.5,13,0
2026-01-16T18:39:24.282382,172.20.10.5,14,0
2026-01-16T18:39:24.282382,172.20.10.5,15,0
2026-01-16T18:39:24.282382,172.20.10.5,16,0
2026-01-16T18:39:24.282382,172.20.10.5,17,0
2026-01-16T18:39:24.282382,172.20.10.5,18,0
2026-01-16T18:39:24.282382,172.20.10.5,19,0
2026-01-16T18:39:24.282382,172.20.10.5,20,0
2026-01-16T18:39:24.282382,172.20.10.5,21,0
2026-01-16T18:39:24.282382,172.20.10.5,22,0
2026-01-16T18:39:24.282382,172.20.10.5,23,0
2026-01-16T18:39:24.282382,172.20.10.5,0,0
2026-01-16T18:39:24.282382,172.20.10.5,1,0
2026-01-16T18:39:24.282382,172.20.10.5,2,0
2026-01-16T18:39:24.282382,172.20.10.5,3,0
2026-01-16T18:39:24.282382,172.20.10.5,4,0
2026-01-16T18:39:24.282382,172.20.10.5,5,0
2026-01-16T18:39:24.282382,172.20.10.5,6,0
2026-01-16T18:39:24.282382,172.20.10.5,7,0
2026-01-16T18:39:24.282382,172.20.10.5,8,0.0115876
2026-01-16T18:39:24.282382,172.20.10.5,9,0
2026-01-16T18:39:24.282382,172.20.10.5,10,0
2026-01-16T18:39:24.282382,172.20.10.5,11,0
2026-01-16T18:39:24.282382,172.20.10.5,12,0
2026-01-16T18:39:24.282382,172.20.10.5,13,0
2026-01-16T18:39:24.282382,172.20.10.5,14,0
2026-01-16T18:39:24.282382,172.20.10.5,15,0
2026-01-16T18:39:24.282382,172.20.10.5,16,0
2026-01-16T18:39:24.282382,172.20.10.5,17,0
2026-01-16T18:39:24.282382,172.20.10.5,18,0
2026-01-16T18:39:24.282382,172.20.10.5,19,0
2026-01-16T18:39:24.282382,172.20.10.5,20,0
2026-01-16T18:39:24.282382,172.20.10.5,21,0
2026-01-16T18:39:24.282382,172.20.10.5,22,0
2026-01-16T18:39:24.282382,172.20.10.5,23,0
2026-01-16T18:39:24.282382,172.20.10.5,0,0
2026-01-16T18:39:24.282382,172.20.10.5,1,0
2026-01-16T18:39:24.282382,172.20.10.5,2,0
2026-01-16T18:39:24.282382,172.20.10.5,3,0
2026-01-16T18:39:24.282382,172.20.10.5,4,0
2026-01-16T18:39:24.282382,172.20.10.5,5,0
2026-01-16T18:39:24.282382,172.20.10.5,6,0
2026-01-16T18:39:24.282382,172.20.10.5,7,0
2026-01-16T18:39:24.282382,172.20.10.5,8,0.00666543
2026-01-16T18:39:24.282382,172.20.10.5,9,0
2026-01-16T18:39:24.282382,172.20.10.5,10,0
2026-01-16T18:39:24.282382,172.20.10.5,11,0
2026-01-16T18:39:24.282382,172.20.10.5,12,0
2026-01-16T18:39:24.282382,172.20.10.5,13,0
2026-01-16T18:39:24.282382,172.20.10.5,14,0
2026-01-16T18:39:24.282382,172.20.10.5,15,0
2026-01-16T18:39:24.282382,172.20.10.5,16,0
2026-01-16T18:39:24.282382,172.20.10.5,17,0
2026-01-16T18:39:24.282382,172.20.10.5,18,0
2026-01-16T18:39:24.282382,172.20.10.5,19,0
2026-01-16T18:39:24.282382,172.20.10.5,20,0
2026-01-16T18:39:24.282382,172.20.10.5,21,0
2026-01-16T18:39:24.282382,172.20.10.5,22,0
2026-01-16T18:39:24.282382,172.20.10.5,23,0
2026-01-16T18:39:24.282382,172.20.10.5,0,0
2026-01-16T18:39:24.282382,172.20.10.5,1,0
2026-01-16T18:39:24.282382,172.20.10.5,2,0
2026-01-16T18:39:24.282382,172.20.10.5,3,0
2026-01-16T18:39:24.282382,172.20.10.5,4,0
2026-01-16T18:39:24.282382,172.20.10.5,5,0
2026-01-16T18:39:24.282382,172.20.10.5,6,0
2026-01-16T18:39:24.282382,172.20.10.5,7,0
2026-01-16T18:39:24.282382,172.20.10.5,8,0.010257
2026-01-16T18:39:24.282382,172.20.10.5,9,0
2026-01-16T18:39:24.282382,172.20.10.5,10,0
2026-01-16T18:39:24.282382,172.20.10.5,11,0
2026-01-16T18:39:24.282382,172.20.10.5,12,0
2026-01-16T18:39:24.282382,172.20.10.5,13,0
2026-01-16T18:39:24.282382,172.20.10.5,14,0
2026-01-16T18:39:24.282382,172.20.10.5,15,0
2026-01-16T18:39:24.282382,172.20.10.5,16,0
2026-01-16T18:39:24.282382,172.20.10.5,17,0
2026-01-16T18:39:24.282382,172.20.10.5,18,0
2026-01-16T18:39:24.282382,172.20.10.5,19,0
2026-01-16T18:39:24.282382,172.20.10.5,20,0
2026-01-16T18:39:24.282382,172.20.10.5,21,0
2026-01-16T18:39:24.282382,172.20.10.5,22,0
2026-01-16T18:39:24.282382,172.20.10.5,23,0
2026-01-16T18:39:24.282382,172.20.10.5,0,0
2026-01-16T18:39:24.282382,172.20.10.5,1,0
2026-01-16T18:39:24.282382,172.20.10.5,2,0
2026-01-16T18:39:24.282382,172.20.10.5,3,0
2026-01-16T18:39:24.282382,172.20.10.5,4,0
2026-01-16T18:39:24.282382,172.20.10.5,5,0
2026-01-16T18:39:24.282382,172.20.10.5,6,0
2026-01-16T18:39:24.282382,172.20.10.5,7,0
2026-01-16T18:39:24.282382,172.20.10.5,8,0.0110046
2026-01-16T18:39:24.282382,172.20.10.5,9,0
2026-01-16T18:39:24.282382,172.20.10.5,10,0
2026-01-16T18:39:24.282382,172.20.10.5,11,0
2026-01-16T18:39:24.282382,172.20.10.5,12,0
2026-01-16T18:39:24.282382,172.20.10.5,13,0
2026-01-16T18:39:24.282382,172.20.10.5,14,0
2026-01-16T18:39:24.282382,172.20.10.5,15,0
2026-01-16T18:39:24.282382,172.20.10.5,16,0
2026-01-16T18:39:24.282382,172.20.10.5,17,0
2026-01-16T18:39:24.282382,172.20.10.5,18,0
2026-01-16T18:39:24.282382,172.20.10.5,19,0
2026-01-16T18:39:24.282382,172.20.10.5,20,0
2026-01-16T18:39:24.282382,172.20.10.5,21,0
2026-01-16T18:39:24.282382,172.20.10.5,22,0
2026-01-16T18:39:24.282382,172.20.10.5,23,0
2026-01-16T18:39:24.282382,172.20.10.5,0,0
2026-01-16T18:39:24.282382,172.20.10.5,1,0
2026-01-16T18:39:24.282382,172.20.10.5,2,0
2026-01-16T18:39:24.282382,172.20.10.5,3,0
2026-01-16T18:39:24.282382,172.20.10.5,4,0
2026-01-16T18:39:24.282382,172.20.10.5,5,0
2026-01-16T18:39:24.282382,172.20.10.5,6,0
2026-01-16T18:39:24.282382,172.20.10.5,7,0
2026-01-16T18:39:24.282382,172.20.10.5,8,0.0134009
2026-01-16T18:39:24.282382,172.20.10.5,9,0
2026-01-16T18:39:24.282382,172.20.10.5,10,0
2026-01-16T18:39:24.282382,172.20.10.5,11,0
2026-01-16T18:39:24.282382,172.20.10.5,12,0
2026-01-16T18:39:24.282382,172.20.10.5,13,0
2026-01-16T18:39:24.282382,172.20.10.5,14,0
2026-01-16T18:39:24.282382,172.20.10.5,15,0
2026-01-16T18:39:24.282382,172.20.10.5,16,0
2026-01-16T18:39:24.282382,172.20.10.5,17,0
2026-01-16T18:39:24.282382,172.20.10.5,18,0
2026-01-16T18:39:24.282382,172.20.10.5,19,0
2026-01-16T18:39:24.282382,172.20.10.5,20,0
2026-01-16T18:39:24.282382,172.20.10.5,21,0
2026-01-16T18:39:24.282382,172.20.10.5,22,0
2026-01-16T18:39:24.282382,172.20.10.5,23,0
2026-01-16T18:39:24.282382,172.20.10.5,0,0
2026-01-16T18:39:24.282382,172.20.10.5,1,0
2026-01-16T18:39:24.282382,172.20.10.5,2,0
2026-01-16T18:39:24.282382,172.20.10.5,3,0
2026-01-16T18:39:24.282382,172.20.10.5,4,0
2026-01-16T18:39:24.282382,172.20.10.5,5,0
2026-01-16T18:39:24.282382,172.20.10.5,6,0
2026-01-16T18:39:24.282382,172.20.10.5,7,0
2026-01-16T18:39:24.282382,172.20.10.5,8,0.00831574
2026-01-16T18:39:24.282382,172.20.10.5,9,0
2026-01-16T18:39:24.282382,172.20.10.5,10,0
2026-01-16T18:39:24.282382,172.20.10.5,11,0
2026-01-16T18:39:24.282382,172.20.10.5,12,0
2026-01-16T18:39:24.282382,172.20.10.5,13,0
2026-01-16T18:39:24.282382,172.20.10.5,14,0
2026-01-16T18:39:24.282382,172.20.10.5,15,0
2026-01-16T18:39:24.282382,172.20.10.5,16,0
2026-01-16T18:39:24.282382,172.20.10.5,17,0
2026-01-16T18:39:24.282382,172.20.10.5,18,0
2026-01-16T18:39:24.282382,172.20.10.5,19,0
2026-01-16T18:39:24.282382,172.20.10.5,20,0
2026-01-16T18:39:24.282382,172.20.10.5,21,0
2026-01-16T18:39:24.282382,172.20.10.5,22,0
2026-01-16T18:39:24.282382,172.20.10.5,23,0
2026-01-16T18:39:24.282382,172.20.10.5,0,0
2026-01-16T18:39:24.282382,172.20.10.5,1,0
2026-01-16T18:39:24.282382,172.20.10.5,2,0
2026-01-16T18:39:24.282382,172.20.10.5,3,0
2026-01-16T18:39:24.282382,172.20.10.5,4,0
2026-01-16T18:39:24.282382,172.20.10.5,5,0
2026-01-16T18:39:24.282382,172.20.10.5,6,0
2026-01-16T18:39:24.282382,172.20.10.5,7,0
2026-01-16T18:39:24.282382,172.20.10.5,8,0.00951233
2026-01-16T18:39:24.282382,172.20.10.5,9,0
2026-01-16T18:39:24.282382,172.20.10.5,10,0
2026-01-16T18:39:24.282382,172.20.10.5,11,0
2026-01-16T18:39:24.282382,172.20.10.5,12,0
2026-01-16T18:39:24.282382,172.20.10.5,13,0
2026-01-16T18:39:24.282382,172.20.10.5,14,0
2026-01-16T18:39:24.282382,172.20.10.5,15,0
2026-01-16T18:39:24.282382,172.20.10.5,16,0
2026-01-16T18:39:24.282382,172.20.10.5,17,0
2026-01-16T18:39:24.282382,172.20.10.5,18,0
2026-01-16T18:39:24.282382,172.20.10.5,19,0
2026-01-16T18:39:24.282382,172.20.10.5,20,0
2026-01-16T18:39:24.282382,172.20.10.5,21,0
2026-01-16T18:39:24.282382,172.20.10.5,22,0
2026-01-16T18:39:24.282382,172.20.10.5,23,0
2026-01-16T18:39:24.282382,172.20.10.5,0,0
2026-01-16T18:39:24.282382,172.20.10.5,1,0
2026-01-16T18:39:24.282382,172.20.10.5,2,0
2026-01-16T18:39:24.282382,172.20.10.5,3,0
2026-01-16T18:39:24.282382,172.20.10.5,4,0
2026-01-16T18:39:24.282382,172.20.10.5,5,0
2026-01-16T18:39:24.282382,172.20.10.5,6,0
2026-01-16T18:39:24.282382,172.20.10.5,7,0
2026-01-16T18:39:24.282382,172.20.10.5,8,0.0130414
2026-01-16T18:39:24.282382,172.20.10.5,9,0
2026-01-16T18:39:24.282382,172.20.10.5,10,0
2026-01-16T18:39:24.282382,172.20.10.5,11,0
2026-01-16T18:39:24.282382,172.20.10.5,12,0
2026-01-16T18:39:24.282382,172.20.10.5,13,0
2026-01-16T18:39:24.282382,172.20.10.5,14,0
2026-01-16T18:39:24.282382,172.20.10.5,15,0
2026-01-16T18:39:24.282382,172.20.10.5,16,0
2026-01-16T18:39:24.282382,172.20.10.5,17,0
2026-01-16T18:39:24.282382,172.20.10.5,18,0
2026-01-16T18:39:24.282382,172.20.10.5,19,0
2026-01-16T18:39:24.282382,172.20.10.5,20,0
2026-01-16T18:39:24.282382,172.20.10.5,21,0
2026-01-16T18:39:24.282382,172.20.10.5,22,0
2026-01-16T18:39:24.282382,172.20.10.5,23,0
2026-01-16T18:39:24.282382,172.20.10.5,0,0
2026-01-16T18:39:24.282382,172.20.10.5,1,0
2026-01-16T18:39:24.282382,172.20.10.5,2,0
2026-01-16T18:39:24.282382,172.20.10.5,3,0
2026-01-16T18:39:24.282382,172.20.10.5,4,0
2026-01-16T18:39:24.282382,172.20.10.5,5,0
2026-01-16T18:39:24.282382,172.20.10.5,6,0
2026-01-16T18:39:24.282382,172.20.10.5,7,0
2026-01-16T18:39:24.282382,172.20.10.5,8,0.0151732
2026-01-16T18:39:24.282382,172.20.10.5,9,0
2026-01-16T18:39:24.282382,172.20.10.5,10,0
2026-01-16T18:39:24.282382,172.20.10.5,11,0
2026-01-16T18:39:24.282382,172.20.10.5,12,0
2026-01-16T18:39:24.282382,172.20.10.5,13,0
2026-01-16T18:39:24.282382,172.20.10.5,14,0
2026-01-16T18:39:24.282382,172.20.10.5,15,0
2026-01-16T18:39:24.282382,172.20.10.5,16,0
2026-01-16T18:39:24.282382,172.20.10.5,17,0
2026-01-16T18:39:24.282382,172.20.10.5,18,0
2026-01-16T18:39:24.282382,172.20.10.5,19,0
2026-01-16T18:39:24.282382,172.20.10.5,20,0
2026-01-16T18:39:24.282382,172.20.10.5,21,0
2026-01-16T18:39:24.282382,172.20.10.5,22,0
2026-01-16T18:39:24.282382,172.20.10.5,23,0
2026-01-16T18:39:24.282382,172.20.10.5,0,0
2026-01-16T18:39:24.282382,172.20.10.5,1,0
2026-01-16T18:39:24.282382,172.20.10.5,2,0
2026-01-16T18:39:24.282382,172.20.10.5,3,0
2026-01-16T18:39:24.282382,172.20.10.5,4,0
2026-01-16T18:39:24.282382,172.20.10.5,5,0
2026-01-16T18:39:24.282382,172.20.10.5,6,0
2026-01-16T18:39:24.282382,172.20.10.5,7,0
2026-01-16T18:39:24.282382,172.20.10.5,8,0.101554
2026-01-16T18:39:24.282382,172.20.10.5,9,0
2026-01-16T18:39:24.282382,172.20.10.5,10,0
2026-01-16T18:39:24.282382,172.20.10.5,11,0
2026-01-16T18:39:24.282382,172.20.10.5,12,0
2026-01-16T18:39:24.282382,172.20.10.5,13,0
2026-01-16T18:39:24.282382,172.20.10.5,14,0
2026-01-16T18:39:24.282382,172.20.10.5,15,0
2026-01-16T18:39:24.282382,172.20.10.5,16,0
2026-01-16T18:39:24.282382,172.20.10.5,17,0
2026-01-16T18:39:24.282382,172.20.10.5,18,0
2026-01-16T18:39:24.282382,172.20.10.5,19,0
2026-01-16T18:39:24.282382,172.20.10.5,20,0
2026-01-16T18:39:24.282382,172.20.10.5,21,0
2026-01-16T18:39:24.282382,172.20.10.5,22,0
2026-01-16T18:39:24.282382,172.20.10.5,23,0
2026-01-16T18:39:24.282382,172.20.10.5,0,0
2026-01-16T18:39:24.282382,172.20.10.5,1,0
2026-01-16T18:39:24.282382,172.20.10.5,2,0
2026-01-16T18:39:24.282382,172.20.10.5,3,0
2026-01-16T18:39:24.282382,172.20.10.5,4,0
2026-01-16T18:39:24.282382,172.20.10.5,5,0
2026-01-16T18:39:24.282382,172.20.10.5,6,0
2026-01-16T18:39:24.282382,172.20.10.5,7,0
2026-01-16T18:39:24.282382,172.20.10.5,8,0.00946652
2026-01-16T18:39:24.282382,172.20.10.5,9,0
2026-01-16T18:39:24.282382,172.20.10.5,10,0
2026-01-16T18:39:24.282382,172.20.10.5,11,0
2026-01-16T18:39:24.282382,172.20.10.5,12,0
2026-01-16T18:39:24.282382,172.20.10.5,13,0
2026-01-16T18:39:24.282382,172.20.10.5,14,0
2026-01-16T18:39:24.282382,172.20.10.5,15,0
2026-01-16T18:39:24.282382,172.20.10.5,16,0
2026-01-16T18:39:24.282382,172.20.10.5,17,0
2026-01-16T18:39:24.282382,172.20.10.5,18,0
2026-01-16T18:39:24.282382,172.20.10.5,19,0
2026-01-16T18:39:24.282382,172.20.10.5,20,0
2026-01-16T18:39:24.282382,172.20.10.5,21,0
2026-01-16T18:39:24.282382,172.20.10.5,22,0
2026-01-16T18:39:24.282382,172.20.10.5,23,0
2026-01-16T18:39:24.282382,172.20.10.5,0,0
2026-01-16T18:39:24.282382,172.20.10.5,1,0
2026-01-16T18:39:24.282382,172.20.10.5,2,0
2026-01-16T18:39:24.282382,172.20.10.5,3,0
2026-01-16T18:39:24.282382,172.20.10.5,4,0
2026-01-16T18:39:24.282382,172.20.10.5,5,0
2026-01-16T18:39:24.282382,172.20.10.5,6,0
2026-01-16T18:39:24.282382,172.20.10.5,7,0
2026-01-16T18:39:24.282382,172.20.10.5,8,0.0361502
2026-01-16T18:39:24.282382,172.20.10.5,9,0
2026-01-16T18:39:24.282382,172.20.10.5,10,0
2026-01-16T18:39:24.282382,172.20.10.5,11,0
2026-01-16T18:39:24.282382,172.20.10.5,12,0
2026-01-16T18:39:24.282382,172.20.10.5,13,0
2026-01-16T18:39:24.282382,172.20.10.5,14,0
2026-01-16T18:39:24.282382,172.20.10.5,15,0
2026-01-16T18:39:24.282382,172.20.10.5,16,0
2026-01-16T18:39:24.282382,172.20.10.5,17,0
2026-01-16T18:39:24.282382,172.20.10.5,18,0
2026-01-16T18:39:24.282382,172.20.10.5,19,0
2026-01-16T18:39:24.282382,172.20.10.5,20,0
2026-01-16T18:39:24.282382,172.20.10.5,21,0
2026-01-16T18:39:24.282382,172.20.10.5,22,0
2026-01-16T18:39:24.282382,172.20.10.5,23,0
2026-01-16T18:39:24.282382,172.20.10.5,0,0
2026-01-16T18:39:24.282382,172.20.10.5,1,0
2026-01-16T18:39:24.282382,172.20.10.5,2,0
2026-01-16T18:39:24.282382,172.20.10.5,3,0
2026-01-16T18:39:24.282382,172.20.10.5,4,0
2026-01-16T18:39:24.282382,172.20.10.5,5,0
2026-01-16T18:39:24.282382,172.20.10.5,6,0
2026-01-16T18:39:24.282382,172.20.10.5,7,0
2026-01-16T18:39:24.282382,172.20.10.5,8,0.0361502
2026-01-16T18:39:24.282382,172.20.10.5,9,0
2026-01-16T18:39:24.282382,172.20.10.5,10,0
2026-01-16T18:39:24.282382,172.20.10.5,11,0
2026-01-16T18:39:24.282382,172.20.10.5,12,0
2026-01-16T18:39:24.282382,172.20.10.5,13,0
2026-01-16T18:39:24.282382,172.20.10.5,14,0
2026-01-16T18:39:24.282382,172.20.10.5,15,0
2026-01-16T18:39:24.282382,172.20.10.5,16,0
2026-01-16T18:39:24.282382,172.20.10.5,17,0
2026-01-16T18:39:24.282382,172.20.10.5,18,0
2026-01-16T18:39:24.282382,172.20.10.5,19,0
2026-01-16T18:39:24.282382,172.20.10.5,20,0
2026-01-16T18:39:24.282382,172.20.10.5,21,0
2026-01-16T18:39:24.282382,172.20.10.5,22,0
2026-01-16T18:39:24.282382,172.20.10.5,23,0
2026-01-16T18:39:24.282382,172.20.10.5,0,0
2026-01-16T18:39:24.282382,172.20.10.5,1,0
2026-01-16T18:39:24.282382,172.20.10.5,2,0
2026-01-16T18:39:24.282382,172.20.10.5,3,0
2026-01-16T18:39:24.282382,172.20.10.5,4,0
2026-01-16T18:39:24.282382,172.20.10.5,5,0
2026-01-16T18:39:24.282382,172.20.10.5,6,0
2026-01-16T18:39:24.282382,172.20.10.5,7,0
2026-01-16T18:39:24.282382,172.20.10.5,8,0.0361502
2026-01-16T18:39:24.282382,172.20.10.5,9,0
2026-01-16T18:39:24.282382,172.20.10.5,10,0
2026-01-16T18:39:24.282382,172.20.10.5,11,0
2026-01-16T18:39:24.282382,172.20.10.5,12,0
2026-01-16T18:39:24.282382,172.20.10.5,13,0
2026-01-16T18:39:24.282382,172.20.10.5,14,0
2026-01-16T18:39:24.282382,172.20.10.5,15,0
2026-01-16T18:39:24.282382,172.20.10.5,16,0
2026-01-16T18:39:24.282382,172.20.10.5,17,0
2026-01-16T18:39:24.282382,172.20.10.5,18,0
2026-01-16T18:39:24.282382,172.20.10.5,19,0
2026-01-16T18:39:24.282382,172.20.10.5,20,0
2026-01-16T18:39:24.282382,172.20.10.5,21,0
2026-01-16T18:39:24.282382,172.20.10.5,22,0
2026-01-16T18:39:24.282382,172.20.10.5,23,0
2026-01-16T18:39:24.282382,172.20.10.5,0,0
2026-01-16T18:39:24.282382,172.20.10.5,1,0
2026-01-16T18:39:24.282382,172.20.10.5,2,0
2026-01-16T18:39:24.282382,172.20.10.5,3,0
2026-01-16T18:39:24.282382,172.20.10.5,4,0
2026-01-16T18:39:24.282382,172.20.10.5,5,0
2026-01-16T18:39:24.282382,172.20.10.5,6,0
2026-01-16T18:39:24.282382,172.20.10.5,7,0
2026-01-16T18:39:24.282382,172.20.10.5,8,0.0361502
2026-01-16T18:39:24.282382,172.20.10.5,9,0
2026-01-16T18:39:24.282382,172.20.10.5,10,0
2026-01-16T18:39:24.282382,172.20.10.5,11,0
2026-01-16T18:39:24.282382,172.20.10.5,12,0
2026-01-16T18:39:24.282382,172.20.10.5,13,0
2026-01-16T18:39:24.282382,172.20.10.5,14,0
2026-01-16T18:39:24.282382,172.20.10.5,15,0
2026-01-16T18:39:24.282382,172.20.10.5,16,0
2026-01-16T18:39:24.282382,172.20.10.5,17,0
2026-01-16T18:39:24.282382,172.20.10.5,18,0
2026-01-16T18:39:24.282382,172.20.10.5,19,0
2026-01-16T18:39:24.282382,172.20.10.5,20,0
2026-01-16T18:39:24.282382,172.20.10.5,21,0
2026-01-16T18:39:24.282382,172.20.10.5,22,0
2026-01-16T18:39:24.282382,172.20.10.5,23,0
2026-01-16T18:39:24.282382,172.20.10.5,0,0
2026-01-16T18:39:24.282382,172.20.10.5,1,0
2026-01-16T18:39:24.282382,172.20.10.5,2,0
2026-01-16T18:39:24.282382,172.20.10.5,3,0
2026-01-16T18:39:24.282382,172.20.10.5,4,0
2026-01-16T18:39:24.282382,172.20.10.5,5,0
2026-01-16T18:39:24.282382,172.20.10.5,6,0
2026-01-16T18:39:24.282382,172.20.10.5,7,0
2026-01-16T18:39:24.282382,172.20.10.5,8,0.0361502
2026-01-16T18:39:24.282382,172.20.10.5,9,0
2026-01-16T18:39:24.282382,172.20.10.5,10,0
2026-01-16T18:39:24.282382,172.20.10.5,11,0
2026-01-16T18:39:24.282382,172.20.10.5,12,0
2026-01-16T18:39:24.282382,172.20.10.5,13,0
2026-01-16T18:39:24.282382,172.20.10.5,14,0
2026-01-16T18:39:24.282382,172.20.10.5,15,0
2026-01-16T18:39:24.282382,172.20.10.5,16,0
2026-01-16T18:39:24.282382,172.20.10.5,17,0
2026-01-16T18:39:24.282382,172.20.10.5,18,0
2026-01-16T18:39:24.282382,172.20.10.5,19,0
2026-01-16T18:39:24.282382,172.20.10.5,20,0
2026-01-16T18:39:24.282382,172.20.10.5,21,0
2026-01-16T18:39:24.282382,172.20.10.5,22,0
2026-01-16T18:39:24.282382,172.20.10.5,23,0
2026-01-16T18:39:24.282382,172.20.10.5,0,0
2026-01-16T18:39:24.282382,172.20.10.5,1,0
2026-01-16T18:39:24.282382,172.20.10.5,2,0
2026-01-16T18:39:24.282382,172.20.10.5,3,0
2026-01-16T18:39:24.282382,172.20.10.5,4,0
2026-01-16T18:39:24.282382,172.20.10.5,5,0
2026-01-16T18:39:24.282382,172.20.10.5,6,0
2026-01-16T18:39:24.282382,172.20.10.5,7,0
2026-01-16T18:39:24.282382,172.20.10.5,8,0.0361502
2026-01-16T18:39:24.282382,172.20.10.5,9,0
2026-01-16T18:39:24.282382,172.20.10.5,10,0
2026-01-16T18:39:24.282382,172.20.10.5,11,0
2026-01-16T18:39:24.282382,172.20.10.5,12,0
2026-01-16T18:39:24.282382,172.20.10.5,13,0
2026-01-16T18:39:24.282382,172.20.10.5,14,0
2026-01-16T18:39:24.282382,172.20.10.5,15,0
2026-01-16T18:39:24.282382,172.20.10.5,16,0
2026-01-16T18:39:24.282382,172.20.10.5,17,0
2026-01-16T18:39:24.282382,172.20.10.5,18,0
2026-01-16T18:39:24.282382,172.20.10.5,19,0
2026-01-16T18:39:24.282382,172.20.10.5,20,0
2026-01-16T18:39:24.282382,172.20.10.5,21,0
2026-01-16T18:39:24.282382,172.20.10.5,22,0
2026-01-16T18:39:24.282382,172.20.10.5,23,0
2026-01-16T18:39:24.282382,172.20.10.5,0,0
2026-01-16T18:39:24.282382,172.20.10.5,1,0
2026-01-16T18:39:24.282382,172.20.10.5,2,0
2026-01-16T18:39:24.282382,172.20.10.5,3,0
2026-01-16T18:39:24.282382,172.20.10.5,4,0
2026-01-16T18:39:24.282382,172.20.10.5,5,0
2026-01-16T18:39:24.282382,172.20.10.5,6,0
2026-01-16T18:39:24.282382,172.20.10.5,7,0
2026-01-16T18:39:24.282382,172.20.10.5,8,0.0361502
2026-01-16T18:39:24.282382,172.20.10.5,9,0
2026-01-16T18:39:24.282382,172.20.10.5,10,0
2026-01-16T18:39:24.282382,172.20.10.5,11,0
2026-01-16T18:39:24.282382,172.20.10.5,12,0
2026-01-16T18:39:24.282382,172.20.10.5,13,0
2026-01-16T18:39:24.282382,172.20.10.5,14,0
2026-01-16T18:39:24.282382,172.20.10.5,15,0
2026-01-16T18:39:24.282382,172.20.10.5,16,0
2026-01-16T18:39:24.282382,172.20.10.5,17,0
2026-01-16T18:39:24.282382,172.20.10.5,18,0
2026-01-16T18:39:24.282382,172.20.10.5,19,0
2026-01-16T18:39:24.282382,172.20.10.5,20,0
2026-01-16T18:39:24.282382,172.20.10.5,21,0
2026-01-16T18:39:24.282382,172.20.10.5,22,0
2026-01-16T18:39:24.282382,172.20.10.5,23,0
2026-01-16T18:39:24.282382,172.20.10.5,0,0
2026-01-16T18:39:24.282382,172.20.10.5,1,0
2026-01-16T18:39:24.282382,172.20.10.5,2,0
2026-01-16T18:39:24.282382,172.20.10.5,3,0
2026-01-16T18:39:24.282382,172.20.10.5,4,0
2026-01-16T18:39:24.282382,172.20.10.5,5,0
2026-01-16T18:39:24.282382,172.20.10.5,6,0
2026-01-16T18:39:24.282382,172.20.10.5,7,0
2026-01-16T18:39:24.282382,172.20.10.5,8,0.0361502
2026-01-16T18:39:24.282382,172.20.10.5,9,0
2026-01-16T18:39:24.282382,172.20.10.5,10,0
2026-01-16T18:39:24.282382,172.20.10.5,11,0
2026-01-16T18:39:24.282382,172.20.10.5,12,0
2026-01-16T18:39:24.282382,172.20.10.5,13,0
2026-01-16T18:39:24.282382,172.20.10.5,14,0
2026-01-16T18:39:24.282382,172.20.10.5,15,0
2026-01-16T18:39:24.282382,172.20.10.5,16,0
2026-01-16T18:39:24.282382,172.20.10.5,17,0
2026-01-16T18:39:24.282382,172.20.10.5,18,0
2026-01-16T18:39:24.282382,172.20.10.5,19,0
2026-01-16T18:39:24.282382,172.20.10.5,20,0
2026-01-16T18:39:24.282382,172.20.10.5,21,0
2026-01-16T18:39:24.282382,172.20.10.5,22,0
2026-01-16T18:39:24.282382,172.20.10.5,23,0
2026-01-16T18:39:24.282382,172.20.10.5,0,0
2026-01-16T18:39:24.282382,172.20.10.5,1,0
2026-01-16T18:39:24.282382,172.20.10.5,2,0
2026-01-16T18:39:24.282382,172.20.10.5,3,0
2026-01-16T18:39:24.282382,172.20.10.5,4,0
2026-01-16T18:39:24.282382,172.20.10.5,5,0
2026-01-16T18:39:24.282382,172.20.10.5,6,0
2026-01-16T18:39:24.282382,172.20.10.5,7,0
2026-01-16T18:39:24.282382,172.20.10.5,8,0.0361502
2026-01-16T18:39:24.282382,172.20.10.5,9,0
2026-01-16T18:39:24.282382,172.20.10.5,10,0
2026-01-16T18:39:24.282382,172.20.10.5,11,0
2026-01-16T18:39:24.282382,172.20.10.5,12,0
2026-01-16T18:39:24.282382,172.20.10.5,13,0
2026-01-16T18:39:24.282382,172.20.10.5,14,0
2026-01-16T18:39:24.282382,172.20.10.5,15,0
2026-01-16T18:39:24.282382,172.20.10.5,16,0
2026-01-16T18:39:24.282382,172.20.10.5,17,0
2026-01-16T18:39:24.282382,172.20.10.5,18,0
2026-01-16T18:39:24.282382,172.20.10.5,19,0
2026-01-16T18:39:24.282382,172.20.10.5,20,0
2026-01-16T18:39:24.282382,172.20.10.5,21,0
2026-01-16T18:39:24.282382,172.20.10.5,22,0
2026-01-16T18:39:24.282382,172.20.10.5,23,0
2026-01-16T18:39:24.282382,172.20.10.5,0,0
2026-01-16T18:39:24.282382,172.20.10.5,1,0
2026-01-16T18:39:24.282382,172.20.10.5,2,0
2026-01-16T18:39:24.282382,172.20.10.5,3,0
2026-01-16T18:39:24.282382,172.20.10.5,4,0
2026-01-16T18:39:24.282382,172.20.10.5,5,0
2026-01-16T18:39:24.282382,172.20.10.5,6,0
2026-01-16T18:39:24.282382,172.20.10.5,7,0
2026-01-16T18:39:24.282382,172.20.10.5,8,0.0361502
2026-01-16T18:39:24.282382,172.20.10.5,9,0
2026-01-16T18:39:24.282382,172.20.10.5,10,0
2026-01-16T18:39:24.282382,172.20.10.5,11,0
2026-01-16T18:39:24.282382,172.20.10.5,12,0
2026-01-16T18:39:24.282382,172.20.10.5,13,0
2026-01-16T18:39:24.282382,172.20.10.5,14,0
2026-01-16T18:39:24.282382,172.20.10.5,15,0
2026-01-16T18:39:24.282382,172.20.10.5,16,0
2026-01-16T18:39:24.282382,172.20.10.5,17,0
2026-01-16T18:39:24.282382,172.20.10.5,18,0
2026-01-16T18:39:24.282382,172.20.10.5,19,0
2026-01-16T18:39:24.282382,172.20.10.5,20,0
2026-01-16T18:39:24.282382,172.20.10.5,21,0
2026-01-16T18:39:24.282382,172.20.10.5,22,0
2026-01-16T18:39:24.282382,172.20.10.5,23,0
2026-01-16T18:39:24.282382,172.20.10.5,0,0
2026-01-16T18:39:24.282382,172.20.10.5,1,0
2026-01-16T18:39:24.282382,172.20.10.5,2,0
2026-01-16T18:39:24.282382,172.20.10.5,3,0
2026-01-16T18:39:24.282382,172.20.10.5,4,0
2026-01-16T18:39:24.282382,172.20.10.5,5,0
2026-01-16T18:39:24.282382,172.20.10.5,6,0
2026-01-16T18:39:24.282382,172.20.10.5,7,0
2026-01-16T18:39:24.282382,172.20.10.5,8,0.0361502
2026-01-16T18:39:24.282382,172.20.10.5,9,0
2026-01-16T18:39:24.282382,172.20.10.5,10,0
2026-01-16T18:39:24.282382,172.20.10.5,11,0
2026-01-16T18:39:24.282382,172.20.10.5,12,0
2026-01-16T18:39:24.282382,172.20.10.5,13,0
2026-01-16T18:39:24.282382,172.20.10.5,14,0
2026-01-16T18:39:24.282382,172.20.10.5,15,0
2026-01-16T18:39:24.282382,172.20.10.5,16,0
2026-01-16T18:39:24.282382,172.20.10.5,17,0
2026-01-16T18:39:24.282382,172.20.10.5,18,0
2026-01-16T18:39:24.282382,172.20.10.5,19,0
2026-01-16T18:39:24.282382,172.20.10.5,20,0
2026-01-16T18:39:24.282382,172.20.10.5,21,0
2026-01-16T18:39:24.282382,172.20.10.5,22,0
2026-01-16T18:39:24.282382,172.20.10.5,23,0
2026-01-16T18:39:24.282382,172.20.10.5,0,0
2026-01-16T18:39:24.282382,172.20.10.5,1,0
2026-01-16T18:39:24.282382,172.20.10.5,2,0
2026-01-16T18:39:24.282382,172.20.10.5,3,0
2026-01-16T18:39:24.282382,172.20.10.5,4,0
2026-01-16T18:39:24.282382,172.20.10.5,5,0
2026-01-16T18:39:24.282382,172.20.10.5,6,0
2026-01-16T18:39:24.282382,172.20.10.5,7,0
2026-01-16T18:39:24.282382,172.20.10.5,8,0.0361502
2026-01-16T18:39:24.282382,172.20.10.5,9,0
2026-01-16T18:39:24.282382,172.20.10.5,10,0
2026-01-16T18:39:24.282382,172.20.10.5,11,0
2026-01-16T18:39:24.282382,172.20.10.5,12,0
2026-01-16T18:39:24.282382,172.20.10.5,13,0
2026-01-16T18:39:24.282382,172.20.10.5,14,0
2026-01-16T18:39:24.282382,172.20.10.5,15,0
2026-01-16T18:39:24.282382,172.20.10.5,16,0
2026-01-16T18:39:24.282382,172.20.10.5,17,0
2026-01-16T18:39:24.282382,172.20.10.5,18,0
2026-01-16T18:39:24.282382,172.20.10.5,19,0
2026-01-16T18:39:24.282382,172.20.10.5,20,0
2026-01-16T18:39:24.282382,172.20.10.5,21,0
2026-01-16T18:39:24.282382,172.20.10.5,22,0
2026-01-16T18:39:24.282382,172.20.10.5,23,0
2026-01-16T18:39:24.282382,172.20.10.5,0,0
2026-01-16T18:39:24.282382,172.20.10.5,1,0
2026-01-16T18:39:24.282382,172.20.10.5,2,0
2026-01-16T18:39:24.282382,172.20.10.5,3,0
2026-01-16T18:39:24.282382,172.20.10.5,4,0
2026-01-16T18:39:24.282382,172.20.10.5,5,0
2026-01-16T18:39:24.282382,172.20.10.5,6,0
2026-01-16T18:39:24.282382,172.20.10.5,7,0
2026-01-16T18:39:24.282382,172.20.10.5,8,0.0361502
2026-01-16T18:39:24.282382,172.20.10.5,9,0
2026-01-16T18:39:24.282382,172.20.10.5,10,0
2026-01-16T18:39:24.282382,172.20.10.5,11,0
2026-01-16T18:39:24.282382,172.20.10.5,12,0
2026-01-16T18:39:24.282382,172.20.10.5,13,0
2026-01-16T18:39:24.282382,172.20.10.5,14,0
2026-01-16T18:39:24.282382,172.20.10.5,15,0
2026-01-16T18:39:24.282382,172.20.10.5,16,0
2026-01-16T18:39:24.282382,172.20.10.5,17,0
2026-01-16T18:39:24.282382,172.20.10.5,18,0
2026-01-16T18:39:24.282382,172.20.10.5,19,0
2026-01-16T18:39:24.282382,172.20.10.5,20,0
2026-01-16T18:39:24.282382,172.20.10.5,21,0
2026-01-16T18:39:24.282382,172.20.10.5,22,0
2026-01-16T18:39:24.282382,172.20.10.5,23,0
2026-01-16T18:39:24.282382,172.20.10.5,0,0
2026-01-16T18:39:24.282382,172.20.10.5,1,0
2026-01-16T18:39:24.282382,172.20.10.5,2,0
2026-01-16T18:39:24.282382,172.20.10.5,3,0
2026-01-16T18:39:24.282382,172.20.10.5,4,0
2026-01-16T18:39:24.282382,172.20.10.5,5,0
2026-01-16T18:39:24.282382,172.20.10.5,6,0
2026-01-16T18:39:24.282382,172.20.10.5,7,0
2026-01-16T18:39:24.282382,172.20.10.5,8,0.0361502
2026-01-16T18:39:24.282382,172.20.10.5,9,0
2026-01-16T18:39:24.282382,172.20.10.5,10,0
2026-01-16T18:39:24.282382,172.20.10.5,11,0
2026-01-16T18:39:24.282382,172.20.10.5,12,0
2026-01-16T18:39:24.282382,172.20.10.5,13,0
2026-01-16T18:39:24.282382,172.20.10.5,14,0
2026-01-16T18:39:24.282382,172.20.10.5,15,0
2026-01-16T18:39:24.282382,172.20.10.5,16,0
2026-01-16T18:39:24.282382,172.20.10.5,17,0
2026-01-16T18:39:24.282382,172.20.10.5,18,0
2026-01-16T18:39:24.282382,172.20.10.5,19,0
2026-01-16T18:39:24.282382,172.20.10.5,20,0
2026-01-16T18:39:24.282382,172.20.10.5,21,0
2026-01-16T18:39:24.282382,172.20.10.5,22,0
2026-01-16T18:39:24.282382,172.20.10.5,23,0
2026-01-16T18:39:24.282382,172.20.10.5,0,0
2026-01-16T18:39:24.282382,172.20.10.5,1,0
2026-01-16T18:39:24.282382,172.20.10.5,2,0
2026-01-16T18:39:24.282382,172.20.10.5,3,0
2026-01-16T18:39:24.282382,172.20.10.5,4,0
2026-01-16T18:39:24.282382,172.20.10.5,5,0
2026-01-16T18:39:24.282382,172.20.10.5,6,0
2026-01-16T18:39:24.282382,172.20.10.5,7,0
2026-01-16T18:39:24.282382,172.20.10.5,8,0.0361502
2026-01-16T18:39:24.282382,172.20.10.5,9,0
2026-01-16T18:39:24.282382,172.20.10.5,10,0
2026-01-16T18:39:24.282382,172.20.10.5,11,0
2026-01-16T18:39:24.282382,172.20.10.5,12,0
2026-01-16T18:39:24.282382,172.20.10.5,13,0
2026-01-16T18:39:24.282382,172.20.10.5,14,0
2026-01-16T18:39:24.282382,172.20.10.5,15,0
2026-01-16T18:39:24.282382,172.20.10.5,16,0
2026-01-16T18:39:24.282382,172.20.10.5,17,0
2026-01-16T18:39:24.282382,172.20.10.5,18,0
2026-01-16T18:39:24.282382,172.20.10.5,19,0
2026-01-16T18:39:24.282382,172.20.10.5,20,0
2026-01-16T18:39:24.282382,172.20.10.5,21,0
2026-01-16T18:39:24.282382,172.20.10.5,22,0
2026-01-16T18:39:24.282382,172.20.10.5,23,0
2026-01-16T18:39:24.282382,172.20.10.5,0,0
2026-01-16T18:39:24.282382,172.20.10.5,1,0
2026-01-16T18:39:24.282382,172.20.10.5,2,0
2026-01-16T18:39:24.282382,172.20.10.5,3,0
2026-01-16T18:39:24.282382,172.20.10.5,4,0
2026-01-16T18:39:24.282382,172.20.10.5,5,0
2026-01-16T18:39:24.282382,172.20.10.5,6,0
2026-01-16T18:39:24.282382,172.20.10.5,7,0
2026-01-16T18:39:24.282382,172.20.10.5,8,0.0361502
2026-01-16T18:39:24.282382,172.20.10.5,9,0
2026-01-16T18:39:24.282382,172.20.10.5,10,0
2026-01-16T18:39:24.282382,172.20.10.5,11,0
2026-01-16T18:39:24.282382,172.20.10.5,12,0
2026-01-16T18:39:24.282382,172.20.10.5,13,0
2026-01-16T18:39:24.282382,172.20.10.5,14,0
2026-01-16T18:39:24.282382,172.20.10.5,15,0
2026-01-16T18:39:24.282382,172.20.10.5,16,0
2026-01-16T18:39:24.282382,172.20.10.5,17,0
2026-01-16T18:39:24.282382,172.20.10.5,18,0
2026-01-16T18:39:24.282382,172.20.10.5,19,0
2026-01-16T18:39:24.282382,172.20.10.5,20,0
2026-01-16T18:39:24.282382,172.20.10.5,21,0
2026-01-16T18:39:24.282382,172.20.10.5,22,0
2026-01-16T18:39:24.282382,172.20.10.5,23,0
2026-01-16T18:39:24.282382,172.20.10.5,0,0
2026-01-16T18:39:24.282382,172.20.10.5,1,0
2026-01-16T18:39:24.282382,172.20.10.5,2,0
2026-01-16T18:39:24.282382,172.20.10.5,3,0
2026-01-16T18:39:24.282382,172.20.10.5,4,0
2026-01-16T18:39:24.282382,172.20.10.5,5,0
2026-01-16T18:39:24.282382,172.20.10.5,6,0
2026-01-16T18:39:24.282382,172.20.10.5,7,0
2026-01-16T18:39:24.282382,172.20.10.5,8,0.0361502
2026-01-16T18:39:24.282382,172.20.10.5,9,0
2026-01-16T18:39:24.282382,172.20.10.5,10,0
2026-01-16T18:39:24.282382,172.20.10.5,11,0
2026-01-16T18:39:24.282382,172.20.10.5,12,0
2026-01-16T18:39:24.282382,172.20.10.5,13,0
2026-01-16T18:39:24.282382,172.20.10.5,14,0
2026-01-16T18:39:24.282382,172.20.10.5,15,0
2026-01-16T18:39:24.282382,172.20.10.5,16,0
2026-01-16T18:39:24.282382,172.20.10.5,17,0
2026-01-16T18:39:24.282382,172.20.10.5,18,0
2026-01-16T18:39:24.282382,172.20.10.5,19,0
2026-01-16T18:39:24.282382,172.20.10.5,20,0
2026-01-16T18:39:24.282382,172.20.10.5,21,0
2026-01-16T18:39:24.282382,172.20.10.5,22,0
2026-01-16T18:39:24.282382,172.20.10.5,23,0
2026-01-16T18:39:24.282382,172.20.10.5,0,0
2026-01-16T18:39:24.282382,172.20.10.5,1,0
2026-01-16T18:39:24.282382,172.20.10.5,2,0
2026-01-16T18:39:24.282382,172.20.10.5,3,0
2026-01-16T18:39:24.282382,172.20.10.5,4,0
2026-01-16T18:39:24.282382,172.20.10.5,5,0
2026-01-16T18:39:24.282382,172.20.10.5,6,0
2026-01-16T18:39:24.282382,172.20.10.5,7,0
2026-01-16T18:39:24.282382,172.20.10.5,8,0.0361502
2026-01-16T18:39:24.282382,172.20.10.5,9,0
2026-01-16T18:39:24.282382,172.20.10.5,10,0
2026-01-16T18:39:24.282382,172.20.10.5,11,0
2026-01-16T18:39:24.282382,172.20.10.5,12,0
2026-01-16T18:39:24.282382,172.20.10.5,13,0
2026-01-16T18:39:24.282382,172.20.10.5,14,0
2026-01-16T18:39:24.282382,172.20.10.5,15,0
2026-01-16T18:39:24.282382,172.20.10.5,16,0
2026-01-16T18:39:24.282382,172.20.10.5,17,0
2026-01-16T18:39:24.282382,172.20.10.5,18,0
2026-01-16T18:39:24.282382,172.20.10.5,19,0
2026-01-16T18:39:24.282382,172.20.10.5,20,0
2026-01-16T18:39:24.282382,172.20.10.5,21,0
2026-01-16T18:39:24.282382,172.20.10.5,22,0
2026-01-16T18:39:24.282382,172.20.10.5,23,0
2026-01-16T18:39:24.282382,172.20.10.5,0,0
2026-01-16T18:39:24.282382,172.20.10.5,1,0
2026-01-16T18:39:24.282382,172.20.10.5,2,0
2026-01-16T18:39:24.282382,172.20.10.5,3,0
2026-01-16T18:39:24.282382,172.20.10.5,4,0
2026-01-16T18:39:24.282382,172.20.10.5,5,0
2026-01-16T18:39:24.282382,172.20.10.5,6,0
2026-01-16T18:39:24.282382,172.20.10.5,7,0
2026-01-16T18:39:24.282382,172.20.10.5,8,0.0361502
2026-01-16T18:39:24.282382,172.20.10.5,9,0
2026-01-16T18:39:24.282382,172.20.10.5,10,0
2026-01-16T18:39:24.282382,172.20.10.5,11,0
2026-01-16T18:39:24.282382,172.20.10.5,12,0
2026-01-16T18:39:24.282382,172.20.10.5,13,0
2026-01-16T18:39:24.282382,172.20.10.5,14,0
2026-01-16T18:39:24.282382,172.20.10.5,15,0
2026-01-16T18:39:24.282382,172.20.10.5,16,0
2026-01-16T18:39:24.282382,172.20.10.5,17,0
2026-01-16T18:39:24.282382,172.20.10.5,18,0
2026-01-16T18:39:24.282382,172.20.10.5,19,0
2026-01-16T18:39:24.282382,172.20.10.5,20,0
2026-01-16T18:39:24.282382,172.20.10.5,21,0
2026-01-16T18:39:24.282382,172.20.10.5,22,0
2026-01-16T18:39:24.282382,172.20.10.5,23,0
2026-01-16T18:39:24.282382,172.20.10.5,0,0
2026-01-16T18:39:24.282382,172.20.10.5,1,0
2026-01-16T18:39:24.282382,172.20.10.5,2,0
2026-01-16T18:39:24.282382,172.20.10.5,3,0
2026-01-16T18:39:24.282382,172.20.10.5,4,0
2026-01-16T18:39:24.282382,172.20.10.5,5,0
2026-01-16T18:39:24.282382,172.20.10.5,6,0
2026-01-16T18:39:24.282382,172.20.10.5,7,0
2026-01-16T18:39:24.282382,172.20.10.5,8,0.0361502
2026-01-16T18:39:24.282382,172.20.10.5,9,0
2026-01-16T18:39:24.282382,172.20.10.5,10,0
2026-01-16T18:39:24.282382,172.20.10.5,11,0
2026-01-16T18:39:24.282382,172.20.10.5,12,0
2026-01-16T18:39:24.282382,172.20.10.5,13,0
2026-01-16T18:39:24.282382,172.20.10.5,14,0
2026-01-16T18:39:24.282382,172.20.10.5,15,0
2026-01-16T18:39:24.282382,172.20.10.5,16,0
2026-01-16T18:39:24.282382,172.20.10.5,17,0
2026-01-16T18:39:24.282382,172.20.10.5,18,0
2026-01-16T18:39:24.282382,172.20.10.5,19,0
2026-01-16T18:39:24.282382,172.20.10.5,20,0
2026-01-16T18:39:24.282382,172.20.10.5,21,0
2026-01-16T18:39:24.282382,172.20.10.5,22,0
2026-01-16T18:39:24.282382,172.20.10.5,23,0
2026-01-16T18:39:24.282382,172.20.10.5,0,0
2026-01-16T18:39:24.282382,172.20.10.5,1,0
2026-01-16T18:39:24.282382,172.20.10.5,2,0
2026-01-16T18:39:24.282382,172.20.10.5,3,0
2026-01-16T18:39:24.282382,172.20.10.5,4,0
2026-01-16T18:39:24.282382,172.20.10.5,5,0
2026-01-16T18:39:24.282382,172.20.10.5,6,0
2026-01-16T18:39:24.282382,172.20.10.5,7,0
2026-01-16T18:39:24.282382,172.20.10.5,8,0.0361502
2026-01-16T18:39:24.282382,172.20.10.5,9,0
2026-01-16T18:39:24.282382,172.20.10.5,10,0
2026-01-16T18:39:24.282382,172.20.10.5,11,0
2026-01-16T18:39:24.282382,172.20.10.5,12,0
2026-01-16T18:39:24.282382,172.20.10.5,13,0
2026-01-16T18:39:24.282382,172.20.10.5,14,0
2026-01-16T18:39:24.282382,172.20.10.5,15,0
2026-01-16T18:39:24.282382,172.20.10.5,16,0
2026-01-16T18:39:24.282382,172.20.10.5,17,0
2026-01-16T18:39:24.282382,172.20.10.5,18,0
2026-01-16T18:39:24.282382,172.20.10.5,19,0
2026-01-16T18:39:24.282382,172.20.10.5,20,0
2026-01-16T18:39:24.282382,172.20.10.5,21,0
2026-01-16T18:39:24.282382,172.20.10.5,22,0
2026-01-16T18:39:24.282382,172.20.10.5,23,0
2026-01-16T18:39:24.282382,172.20.10.5,0,0
2026-01-16T18:39:24.282382,172.20.10.5,1,0
2026-01-16T18:39:24.282382,172.20.10.5,2,0
2026-01-16T18:39:24.282382,172.20.10.5,3,0
2026-01-16T18:39:24.282382,172.20.10.5,4,0
2026-01-16T18:39:24.282382,172.20.10.5,5,0
2026-01-16T18:39:24.282382,172.20.10.5,6,0
2026-01-16T18:39:24.282382,172.20.10.5,7,0
2026-01-16T18:39:24.282382,172.20.10.5,8,0.0361502
2026-01-16T18:39:24.282382,172.20.10.5,9,0
2026-01-16T18:39:24.282382,172.20.10.5,10,0
2026-01-16T18:39:24.282382,172.20.10.5,11,0
2026-01-16T18:39:24.282382,172.20.10.5,12,0
2026-01-16T18:39:24.282382,172.20.10.5,13,0
2026-01-16T18:39:24.282382,172.20.10.5,14,0
2026-01-16T18:39:24.282382,172.20.10.5,15,0
2026-01-16T18:39:24.282382,172.20.10.5,16,0
2026-01-16T18:39:24.282382,172.20.10.5,17,0
2026-01-16T18:39:24.282382,172.20.10.5,18,0
2026-01-16T18:39:24.282382,172.20.10.5,19,0
2026-01-16T18:39:24.282382,172.20.10.5,20,0
2026-01-16T18:39:24.282382,172.20.10.5,21,0
2026-01-16T18:39:24.282382,172.20.10.5,22,0
2026-01-16T18:39:24.282382,172.20.10.5,23,0
2026-01-16T18:39:24.282382,172.20.10.5,0,0
2026-01-16T18:39:24.282382,172.20.10.5,1,0
2026-01-16T18:39:24.282382,172.20.10.5,2,0
2026-01-16T18:39:24.282382,172.20.10.5,3,0
2026-01-16T18:39:24.282382,172.20.10.5,4,0
2026-01-16T18:39:24.282382,172.20.10.5,5,0
2026-01-16T18:39:24.282382,172.20.10.5,6,0
2026-01-16T18:39:24.282382,172.20.10.5,7,0
2026-01-16T18:39:24.282382,172.20.10.5,8,0.0361502
2026-01-16T18:39:24.282382,172.20.10.5,9,0
2026-01-16T18:39:24.282382,172.20.10.5,10,0
2026-01-16T18:39:24.282382,172.20.10.5,11,0
2026-01-16T18:39:24.282382,172.20.10.5,12,0
2026-01-16T18:39:24.282382,172.20.10.5,13,0
2026-01-16T18:39:24.282382,172.20.10.5,14,0
2026-01-16T18:39:24.282382,172.20.10.5,15,0
2026-01-16T18:39:24.282382,172.20.10.5,16,0
2026-01-16T18:39:24.282382,172.20.10.5,17,0
2026-01-16T18:39:24.282382,172.20.10.5,18,0
2026-01-16T18:39:24.282382,172.20.10.5,19,0
2026-01-16T18:39:24.282382,172.20.10.5,20,0
2026-01-16T18:39:24.282382,172.20.10.5,21,0
2026-01-16T18:39:24.282382,172.20.10.5,22,0
2026-01-16T18:39:24.282382,172.20.10.5,23,0
2026-01-16T18:39:24.282382,172.20.10.5,0,0
2026-01-16T18:39:24.282382,172.20.10.5,1,0
2026-01-16T18:39:24.282382,172.20.10.5,2,0
2026-01-16T18:39:24.282382,172.20.10.5,3,0
2026-01-16T18:39:24.282382,172.20.10.5,4,0
2026-01-16T18:39:24.282382,172.20.10.5,5,0
2026-01-16T18:39:24.282382,172.20.10.5,6,0
2026-01-16T18:39:24.282382,172.20.10.5,7,0
2026-01-16T18:39:24.282382,172.20.10.5,8,0.0361502
2026-01-16T18:39:24.282382,172.20.10.5,9,0
2026-01-16T18:39:24.282382,172.20.10.5,10,0
2026-01-16T18:39:24.282382,172.20.10.5,11,0
2026-01-16T18:39:24.282382,172.20.10.5,12,0
2026-01-16T18:39:24.282382,172.20.10.5,13,0
2026-01-16T18:39:24.282382,172.20.10.5,14,0
2026-01-16T18:39:24.282382,172.20.10.5,15,0
2026-01-16T18:39:24.282382,172.20.10.5,16,0
2026-01-16T18:39:24.282382,172.20.10.5,17,0
2026-01-16T18:39:24.282382,172.20.10.5,18,0
2026-01-16T18:39:24.282382,172.20.10.5,19,0
2026-01-16T18:39:24.282382,172.20.10.5,20,0
2026-01-16T18:39:24.282382,172.20.10.5,21,0
2026-01-16T18:39:24.282382,172.20.10.5,22,0
2026-01-16T18:39:24.282382,172.20.10.5,23,0
2026-01-16T18:39:24.282382,172.20.10.5,0,0
2026-01-16T18:39:24.282382,172.20.10.5,1,0
2026-01-16T18:39:24.282382,172.20.10.5,2,0
2026-01-16T18:39:24.282382,172.20.10.5,3,0
2026-01-16T18:39:24.282382,172.20.10.5,4,0
2026-01-16T18:39:24.282382,172.20.10.5,5,0
2026-01-16T18:39:24.282382,172.20.10.5,6,0
2026-01-16T18:39:24.282382,172.20.10.5,7,0
2026-01-16T18:39:24.282382,172.20.10.5,8,0.0361502
2026-01-16T18:39:24.282382,172.20.10.5,9,0
2026-01-16T18:39:24.282382,172.20.10.5,10,0
2026-01-16T18:39:24.282382,172.20.10.5,11,0
2026-01-16T18:39:24.282382,172.20.10.5,12,0
2026-01-16T18:39:24.282382,172.20.10.5,13,0
2026-01-16T18:39:24.282382,172.20.10.5,14,0
2026-01-16T18:39:24.282382,172.20.10.5,15,0
2026-01-16T18:39:24.282382,172.20.10.5,16,0
2026-01-16T18:39:24.282382,172.20.10.5,17,0
2026-01-16T18:39:24.282382,172.20.10.5,18,0
2026-01-16T18:39:24.282382,172.20.10.5,19,0
2026-01-16T18:39:24.282382,172.20.10.5,20,0
2026-01-16T18:39:24.282382,172.20.10.5,21,0
2026-01-16T18:39:24.282382,172.20.10.5,22,0
2026-01-16T18:39:24.282382,172.20.10.5,23,0
2026-01-16T18:39:24.282382,172.20.10.5,0,0
2026-01-16T18:39:24.282382,172.20.10.5,1,0
2026-01-16T18:39:24.282382,172.20.10.5,2,0
2026-01-16T18:39:24.282382,172.20.10.5,3,0
2026-01-16T18:39:24.282382,172.20.10.5,4,0
2026-01-16T18:39:24.282382,172.20.10.5,5,0
2026-01-16T18:39:24.282382,172.20.10.5,6,0
2026-01-16T18:39:24.282382,172.20.10.5,7,0
2026-01-16T18:39:24.282382,172.20.10.5,8,0.0361502
2026-01-16T18:39:24.282382,172.20.10.5,9,0
2026-01-16T18:39:24.282382,172.20.10.5,10,0
2026-01-16T18:39:24.282382,172.20.10.5,11,0
2026-01-16T18:39:24.282382,172.20.10.5,12,0
2026-01-16T18:39:24.282382,172.20.10.5,13,0
2026-01-16T18:39:24.282382,172.20.10.5,14,0
2026-01-16T18:39:24.282382,172.20.10.5,15,0
2026-01-16T18:39:24.282382,172.20.10.5,16,0
2026-01-16T18:39:24.282382,172.20.10.5,17,0
2026-01-16T18:39:24.282382,172.20.10.5,18,0
2026-01-16T18:39:24.282382,172.20.10.5,19,0
2026-01-16T18:39:24.282382,172.20.10.5,20,0
2026-01-16T18:39:24.282382,172.20.10.5,21,0
2026-01-16T18:39:24.282382,172.20.10.5,22,0
2026-01-16T18:39:24.282382,172.20.10.5,23,0
2026-01-16T18:39:24.282382,172.20.10.5,0,0
2026-01-16T18:39:24.282382,172.20.10.5,1,0
2026-01-16T18:39:24.282382,172.20.10.5,2,0
2026-01-16T18:39:24.282382,172.20.10.5,3,0
2026-01-16T18:39:24.282382,172.20.10.5,4,0
2026-01-16T18:39:24.282382,172.20.10.5,5,0
2026-01-16T18:39:24.282382,172.20.10.5,6,0
2026-01-16T18:39:24.282382,172.20.10.5,7,0
2026-01-16T18:39:24.282382,172.20.10.5,8,0.0361502
2026-01-16T18:39:24.282382,172.20.10.5,9,0
2026-01-16T18:39:24.282382,172.20.10.5,10,0
2026-01-16T18:39:24.282382,172.20.10.5,11,0
2026-01-16T18:39:24.282382,172.20.10.5,12,0
2026-01-16T18:39:24.282382,172.20.10.5,13,0
2026-01-16T18:39:24.282382,172.20.10.5,14,0
2026-01-16T18:39:24.282382,172.20.10.5,15,0
2026-01-16T18:39:24.282382,172.20.10.5,16,0
2026-01-16T18:39:24.282382,172.20.10.5,17,0
2026-01-16T18:39:24.282382,172.20.10.5,18,0
2026-01-16T18:39:24.282382,172.20.10.5,19,0
2026-01-16T18:39:24.282382,172.20.10.5,20,0
2026-01-16T18:39:24.282382,172.20.10.5,21,0
2026-01-16T18:39:24.282382,172.20.10.5,22,0
2026-01-16T18:39:24.282382,172.20.10.5,23,0
2026-01-16T18:39:24.282382,172.20.10.5,0,0
2026-01-16T18:39:24.282382,172.20.10.5,1,0
2026-01-16T18:39:24.282382,172.20.10.5,2,0
2026-01-16T18:39:24.282382,172.20.10.5,3,0
2026-01-16T18:39:24.282382,172.20.10.5,4,0
2026-01-16T18:39:24.282382,172.20.10.5,5,0
2026-01-16T18:39:24.282382,172.20.10.5,6,0
2026-01-16T18:39:24.282382,172.20.10.5,7,0
2026-01-16T18:39:24.282382,172.20.10.5,8,0.0361502
2026-01-16T18:39:24.282382,172.20.10.5,9,0
2026-01-16T18:39:24.282382,172.20.10.5,10,0
2026-01-16T18:39:24.282382,172.20.10.5,11,0
2026-01-16T18:39:24.282382,172.20.10.5,12,0
2026-01-16T18:39:24.282382,172.20.10.5,13,0
2026-01-16T18:39:24.282382,172.20.10.5,14,0
2026-01-16T18:39:24.282382,172.20.10.5,15,0
2026-01-16T18:39:24.282382,172.20.10.5,16,0
2026-01-16T18:39:24.282382,172.20.10.5,17,0
2026-01-16T18:39:24.282382,172.20.10.5,18,0
2026-01-16T18:39:24.282382,172.20.10.5,19,0
2026-01-16T18:39:24.282382,172.20.10.5,20,0
2026-01-16T18:39:24.282382,172.20.10.5,21,0
2026-01-16T18:39:24.282382,172.20.10.5,22,0
2026-01-16T18:39:24.282382,172.20.10.5,23,0
2026-01-16T18:39:24.282382,172.20.10.5,0,0
2026-01-16T18:39:24.282382,172.20.10.5,1,0
2026-01-16T18:39:24.282382,172.20.10.5,2,0
2026-01-16T18:39:24.282382,172.20.10.5,3,0
2026-01-16T18:39:24.282382,172.20.10.5,4,0
2026-01-16T18:39:24.282382,172.20.10.5,5,0
2026-01-16T18:39:24.282382,172.20.10.5,6,0
2026-01-16T18:39:24.282382,172.20.10.5,7,0
2026-01-16T18:39:24.282382,172.20.10.5,8,0.0361502
2026-01-16T18:39:24.282382,172.20.10.5,9,0
2026-01-16T18:39:24.282382,172.20.10.5,10,0
2026-01-16T18:39:24.282382,172.20.10.5,11,0
2026-01-16T18:39:24.282382,172.20.10.5,12,0
2026-01-16T18:39:24.282382,172.20.10.5,13,0
2026-01-16T18:39:24.282382,172.20.10.5,14,0
2026-01-16T18:39:24.282382,172.20.10.5,15,0
2026-01-16T18:39:24.282382,172.20.10.5,16,0
2026-01-16T18:39:24.282382,172.20.10.5,17,0
2026-01-16T18:39:24.282382,172.20.10.5,18,0
2026-01-16T18:39:24.282382,172.20.10.5,19,0
2026-01-16T18:39:24.282382,172.20.10.5,20,0
2026-01-16T18:39:24.282382,172.20.10.5,21,0
2026-01-16T18:39:24.282382,172.20.10.5,22,0
2026-01-16T18:39:24.282382,172.20.10.5,23,0
2026-01-16T18:39:24.282382,172.20.10.5,0,0
2026-01-16T18:39:24.282382,172.20.10.5,1,0
2026-01-16T18:39:24.282382,172.20.10.5,2,0
2026-01-16T18:39:24.282382,172.20.10.5,3,0
2026-01-16T18:39:24.282382,172.20.10.5,4,0
2026-01-16T18:39:24.282382,172.20.10.5,5,0
2026-01-16T18:39:24.282382,172.20.10.5,6,0
2026-01-16T18:39:24.282382,172.20.10.5,7,0
2026-01-16T18:39:24.282382,172.20.10.5,8,0.0361502
2026-01-16T18:39:24.282382,172.20.10.5,9,0
2026-01-16T18:39:24.282382,172.20.10.5,10,0
2026-01-16T18:39:24.282382,172.20.10.5,11,0
2026-01-16T18:39:24.282382,172.20.10.5,12,0
2026-01-16T18:39:24.282382,172.20.10.5,13,0
2026-01-16T18:39:24.282382,172.20.10.5,14,0
2026-01-16T18:39:24.282382,172.20.10.5,15,0
2026-01-16T18:39:24.282382,172.20.10.5,16,0
2026-01-16T18:39:24.282382,172.20.10.5,17,0
2026-01-16T18:39:24.282382,172.20.10.5,18,0
2026-01-16T18:39:24.282382,172.20.10.5,19,0
2026-01-16T18:39:24.282382,172.20.10.5,20,0
2026-01-16T18:39:24.282382,172.20.10.5,21,0
2026-01-16T18:39:24.282382,172.20.10.5,22,0
2026-01-16T18:39:24.282382,172.20.10.5,23,0
2026-01-16T18:39:24.282382,172.20.10.5,0,0
2026-01-16T18:39:24.282382,172.20.10.5,1,0
2026-01-16T18:39:24.282382,172.20.10.5,2,0
2026-01-16T18:39:24.282382,172.20.10.5,3,0
2026-01-16T18:39:24.282382,172.20.10.5,4,0
2026-01-16T18:39:24.282382,172.20.10.5,5,0
2026-01-16T18:39:24.282382,172.20.10.5,6,0
2026-01-16T18:39:24.282382,172.20.10.5,7,0
2026-01-16T18:39:24.282382,172.20.10.5,8,0.0361502
2026-01-16T18:39:24.282382,172.20.10.5,9,0
2026-01-16T18:39:24.282382,172.20.10.5,10,0
2026-01-16T18:39:24.282382,172.20.10.5,11,0
2026-01-16T18:39:24.282382,172.20.10.5,12,0
2026-01-16T18:39:24.282382,172.20.10.5,13,0
2026-01-16T18:39:24.282382,172.20.10.5,14,0
2026-01-16T18:39:24.282382,172.20.10.5,15,0
2026-01-16T18:39:24.282382,172.20.10.5,16,0
2026-01-16T18:39:24.282382,172.20.10.5,17,0
2026-01-16T18:39:24.282382,172.20.10.5,18,0
2026-01-16T18:39:24.282382,172.20.10.5,19,0
2026-01-16T18:39:24.282382,172.20.10.5,20,0
2026-01-16T18:39:24.282382,172.20.10.5,21,0
2026-01-16T18:39:24.282382,172.20.10.5,22,0
2026-01-16T18:39:24.282382,172.20.10.5,23,0
2026-01-16T18:39:24.282382,172.20.10.5,0,0
2026-01-16T18:39:24.282382,172.20.10.5,1,0
2026-01-16T18:39:24.282382,172.20.10.5,2,0
2026-01-16T18:39:24.282382,172.20.10.5,3,0
2026-01-16T18:39:24.282382,172.20.10.5,4,0
2026-01-16T18:39:24.282382,172.20.10.5,5,0
2026-01-16T18:39:24.282382,172.20.10.5,6,0
2026-01-16T18:39:24.282382,172.20.10.5,7,0
2026-01-16T18:39:24.282382,172.20.10.5,8,0.0361502
2026-01-16T18:39:24.282382,172.20.10.5,9,0
2026-01-16T18:39:24.282382,172.20.10.5,10,0
2026-01-16T18:39:24.282382,172.20.10.5,11,0
2026-01-16T18:39:24.282382,172.20.10.5,12,0
2026-01-16T18:39:24.282382,172.20.10.5,13,0
2026-01-16T18:39:24.282382,172.20.10.5,14,0
2026-01-16T18:39:24.282382,172.20.10.5,15,0
2026-01-16T18:39:24.282382,172.20.10.5,16,0
2026-01-16T18:39:24.282382,172.20.10.5,17,0
2026-01-16T18:39:24.282382,172.20.10.5,18,0
2026-01-16T18:39:24.282382,172.20.10.5,19,0
2026-01-16T18:39:24.282382,172.20.10.5,20,0
2026-01-16T18:39:24.282382,172.20.10.5,21,0
2026-01-16T18:39:24.282382,172.20.10.5,22,0
2026-01-16T18:39:24.282382,172.20.10.5,23,0
2026-01-16T18:39:24.282382,172.20.10.5,0,0
2026-01-16T18:39:24.282382,172.20.10.5,1,0
2026-01-16T18:39:24.282382,172.20.10.5,2,0
2026-01-16T18:39:24.282382,172.20.10.5,3,0
2026-01-16T18:39:24.282382,172.20.10.5,4,0
2026-01-16T18:39:24.282382,172.20.10.5,5,0
2026-01-16T18:39:24.282382,172.20.10.5,6,0
2026-01-16T18:39:24.282382,172.20.10.5,7,0
2026-01-16T18:39:24.282382,172.20.10.5,8,0.0361502
2026-01-16T18:39:24.282382,172.20.10.5,9,0
2026-01-16T18:39:24.282382,172.20.10.5,10,0
2026-01-16T18:39:24.282382,172.20.10.5,11,0
2026-01-16T18:39:24.282382,172.20.10.5,12,0
2026-01-16T18:39:24.282382,172.20.10.5,13,0
2026-01-16T18:39:24.282382,172.20.10.5,14,0
2026-01-16T18:39:24.282382,172.20.10.5,15,0
2026-01-16T18:39:24.282382,172.20.10.5,16,0
2026-01-16T18:39:24.282382,172.20.10.5,17,0
2026-01-16T18:39:24.282382,172.20.10.5,18,0
2026-01-16T18:39:24.282382,172.20.10.5,19,0
2026-01-16T18:39:24.282382,172.20.10.5,20,0
2026-01-16T18:39:24.282382,172.20.10.5,21,0
2026-01-16T18:39:24.282382,172.20.10.5,22,0
2026-01-16T18:39:24.282382,172.20.10.5,23,0
2026-01-16T18:39:24.282382,172.20.10.5,0,0
2026-01-16T18:39:24.282382,172.20.10.5,1,0
2026-01-16T18:39:24.282382,172.20.10.5,2,0
2026-01-16T18:39:24.282382,172.20.10.5,3,0
2026-01-16T18:39:24.282382,172.20.10.5,4,0
2026-01-16T18:39:24.282382,172.20.10.5,5,0
2026-01-16T18:39:24.282382,172.20.10.5,6,0
2026-01-16T18:39:24.282382,172.20.10.5,7,0
2026-01-16T18:39:24.282382,172.20.10.5,8,0.0361502
2026-01-16T18:39:24.282382,172.20.10.5,9,0
2026-01-16T18:39:24.282382,172.20.10.5,10,0
2026-01-16T18:39:24.282382,172.20.10.5,11,0
2026-01-16T18:39:24.282382,172.20.10.5,12,0
2026-01-16T18:39:24.282382,172.20.10.5,13,0
2026-01-16T18:39:24.282382,172.20.10.5,14,0
2026-01-16T18:39:24.282382,172.20.10.5,15,0
2026-01-16T18:39:24.282382,172.20.10.5,16,0
2026-01-16T18:39:24.282382,172.20.10.5,17,0
2026-01-16T18:39:24.282382,172.20.10.5,18,0
2026-01-16T18:39:24.282382,172.20.10.5,19,0
2026-01-16T18:39:24.282382,172.20.10.5,20,0
2026-01-16T18:39:24.282382,172.20.10.5,21,0
2026-01-16T18:39:24.282382,172.20.10.5,22,0
2026-01-16T18:39:24.282382,172.20.10.5,23,0
2026-01-16T18:39:24.282382,172.20.10.5,0,0
2026-01-16T18:39:24.282382,172.20.10.5,1,0
2026-01-16T18:39:24.282382,172.20.10.5,2,0
2026-01-16T18:39:24.282382,172.20.10.5,3,0
2026-01-16T18:39:24.282382,172.20.10.5,4,0
2026-01-16T18:39:24.282382,172.20.10.5,5,0
2026-01-16T18:39:24.282382,172.20.10.5,6,0
2026-01-16T18:39:24.282382,172.20.10.5,7,0
2026-01-16T18:39:24.282382,172.20.10.5,8,0.0361502
2026-01-16T18:39:24.282382,172.20.10.5,9,0
2026-01-16T18:39:24.282382,172.20.10.5,10,0
2026-01-16T18:39:24.282382,172.20.10.5,11,0
2026-01-16T18:39:24.282382,172.20.10.5,12,0
2026-01-16T18:39:24.282382,172.20.10.5,13,0
2026-01-16T18:39:24.282382,172.20.10.5,14,0
2026-01-16T18:39:24.282382,172.20.10.5,15,0
2026-01-16T18:39:24.282382,172.20.10.5,16,0
2026-01-16T18:39:24.282382,172.20.10.5,17,0
2026-01-16T18:39:24.282382,172.20.10.5,18,0
2026-01-16T18:39:24.282382,172.20.10.5,19,0
2026-01-16T18:39:24.282382,172.20.10.5,20,0
2026-01-16T18:39:24.282382,172.20.10.5,21,0
2026-01-16T18:39:24.282382,172.20.10.5,22,0
2026-01-16T18:39:24.282382,172.20.10.5,23,0
2026-01-16T18:39:24.282382,172.20.10.5,0,0
2026-01-16T18:39:24.282382,172.20.10.5,1,0
2026-01-16T18:39:24.282382,172.20.10.5,2,0
2026-01-16T18:39:24.282382,172.20.10.5,3,0
2026-01-16T18:39:24.282382,172.20.10.5,4,0
2026-01-16T18:39:24.282382,172.20.10.5,5,0
2026-01-16T18:39:24.282382,172.20.10.5,6,0
2026-01-16T18:39:24.282382,172.20.10.5,7,0
2026-01-16T18:39:24.282382,172.20.10.5,8,0.0361502
2026-01-16T18:39:24.282382,172.20.10.5,9,0
2026-01-16T18:39:24.282382,172.20.10.5,10,0
2026-01-16T18:39:24.282382,172.20.10.5,11,0
2026-01-16T18:39:24.282382,172.20.10.5,12,0
2026-01-16T18:39:24.282382,172.20.10.5,13,0
2026-01-16T18:39:24.282382,172.20.10.5,14,0
2026-01-16T18:39:24.282382,172.20.10.5,15,0
2026-01-16T18:39:24.282382,172.20.10.5,16,0
2026-01-16T18:39:24.282382,172.20.10.5,17,0
2026-01-16T18:39:24.282382,172.20.10.5,18,0
2026-01-16T18:39:24.282382,172.20.10.5,19,0
2026-01-16T18:39:24.282382,172.20.10.5,20,0
2026-01-16T18:39:24.282382,172.20.10.5,21,0
2026-01-16T18:39:24.282382,172.20.10.5,22,0
2026-01-16T18:39:24.282382,172.20.10.5,23,0
2026-01-16T18:39:24.282382,172.20.10.5,0,0
2026-01-16T18:39:24.282382,172.20.10.5,1,0
2026-01-16T18:39:24.282382,172.20.10.5,2,0
2026-01-16T18:39:24.282382,172.20.10.5,3,0
2026-01-16T18:39:24.282382,172.20.10.5,4,0
2026-01-16T18:39:24.282382,172.20.10.5,5,0
2026-01-16T18:39:24.282382,172.20.10.5,6,0
2026-01-16T18:39:24.282382,172.20.10.5,7,0
2026-01-16T18:39:24.282382,172.20.10.5,8,0.0361502
2026-01-16T18:39:24.282382,172.20.10.5,9,0
2026-01-16T18:39:24.282382,172.20.10.5,10,0
2026-01-16T18:39:24.282382,172.20.10.5,11,0
2026-01-16T18:39:24.282382,172.20.10.5,12,0
2026-01-16T18:39:24.282382,172.20.10.5,13,0
2026-01-16T18:39:24.282382,172.20.10.5,14,0
2026-01-16T18:39:24.282382,172.20.10.5,15,0
2026-01-16T18:39:24.282382,172.20.10.5,16,0
2026-01-16T18:39:24.282382,172.20.10.5,17,0
2026-01-16T18:39:24.282382,172.20.10.5,18,0
2026-01-16T18:39:24.282382,172.20.10.5,19,0
2026-01-16T18:39:24.282382,172.20.10.5,20,0
2026-01-16T18:39:24.282382,172.20.10.5,21,0
2026-01-16T18:39:24.282382,172.20.10.5,22,0
2026-01-16T18:39:24.282382,172.20.10.5,23,0
2026-01-16T18:39:24.282382,172.20.10.5,0,0
2026-01-16T18:39:24.282382,172.20.10.5,1,0
2026-01-16T18:39:24.282382,172.20.10.5,2,0
2026-01-16T18:39:24.282382,172.20.10.5,3,0
2026-01-16T18:39:24.282382,172.20.10.5,4,0
2026-01-16T18:39:24.282382,172.20.10.5,5,0
2026-01-16T18:39:24.282382,172.20.10.5,6,0
2026-01-16T18:39:24.282382,172.20.10.5,7,0
2026-01-16T18:39:24.282382,172.20.10.5,8,0.0361502
2026-01-16T18:39:24.282382,172.20.10.5,9,0
2026-01-16T18:39:24.282382,172.20.10.5,10,0
2026-01-16T18:39:24.282382,172.20.10.5,11,0
2026-01-16T18:39:24.282382,172.20.10.5,12,0
2026-01-16T18:39:24.282382,172.20.10.5,13,0
2026-01-16T18:39:24.282382,172.20.10.5,14,0
2026-01-16T18:39:24.282382,172.20.10.5,15,0
2026-01-16T18:39:24.282382,172.20.10.5,16,0
2026-01-16T18:39:24.282382,172.20.10.5,17,0
2026-01-16T18:39:24.282382,172.20.10.5,18,0
2026-01-16T18:39:24.282382,172.20.10.5,19,0
2026-01-16T18:39:24.282382,172.20.10.5,20,0
2026-01-16T18:39:24.282382,172.20.10.5,21,0
2026-01-16T18:39:24.282382,172.20.10.5,22,0
2026-01-16T18:39:24.282382,172.20.10.5,23,0
2026-01-16T18:39:24.282382,172.20.10.5,0,0
2026-01-16T18:39:24.282382,172.20.10.5,1,0
2026-01-16T18:39:24.282382,172.20.10.5,2,0
2026-01-16T18:39:24.282382,172.20.10.5,3,0
2026-01-16T18:39:24.282382,172.20.10.5,4,0
2026-01-16T18:39:24.282382,172.20.10.5,5,0
2026-01-16T18:39:24.282382,172.20.10.5,6,0
2026-01-16T18:39:24.282382,172.20.10.5,7,0
2026-01-16T18:39:24.282382,172.20.10.5,8,0.0361502
2026-01-16T18:39:24.282382,172.20.10.5,9,0
2026-01-16T18:39:24.282382,172.20.10.5,10,0
2026-01-16T18:39:24.282382,172.20.10.5,11,0
2026-01-16T18:39:24.282382,172.20.10.5,12,0
2026-01-16T18:39:24.282382,172.20.10.5,13,0
2026-01-16T18:39:24.282382,172.20.10.5,14,0
2026-01-16T18:39:24.282382,172.20.10.5,15,0
2026-01-16T18:39:24.282382,172.20.10.5,16,0
2026-01-16T18:39:24.282382,172.20.10.5,17,0
2026-01-16T18:39:24.282382,172.20.10.5,18,0
2026-01-16T18:39:24.282382,172.20.10.5,19,0
2026-01-16T18:39:24.282382,172.20.10.5,20,0
2026-01-16T18:39:24.282382,172.20.10.5,21,0
2026-01-16T18:39:24.282382,172.20.10.5,22,0
2026-01-16T18:39:24.282382,172.20.10.5,23,0
2026-01-16T18:39:24.282382,172.20.10.5,0,0
2026-01-16T18:39:24.282382,172.20.10.5,1,0
2026-01-16T18:39:24.282382,172.20.10.5,2,0
2026-01-16T18:39:24.282382,172.20.10.5,3,0
2026-01-16T18:39:24.282382,172.20.10.5,4,0
2026-01-16T18:39:24.282382,172.20.10.5,5,0
2026-01-16T18:39:24.282382,172.20.10.5,6,0
2026-01-16T18:39:24.282382,172.20.10.5,7,0
2026-01-16T18:39:24.282382,172.20.10.5,8,0.0361502
2026-01-16T18:39:24.282382,172.20.10.5,9,0
2026-01-16T18:39:24.282382,172.20.10.5,10,0
2026-01-16T18:39:24.282382,172.20.10.5,11,0
2026-01-16T18:39:24.282382,172.20.10.5,12,0
2026-01-16T18:39:24.282382,172.20.10.5,13,0
2026-01-16T18:39:24.282382,172.20.10.5,14,0
2026-01-16T18:39:24.282382,172.20.10.5,15,0
2026-01-16T18:39:24.282382,172.20.10.5,16,0
2026-01-16T18:39:24.282382,172.20.10.5,17,0
2026-01-16T18:39:24.282382,172.20.10.5,18,0
2026-01-16T18:39:24.282382,172.20.10.5,19,0
2026-01-16T18:39:24.282382,172.20.10.5,20,0
2026-01-16T18:39:24.282382,172.20.10.5,21,0
2026-01-16T18:39:24.282382,172.20.10.5,22,0
2026-01-16T18:39:24.282382,172.20.10.5,23,0
2026-01-16T18:39:24.282382,172.20.10.5,0,0
2026-01-16T18:39:24.282382,172.20.10.5,1,0
2026-01-16T18:39:24.282382,172.20.10.5,2,0
2026-01-16T18:39:24.282382,172.20.10.5,3,0
2026-01-16T18:39:24.282382,172.20.10.5,4,0
2026-01-16T18:39:24.282382,172.20.10.5,5,0
2026-01-16T18:39:24.282382,172.20.10.5,6,0
2026-01-16T18:39:24.282382,172.20.10.5,7,0
2026-01-16T18:39:24.282382,172.20.10.5,8,0.0361502
2026-01-16T18:39:24.282382,172.20.10.5,9,0
2026-01-16T18:39:24.282382,172.20.10.5,10,0
2026-01-16T18:39:24.282382,172.20.10.5,11,0
2026-01-16T18:39:24.282382,172.20.10.5,12,0
2026-01-16T18:39:24.282382,172.20.10.5,13,0
2026-01-16T18:39:24.282382,172.20.10.5,14,0
2026-01-16T18:39:24.282382,172.20.10.5,15,0
2026-01-16T18:39:24.282382,172.20.10.5,16,0
2026-01-16T18:39:24.282382,172.20.10.5,17,0
2026-01-16T18:39:24.282382,172.20.10.5,18,0
2026-01-16T18:39:24.282382,172.20.10.5,19,0
2026-01-16T18:39:24.282382,172.20.10.5,20,0
2026-01-16T18:39:24.282382,172.20.10.5,21,0
2026-01-16T18:39:24.282382,172.20.10.5,22,0
2026-01-16T18:39:24.282382,172.20.10.5,23,0
2026-01-16T18:39:24.282382,172.20.10.5,0,0
2026-01-16T18:39:24.282382,172.20.10.5,1,0
2026-01-16T18:39:24.282382,172.20.10.5,2,0
2026-01-16T18:39:24.282382,172.20.10.5,3,0
2026-01-16T18:39:24.282382,172.20.10.5,4,0
2026-01-16T18:39:24.282382,172.20.10.5,5,0
2026-01-16T18:39:24.282382,172.20.10.5,6,0
2026-01-16T18:39:24.282382,172.20.10.5,7,0
2026-01-16T18:39:24.282382,172.20.10.5,8,0.0361502
2026-01-16T18:39:24.282382,172.20.10.5,9,0
2026-01-16T18:39:24.282382,172.20.10.5,10,0
2026-01-16T18:39:24.282382,172.20.10.5,11,0
2026-01-16T18:39:24.282382,172.20.10.5,12,0
2026-01-16T18:39:24.282382,172.20.10.5,13,0
2026-01-16T18:39:24.282382,172.20.10.5,14,0
2026-01-16T18:39:24.282382,172.20.10.5,15,0
2026-01-16T18:39:24.282382,172.20.10.5,16,0
2026-01-16T18:39:24.282382,172.20.10.5,17,0
2026-01-16T18:39:24.282382,172.20.10.5,18,0
2026-01-16T18:39:24.282382,172.20.10.5,19,0
2026-01-16T18:39:24.282382,172.20.10.5,20,0
2026-01-16T18:39:24.282382,172.20.10.5,21,0
2026-01-16T18:39:24.282382,172.20.10.5,22,0
2026-01-16T18:39:24.282382,172.20.10.5,23,0
2026-01-16T18:39:24.282382,172.20.10.5,0,0
2026-01-16T18:39:24.282382,172.20.10.5,1,0
2026-01-16T18:39:24.282382,172.20.10.5,2,0
2026-01-16T18:39:24.282382,172.20.10.5,3,0
2026-01-16T18:39:24.282382,172.20.10.5,4,0
2026-01-16T18:39:24.282382,172.20.10.5,5,0
2026-01-16T18:39:24.282382,172.20.10.5,6,0
2026-01-16T18:39:24.282382,172.20.10.5,7,0
2026-01-16T18:39:24.282382,172.20.10.5,8,0.0361502
2026-01-16T18:39:24.282382,172.20.10.5,9,0
2026-01-16T18:39:24.282382,172.20.10.5,10,0
2026-01-16T18:39:24.282382,172.20.10.5,11,0
2026-01-16T18:39:24.282382,172.20.10.5,12,0
2026-01-16T18:39:24.282382,172.20.10.5,13,0
2026-01-16T18:39:24.282382,172.20.10.5,14,0
2026-01-16T18:39:24.282382,172.20.10.5,15,0
2026-01-16T18:39:24.282382,172.20.10.5,16,0
2026-01-16T18:39:24.282382,172.20.10.5,17,0
2026-01-16T18:39:24.282382,172.20.10.5,18,0
2026-01-16T18:39:24.282382,172.20.10.5,19,0
2026-01-16T18:39:24.282382,172.20.10.5,20,0
2026-01-16T18:39:24.282382,172.20.10.5,21,0
2026-01-16T18:39:24.282382,172.20.10.5,22,0
2026-01-16T18:39:24.282382,172.20.10.5,23,0
2026-01-16T18:39:24.282382,172.20.10.5,0,0
2026-01-16T18:39:24.282382,172.20.10.5,1,0
2026-01-16T18:39:24.282382,172.20.10.5,2,0
2026-01-16T18:39:24.282382,172.20.10.5,3,0
2026-01-16T18:39:24.282382,172.20.10.5,4,0
2026-01-16T18:39:24.282382,172.20.10.5,5,0
2026-01-16T18:39:24.282382,172.20.10.5,6,0
2026-01-16T18:39:24.282382,172.20.10.5,7,0
2026-01-16T18:39:24.282382,172.20.10.5,8,0.0361502
2026-01-16T18:39:24.282382,172.20.10.5,9,0
2026-01-16T18:39:24.282382,172.20.10.5,10,0
2026-01-16T18:39:24.282382,172.20.10.5,11,0
2026-01-16T18:39:24.282382,172.20.10.5,12,0
2026-01-16T18:39:24.282382,172.20.10.5,13,0
2026-01-16T18:39:24.282382,172.20.10.5,14,0
2026-01-16T18:39:24.282382,172.20.10.5,15,0
2026-01-16T18:39:24.282382,172.20.10.5,16,0
2026-01-16T18:39:24.282382,172.20.10.5,17,0
2026-01-16T18:39:24.282382,172.20.10.5,18,0
2026-01-16T18:39:24.282382,172.20.10.5,19,0
2026-01-16T18:39:24.282382,172.20.10.5,20,0
2026-01-16T18:39:24.282382,172.20.10.5,21,0
2026-01-16T18:39:24.282382,172.20.10.5,22,0
2026-01-16T18:39:24.282382,172.20.10.5,23,0
2026-01-16T18:39:24.282382,172.20.10.5,0,0
2026-01-16T18:39:24.282382,172.20.10.5,1,0
2026-01-16T18:39:24.282382,172.20.10.5,2,0
2026-01-16T18:39:24.282382,172.20.10.5,3,0
2026-01-16T18:39:24.282382,172.20.10.5,4,0
2026-01-16T18:39:24.282382,172.20.10.5,5,0
2026-01-16T18:39:24.282382,172.20.10.5,6,0
2026-01-16T18:39:24.282382,172.20.10.5,7,0
2026-01-16T18:39:24.282382,172.20.10.5,8,0.0361502
2026-01-16T18:39:24.282382,172.20.10.5,9,0
2026-01-16T18:39:24.282382,172.20.10.5,10,0
2026-01-16T18:39:24.282382,172.20.10.5,11,0
2026-01-16T18:39:24.282382,172.20.10.5,12,0
2026-01-16T18:39:24.282382,172.20.10.5,13,0
2026-01-16T18:39:24.282382,172.20.10.5,14,0
2026-01-16T18:39:24.282382,172.20.10.5,15,0
2026-01-16T18:39:24.282382,172.20.10.5,16,0
2026-01-16T18:39:24.282382,172.20.10.5,17,0
2026-01-16T18:39:24.282382,172.20.10.5,18,0
2026-01-16T18:39:24.282382,172.20.10.5,19,0
2026-01-16T18:39:24.282382,172.20.10.5,20,0
2026-01-16T18:39:24.282382,172.20.10.5,21,0
2026-01-16T18:39:24.282382,172.20.10.5,22,0
2026-01-16T18:39:24.282382,172.20.10.5,23,0
2026-01-16T18:39:24.282382,172.20.10.5,0,0
2026-01-16T18:39:24.282382,172.20.10.5,1,0
2026-01-16T18:39:24.282382,172.20.10.5,2,0
2026-01-16T18:39:24.282382,172.20.10.5,3,0
2026-01-16T18:39:24.282382,172.20.10.5,4,0
2026-01-16T18:39:24.282382,172.20.10.5,5,0
2026-01-16T18:39:24.282382,172.20.10.5,6,0
2026-01-16T18:39:24.282382,172.20.10.5,7,0
2026-01-16T18:39:24.282382,172.20.10.5,8,0.0361502
2026-01-16T18:39:24.282382,172.20.10.5,9,0
2026-01-16T18:39:24.282382,172.20.10.5,10,0
2026-01-16T18:39:24.282382,172.20.10.5,11,0
2026-01-16T18:39:24.282382,172.20.10.5,12,0
2026-01-16T18:39:24.282382,172.20.10.5,13,0
2026-01-16T18:39:24.282382,172.20.10.5,14,0
2026-01-16T18:39:24.282382,172.20.10.5,15,0
2026-01-16T18:39:24.282382,172.20.10.5,16,0
2026-01-16T18:39:24.282382,172.20.10.5,17,0
2026-01-16T18:39:24.282382,172.20.10.5,18,0
2026-01-16T18:39:24.282382,172.20.10.5,19,0
2026-01-16T18:39:24.282382,172.20.10.5,20,0
2026-01-16T18:39:24.282382,172.20.10.5,21,0
2026-01-16T18:39:24.282382,172.20.10.5,22,0
2026-01-16T18:39:24.282382,172.20.10.5,23,0
2026-01-16T18:39:24.282382,172.20.10.5,0,0
2026-01-16T18:39:24.282382,172.20.10.5,1,0
2026-01-16T18:39:24.282382,172.20.10.5,2,0
2026-01-16T18:39:24.282382,172.20.10.5,3,0
2026-01-16T18:39:24.282382,172.20.10.5,4,0
2026-01-16T18:39:24.282382,172.20.10.5,5,0
2026-01-16T18:39:24.282382,172.20.10.5,6,0
2026-01-16T18:39:24.282382,172.20.10.5,7,0
2026-01-16T18:39:24.282382,172.20.10.5,8,0.0361502
2026-01-16T18:39:24.282382,172.20.10.5,9,0
2026-01-16T18:39:24.282382,172.20.10.5,10,0
2026-01-16T18:39:24.282382,172.20.10.5,11,0
2026-01-16T18:39:24.282382,172.20.10.5,12,0
2026-01-16T18:39:24.282382,172.20.10.5,13,0
2026-01-16T18:39:24.282382,172.20.10.5,14,0
2026-01-16T18:39:24.282382,172.20.10.5,15,0
2026-01-16T18:39:24.282382,172.20.10.5,16,0
2026-01-16T18:39:24.282382,172.20.10.5,17,0
2026-01-16T18:39:24.282382,172.20.10.5,18,0
2026-01-16T18:39:24.282382,172.20.10.5,19,0
2026-01-16T18:39:24.282382,172.20.10.5,20,0
2026-01-16T18:39:24.282382,172.20.10.5,21,0
2026-01-16T18:39:24.282382,172.20.10.5,22,0
2026-01-16T18:39:24.282382,172.20.10.5,23,0
2026-01-16T18:39:24.282382,172.20.10.5,0,0
2026-01-16T18:39:24.282382,172.20.10.5,1,0
2026-01-16T18:39:24.282382,172.20.10.5,2,0
2026-01-16T18:39:24.282382,172.20.10.5,3,0
2026-01-16T18:39:24.282382,172.20.10.5,4,0
2026-01-16T18:39:24.282382,172.20.10.5,5,0
2026-01-16T18:39:24.282382,172.20.10.5,6,0
2026-01-16T18:39:24.282382,172.20.10.5,7,0
2026-01-16T18:39:24.282382,172.20.10.5,8,0.0361502
2026-01-16T18:39:24.282382,172.20.10.5,9,0
2026-01-16T18:39:24.282382,172.20.10.5,10,0
2026-01-16T18:39:24.282382,172.20.10.5,11,0
2026-01-16T18:39:24.282382,172.20.10.5,12,0
2026-01-16T18:39:24.282382,172.20.10.5,13,0
2026-01-16T18:39:24.282382,172.20.10.5,14,0
2026-01-16T18:39:24.282382,172.20.10.5,15,0
2026-01-16T18:39:24.282382,172.20.10.5,16,0
2026-01-16T18:39:24.282382,172.20.10.5,17,0
2026-01-16T18:39:24.282382,172.20.10.5,18,0
2026-01-16T18:39:24.282382,172.20.10.5,19,0
2026-01-16T18:39:24.282382,172.20.10.5,20,0
2026-01-16T18:39:24.282382,172.20.10.5,21,0
2026-01-16T18:39:24.282382,172.20.10.5,22,0
2026-01-16T18:39:24.282382,172.20.10.5,23,0
2026-01-16T18:39:24.282382,172.20.10.5,0,0
2026-01-16T18:39:24.282382,172.20.10.5,1,0
2026-01-16T18:39:24.282382,172.20.10.5,2,0
2026-01-16T18:39:24.282382,172.20.10.5,3,0
2026-01-16T18:39:24.282382,172.20.10.5,4,0
2026-01-16T18:39:24.282382,172.20.10.5,5,0
2026-01-16T18:39:24.282382,172.20.10.5,6,0
2026-01-16T18:39:24.282382,172.20.10.5,7,0
2026-01-16T18:39:24.282382,172.20.10.5,8,0.0361502
2026-01-16T18:39:24.282382,172.20.10.5,9,0
2026-01-16T18:39:24.282382,172.20.10.5,10,0
2026-01-16T18:39:24.282382,172.20.10.5,11,0
2026-01-16T18:39:24.282382,172.20.10.5,12,0
2026-01-16T18:39:24.282382,172.20.10.5,13,0
2026-01-16T18:39:24.282382,172.20.10.5,14,0
2026-01-16T18:39:24.282382,172.20.10.5,15,0
2026-01-16T18:39:24.282382,172.20.10.5,16,0
2026-01-16T18:39:24.282382,172.20.10.5,17,0
2026-01-16T18:39:24.282382,172.20.10.5,18,0
2026-01-16T18:39:24.282382,172.20.10.5,19,0
2026-01-16T18:39:24.282382,172.20.10.5,20,0
2026-01-16T18:39:24.282382,172.20.10.5,21,0
2026-01-16T18:39:24.282382,172.20.10.5,22,0
2026-01-16T18:39:24.282382,172.20.10.5,23,0
2026-01-16T18:39:24.282382,172.20.10.5,0,0
2026-01-16T18:39:24.282382,172.20.10.5,1,0
2026-01-16T18:39:24.282382,172.20.10.5,2,0
2026-01-16T18:39:24.282382,172.20.10.5,3,0
2026-01-16T18:39:24.282382,172.20.10.5,4,0
2026-01-16T18:39:24.282382,172.20.10.5,5,0
2026-01-16T18:39:24.282382,172.20.10.5,6,0
2026-01-16T18:39:24.282382,172.20.10.5,7,0
2026-01-16T18:39:24.282382,172.20.10.5,8,0.0361502
2026-01-16T18:39:24.282382,172.20.10.5,9,0
2026-01-16T18:39:24.282382,172.20.10.5,10,0
2026-01-16T18:39:24.282382,172.20.10.5,11,0
2026-01-16T18:39:24.282382,172.20.10.5,12,0
2026-01-16T18:39:24.282382,172.20.10.5,13,0
2026-01-16T18:39:24.282382,172.20.10.5,14,0
2026-01-16T18:39:24.282382,172.20.10.5,15,0
2026-01-16T18:39:24.282382,172.20.10.5,16,0
2026-01-16T18:39:24.282382,172.20.10.5,17,0
2026-01-16T18:39:24.282382,172.20.10.5,18,0
2026-01-16T18:39:24.282382,172.20.10.5,19,0
2026-01-16T18:39:24.282382,172.20.10.5,20,0
2026-01-16T18:39:24.282382,172.20.10.5,21,0
2026-01-16T18:39:24.282382,172.20.10.5,22,0
2026-01-16T18:39:24.282382,172.20.10.5,23,0
2026-01-16T18:39:24.282382,172.20.10.5,0,0
2026-01-16T18:39:24.282382,172.20.10.5,1,0
2026-01-16T18:39:24.282382,172.20.10.5,2,0
2026-01-16T18:39:24.282382,172.20.10.5,3,0
2026-01-16T18:39:24.282382,172.20.10.5,4,0
2026-01-16T18:39:24.282382,172.20.10.5,5,0
2026-01-16T18:39:24.282382,172.20.10.5,6,0
2026-01-16T18:39:24.282382,172.20.10.5,7,0
2026-01-16T18:39:24.282382,172.20.10.5,8,0.0361502
2026-01-16T18:39:24.282382,172.20.10.5,9,0
2026-01-16T18:39:24.282382,172.20.10.5,10,0
2026-01-16T18:39:24.282382,172.20.10.5,11,0
2026-01-16T18:39:24.282382,172.20.10.5,12,0
2026-01-16T18:39:24.282382,172.20.10.5,13,0
2026-01-16T18:39:24.282382,172.20.10.5,14,0
2026-01-16T18:39:24.282382,172.20.10.5,15,0
2026-01-16T18:39:24.282382,172.20.10.5,16,0
2026-01-16T18:39:24.282382,172.20.10.5,17,0
2026-01-16T18:39:24.282382,172.20.10.5,18,0
2026-01-16T18:39:24.282382,172.20.10.5,19,0
2026-01-16T18:39:24.282382,172.20.10.5,20,0
2026-01-16T18:39:24.282382,172.20.10.5,21,0
2026-01-16T18:39:24.282382,172.20.10.5,22,0
2026-01-16T18:39:24.282382,172.20.10.5,23,0
2026-01-16T18:39:24.282382,172.20.10.5,0,0
2026-01-16T18:39:24.282382,172.20.10.5,1,0
2026-01-16T18:39:24.282382,172.20.10.5,2,0
2026-01-16T18:39:24.282382,172.20.10.5,3,0
2026-01-16T18:39:24.282382,172.20.10.5,4,0
2026-01-16T18:39:24.282382,172.20.10.5,5,0
2026-01-16T18:39:24.282382,172.20.10.5,6,0
2026-01-16T18:39:24.282382,172.20.10.5,7,0
2026-01-16T18:39:24.282382,172.20.10.5,8,0.0361502
2026-01-16T18:39:24.282382,172.20.10.5,9,0
2026-01-16T18:39:24.282382,172.20.10.5,10,0
2026-01-16T18:39:24.282382,172.20.10.5,11,0
2026-01-16T18:39:24.282382,172.20.10.5,12,0
2026-01-16T18:39:24.282382,172.20.10.5,13,0
2026-01-16T18:39:24.282382,172.20.10.5,14,0
2026-01-16T18:39:24.282382,172.20.10.5,15,0
2026-01-16T18:39:24.282382,172.20.10.5,16,0
2026-01-16T18:39:24.282382,172.20.10.5,17,0
2026-01-16T18:39:24.282382,172.20.10.5,18,0
2026-01-16T18:39:24.282382,172.20.10.5,19,0
2026-01-16T18:39:24.282382,172.20.10.5,20,0
2026-01-16T18:39:24.282382,172.20.10.5,21,0
2026-01-16T18:39:24.282382,172.20.10.5,22,0
2026-01-16T18:39:24.282382,172.20.10.5,23,0
2026-01-16T18:39:24.282382,172.20.10.5,0,0
2026-01-16T18:39:24.282382,172.20.10.5,1,0
2026-01-16T18:39:24.282382,172.20.10.5,2,0
2026-01-16T18:39:24.282382,172.20.10.5,3,0
2026-01-16T18:39:24.282382,172.20.10.5,4,0
2026-01-16T18:39:24.282382,172.20.10.5,5,0
2026-01-16T18:39:24.282382,172.20.10.5,6,0
2026-01-16T18:39:24.282382,172.20.10.5,7,0
2026-01-16T18:39:24.282382,172.20.10.5,8,0.0361502
2026-01-16T18:39:24.282382,172.20.10.5,9,0
2026-01-16T18:39:24.282382,172.20.10.5,10,0
2026-01-16T18:39:24.282382,172.20.10.5,11,0
2026-01-16T18:39:24.282382,172.20.10.5,12,0
2026-01-16T18:39:24.282382,172.20.10.5,13,0
2026-01-16T18:39:24.282382,172.20.10.5,14,0
2026-01-16T18:39:24.282382,172.20.10.5,15,0
2026-01-16T18:39:24.282382,172.20.10.5,16,0
2026-01-16T18:39:24.282382,172.20.10.5,17,0
2026-01-16T18:39:24.282382,172.20.10.5,18,0
2026-01-16T18:39:24.282382,172.20.10.5,19,0
2026-01-16T18:39:24.282382,172.20.10.5,20,0
2026-01-16T18:39:24.282382,172.20.10.5,21,0
2026-01-16T18:39:24.282382,172.20.10.5,22,0
2026-01-16T18:39:24.282382,172.20.10.5,23,0
2026-01-16T18:39:24.282382,172.20.10.5,0,0
2026-01-16T18:39:24.282382,172.20.10.5,1,0
2026-01-16T18:39:24.282382,172.20.10.5,2,0
2026-01-16T18:39:24.282382,172.20.10.5,3,0
2026-01-16T18:39:24.282382,172.20.10.5,4,0
2026-01-16T18:39:24.282382,172.20.10.5,5,0
2026-01-16T18:39:24.282382,172.20.10.5,6,0
2026-01-16T18:39:24.282382,172.20.10.5,7,0
2026-01-16T18:39:24.282382,172.20.10.5,8,0.0361502
2026-01-16T18:39:24.282382,172.20.10.5,9,0
2026-01-16T18:39:24.282382,172.20.10.5,10,0
2026-01-16T18:39:24.282382,172.20.10.5,11,0
2026-01-16T18:39:24.282382,172.20.10.5,12,0
2026-01-16T18:39:24.282382,172.20.10.5,13,0
2026-01-16T18:39:24.282382,172.20.10.5,14,0
2026-01-16T18:39:24.282382,172.20.10.5,15,0
2026-01-16T18:39:24.282382,172.20.10.5,16,0
2026-01-16T18:39:24.282382,172.20.10.5,17,0
2026-01-16T18:39:24.282382,172.20.10.5,18,0
2026-01-16T18:39:24.282382,172.20.10.5,19,0
2026-01-16T18:39:24.282382,172.20.10.5,20,0
2026-01-16T18:39:24.282382,172.20.10.5,21,0
2026-01-16T18:39:24.282382,172.20.10.5,22,0
2026-01-16T18:39:24.282382,172.20.10.5,23,0
2026-01-16T18:39:24.282382,172.20.10.5,0,0
2026-01-16T18:39:24.282382,172.20.10.5,1,0
2026-01-16T18:39:24.282382,172.20.10.5,2,0
2026-01-16T18:39:24.282382,172.20.10.5,3,0
2026-01-16T18:39:24.282382,172.20.10.5,4,0
2026-01-16T18:39:24.282382,172.20.10.5,5,0
2026-01-16T18:39:24.282382,172.20.10.5,6,0
2026-01-16T18:39:24.282382,172.20.10.5,7,0
2026-01-16T18:39:24.282382,172.20.10.5,8,0.0361502
2026-01-16T18:39:24.282382,172.20.10.5,9,0
2026-01-16T18:39:24.282382,172.20.10.5,10,0
2026-01-16T18:39:24.282382,172.20.10.5,11,0
2026-01-16T18:39:24.282382,172.20.10.5,12,0
2026-01-16T18:39:24.282382,172.20.10.5,13,0
2026-01-16T18:39:24.282382,172.20.10.5,14,0
2026-01-16T18:39:24.282382,172.20.10.5,15,0
2026-01-16T18:39:24.282382,172.20.10.5,16,0
2026-01-16T18:39:24.282382,172.20.10.5,17,0
2026-01-16T18:39:24.282382,172.20.10.5,18,0
2026-01-16T18:39:24.282382,172.20.10.5,19,0
2026-01-16T18:39:24.282382,172.20.10.5,20,0
2026-01-16T18:39:24.282382,172.20.10.5,21,0
2026-01-16T18:39:24.282382,172.20.10.5,22,0
2026-01-16T18:39:24.282382,172.20.10.5,23,0
2026-01-16T18:39:24.282382,172.20.10.5,0,0
2026-01-16T18:39:24.282382,172.20.10.5,1,0
2026-01-16T18:39:24.282382,172.20.10.5,2,0
2026-01-16T18:39:24.282382,172.20.10.5,3,0
2026-01-16T18:39:24.282382,172.20.10.5,4,0
2026-01-16T18:39:24.282382,172.20.10.5,5,0
2026-01-16T18:39:24.282382,172.20.10.5,6,0
2026-01-16T18:39:24.282382,172.20.10.5,7,0
2026-01-16T18:39:24.282382,172.20.10.5,8,0.0361502
2026-01-16T18:39:24.282382,172.20.10.5,9,0
2026-01-16T18:39:24.282382,172.20.10.5,10,0
2026-01-16T18:39:24.282382,172.20.10.5,11,0
2026-01-16T18:39:24.282382,172.20.10.5,12,0
2026-01-16T18:39:24.282382,172.20.10.5,13,0
2026-01-16T18:39:24.282382,172.20.10.5,14,0
2026-01-16T18:39:24.282382,172.20.10.5,15,0
2026-01-16T18:39:24.282382,172.20.10.5,16,0
2026-01-16T18:39:24.282382,172.20.10.5,17,0
2026-01-16T18:39:24.282382,172.20.10.5,18,0
2026-01-16T18:39:24.282382,172.20.10.5,19,0
2026-01-16T18:39:24.282382,172.20.10.5,20,0
2026-01-16T18:39:24.282382,172.20.10.5,21,0
2026-01-16T18:39:24.282382,172.20.10.5,22,0
2026-01-16T18:39:24.282382,172.20.10.5,23,0
2026-01-16T18:39:24.282382,172.20.10.5,0,0
2026-01-16T18:39:24.282382,172.20.10.5,1,0
2026-01-16T18:39:24.282382,172.20.10.5,2,0
2026-01-16T18:39:24.282382,172.20.10.5,3,0
2026-01-16T18:39:24.282382,172.20.10.5,4,0
2026-01-16T18:39:24.282382,172.20.10.5,5,0
2026-01-16T18:39:24.282382,172.20.10.5,6,0
2026-01-16T18:39:24.282382,172.20.10.5,7,0
2026-01-16T18:39:24.282382,172.20.10.5,8,0.0361502
2026-01-16T18:39:24.282382,172.20.10.5,9,0
2026-01-16T18:39:24.282382,172.20.10.5,10,0
2026-01-16T18:39:24.282382,172.20.10.5,11,0
2026-01-16T18:39:24.282382,172.20.10.5,12,0
2026-01-16T18:39:24.282382,172.20.10.5,13,0
2026-01-16T18:39:24.282382,172.20.10.5,14,0
2026-01-16T18:39:24.282382,172.20.10.5,15,0
2026-01-16T18:39:24.282382,172.20.10.5,16,0
2026-01-16T18:39:24.282382,172.20.10.5,17,0
2026-01-16T18:39:24.282382,172.20.10.5,18,0
2026-01-16T18:39:24.282382,172.20.10.5,19,0
2026-01-16T18:39:24.282382,172.20.10.5,20,0
2026-01-16T18:39:24.282382,172.20.10.5,21,0
2026-01-16T18:39:24.282382,172.20.10.5,22,0
2026-01-16T18:39:24.282382,172.20.10.5,23,0
2026-01-16T18:39:24.282382,172.20.10.5,0,0
2026-01-16T18:39:24.282382,172.20.10.5,1,0
2026-01-16T18:39:24.282382,172.20.10.5,2,0
2026-01-16T18:39:24.282382,172.20.10.5,3,0
2026-01-16T18:39:24.282382,172.20.10.5,4,0
2026-01-16T18:39:24.282382,172.20.10.5,5,0
2026-01-16T18:39:24.282382,172.20.10.5,6,0
2026-01-16T18:39:24.282382,172.20.10.5,7,0
2026-01-16T18:39:24.282382,172.20.10.5,8,0.0361502
2026-01-16T18:39:24.282382,172.20.10.5,9,0
2026-01-16T18:39:24.282382,172.20.10.5,10,0
2026-01-16T18:39:24.282382,172.20.10.5,11,0
2026-01-16T18:39:24.282382,172.20.10.5,12,0
2026-01-16T18:39:24.282382,172.20.10.5,13,0
2026-01-16T18:39:24.282382,172.20.10.5,14,0
2026-01-16T18:39:24.282382,172.20.10.5,15,0
2026-01-16T18:39:24.282382,172.20.10.5,16,0
2026-01-16T18:39:24.282382,172.20.10.5,17,0
2026-01-16T18:39:24.282382,172.20.10.5,18,0
2026-01-16T18:39:24.282382,172.20.10.5,19,0
2026-01-16T18:39:24.282382,172.20.10.5,20,0
2026-01-16T18:39:24.282382,172.20.10.5,21,0
2026-01-16T18:39:24.282382,172.20.10.5,22,0
2026-01-16T18:39:24.282382,172.20.10.5,23,0
2026-01-16T18:39:24.282382,172.20.10.5,0,0
2026-01-16T18:39:24.282382,172.20.10.5,1,0
2026-01-16T18:39:24.282382,172.20.10.5,2,0
2026-01-16T18:39:24.282382,172.20.10.5,3,0
2026-01-16T18:39:24.282382,172.20.10.5,4,0
2026-01-16T18:39:24.282382,172.20.10.5,5,0
2026-01-16T18:39:24.282382,172.20.10.5,6,0
2026-01-16T18:39:24.282382,172.20.10.5,7,0
2026-01-16T18:39:24.282382,172.20.10.5,8,0.0361502
2026-01-16T18:39:24.282382,172.20.10.5,9,0
2026-01-16T18:39:24.282382,172.20.10.5,10,0
2026-01-16T18:39:24.282382,172.20.10.5,11,0
2026-01-16T18:39:24.282382,172.20.10.5,12,0
2026-01-16T18:39:24.282382,172.20.10.5,13,0
2026-01-16T18:39:24.282382,172.20.10.5,14,0
2026-01-16T18:39:24.282382,172.20.10.5,15,0
2026-01-16T18:39:24.282382,172.20.10.5,16,0
2026-01-16T18:39:24.282382,172.20.10.5,17,0
2026-01-16T18:39:24.282382,172.20.10.5,18,0
2026-01-16T18:39:24.282382,172.20.10.5,19,0
2026-01-16T18:39:24.282382,172.20.10.5,20,0
2026-01-16T18:39:24.282382,172.20.10.5,21,0
2026-01-16T18:39:24.282382,172.20.10.5,22,0
2026-01-16T18:39:24.282382,172.20.10.5,23,0
2026-01-16T18:39:24.282382,172.20.10.5,0,0
2026-01-16T18:39:24.282382,172.20.10.5,1,0
2026-01-16T18:39:24.282382,172.20.10.5,2,0
2026-01-16T18:39:24.282382,172.20.10.5,3,0
2026-01-16T18:39:24.282382,172.20.10.5,4,0
2026-01-16T18:39:24.282382,172.20.10.5,5,0
2026-01-16T18:39:24.282382,172.20.10.5,6,0
2026-01-16T18:39:24.282382,172.20.10.5,7,0
2026-01-16T18:39:24.282382,172.20.10.5,8,0.0361502
2026-01-16T18:39:24.282382,172.20.10.5,9,0
2026-01-16T18:39:24.282382,172.20.10.5,10,0
2026-01-16T18:39:24.282382,172.20.10.5,11,0
2026-01-16T18:39:24.282382,172.20.10.5,12,0
2026-01-16T18:39:24.282382,172.20.10.5,13,0
2026-01-16T18:39:24.282382,172.20.10.5,14,0
2026-01-16T18:39:24.282382,172.20.10.5,15,0
2026-01-16T18:39:24.282382,172.20.10.5,16,0
2026-01-16T18:39:24.282382,172.20.10.5,17,0
2026-01-16T18:39:24.282382,172.20.10.5,18,0
2026-01-16T18:39:24.282382,172.20.10.5,19,0
2026-01-16T18:39:24.282382,172.20.10.5,20,0
2026-01-16T18:39:24.282382,172.20.10.5,21,0
2026-01-16T18:39:24.282382,172.20.10.5,22,0
2026-01-16T18:39:24.282382,172.20.10.5,23,0
2026-01-16T18:39:24.282382,172.20.10.5,0,0
2026-01-16T18:39:24.282382,172.20.10.5,1,0
2026-01-16T18:39:24.282382,172.20.10.5,2,0
2026-01-16T18:39:24.282382,172.20.10.5,3,0
2026-01-16T18:39:24.282382,172.20.10.5,4,0
2026-01-16T18:39:24.282382,172.20.10.5,5,0
2026-01-16T18:39:24.282382,172.20.10.5,6,0
2026-01-16T18:39:24.282382,172.20.10.5,7,0
2026-01-16T18:39:24.282382,172.20.10.5,8,0.0361502
2026-01-16T18:39:24.282382,172.20.10.5,9,0
2026-01-16T18:39:24.282382,172.20.10.5,10,0
2026-01-16T18:39:24.282382,172.20.10.5,11,0
2026-01-16T18:39:24.282382,172.20.10.5,12,0
2026-01-16T18:39:24.282382,172.20.10.5,13,0
2026-01-16T18:39:24.282382,172.20.10.5,14,0
2026-01-16T18:39:24.282382,172.20.10.5,15,0
2026-01-16T18:39:24.282382,172.20.10.5,16,0
2026-01-16T18:39:24.282382,172.20.10.5,17,0
2026-01-16T18:39:24.282382,172.20.10.5,18,0
2026-01-16T18:39:24.282382,172.20.10.5,19,0
2026-01-16T18:39:24.282382,172.20.10.5,20,0
2026-01-16T18:39:24.282382,172.20.10.5,21,0
2026-01-16T18:39:24.282382,172.20.10.5,22,0
2026-01-16T18:39:24.282382,172.20.10.5,23,0
2026-01-16T18:39:24.282382,172.20.10.5,0,0
2026-01-16T18:39:24.282382,172.20.10.5,1,0
2026-01-16T18:39:24.282382,172.20.10.5,2,0
2026-01-16T18:39:24.282382,172.20.10.5,3,0
2026-01-16T18:39:24.282382,172.20.10.5,4,0
2026-01-16T18:39:24.282382,172.20.10.5,5,0
2026-01-16T18:39:24.282382,172.20.10.5,6,0
2026-01-16T18:39:24.282382,172.20.10.5,7,0
2026-01-16T18:39:24.282382,172.20.10.5,8,0.0361502
2026-01-16T18:39:24.282382,172.20.10.5,9,0
2026-01-16T18:39:24.282382,172.20.10.5,10,0
2026-01-16T18:39:24.282382,172.20.10.5,11,0
2026-01-16T18:39:24.282382,172.20.10.5,12,0
2026-01-16T18:39:24.282382,172.20.10.5,13,0
2026-01-16T18:39:24.282382,172.20.10.5,14,0
2026-01-16T18:39:24.282382,172.20.10.5,15,0
2026-01-16T18:39:24.282382,172.20.10.5,16,0
2026-01-16T18:39:24.282382,172.20.10.5,17,0
2026-01-16T18:39:24.282382,172.20.10.5,18,0
2026-01-16T18:39:24.282382,172.20.10.5,19,0
2026-01-16T18:39:24.282382,172.20.10.5,20,0
2026-01-16T18:39:24.282382,172.20.10.5,21,0
2026-01-16T18:39:24.282382,172.20.10.5,22,0
2026-01-16T18:39:24.282382,172.20.10.5,23,0
2026-01-16T18:39:24.282382,172.20.10.5,0,0
2026-01-16T18:39:24.282382,172.20.10.5,1,0
2026-01-16T18:39:24.282382,172.20.10.5,2,0
2026-01-16T18:39:24.282382,172.20.10.5,3,0
2026-01-16T18:39:24.282382,172.20.10.5,4,0
2026-01-16T18:39:24.282382,172.20.10.5,5,0
2026-01-16T18:39:24.282382,172.20.10.5,6,0
2026-01-16T18:39:24.282382,172.20.10.5,7,0
2026-01-16T18:39:24.282382,172.20.10.5,8,0.0361502
2026-01-16T18:39:24.282382,172.20.10.5,9,0
2026-01-16T18:39:24.282382,172.20.10.5,10,0
2026-01-16T18:39:24.282382,172.20.10.5,11,0
2026-01-16T18:39:24.282382,172.20.10.5,12,0
2026-01-16T18:39:24.282382,172.20.10.5,13,0
2026-01-16T18:39:24.282382,172.20.10.5,14,0
2026-01-16T18:39:24.282382,172.20.10.5,15,0
2026-01-16T18:39:24.282382,172.20.10.5,16,0
2026-01-16T18:39:24.282382,172.20.10.5,17,0
2026-01-16T18:39:24.282382,172.20.10.5,18,0
2026-01-16T18:39:24.282382,172.20.10.5,19,0
2026-01-16T18:39:24.282382,172.20.10.5,20,0
2026-01-16T18:39:24.282382,172.20.10.5,21,0
2026-01-16T18:39:24.282382,172.20.10.5,22,0
2026-01-16T18:39:24.282382,172.20.10.5,23,0
2026-01-16T18:39:24.282382,172.20.10.5,0,0
2026-01-16T18:39:24.282382,172.20.10.5,1,0
2026-01-16T18:39:24.282382,172.20.10.5,2,0
2026-01-16T18:39:24.282382,172.20.10.5,3,0
2026-01-16T18:39:24.282382,172.20.10.5,4,0
2026-01-16T18:39:24.282382,172.20.10.5,5,0
2026-01-16T18:39:24.282382,172.20.10.5,6,0
2026-01-16T18:39:24.282382,172.20.10.5,7,0
2026-01-16T18:39:24.282382,172.20.10.5,8,0.0361502
2026-01-16T18:39:24.282382,172.20.10.5,9,0
2026-01-16T18:39:24.282382,172.20.10.5,10,0
2026-01-16T18:39:24.282382,172.20.10.5,11,0
2026-01-16T18:39:24.282382,172.20.10.5,12,0
2026-01-16T18:39:24.282382,172.20.10.5,13,0
2026-01-16T18:39:24.282382,172.20.10.5,14,0
2026-01-16T18:39:24.282382,172.20.10.5,15,0
2026-01-16T18:39:24.282382,172.20.10.5,16,0
2026-01-16T18:39:24.282382,172.20.10.5,17,0
2026-01-16T18:39:24.282382,172.20.10.5,18,0
2026-01-16T18:39:24.282382,172.20.10.5,19,0
2026-01-16T18:39:24.282382,172.20.10.5,20,0
2026-01-16T18:39:24.282382,172.20.10.5,21,0
2026-01-16T18:39:24.282382,172.20.10.5,22,0
2026-01-16T18:39:24.282382,172.20.10.5,23,0
2026-01-16T18:39:24.282382,172.20.10.5,0,0
2026-01-16T18:39:24.282382,172.20.10.5,1,0
2026-01-16T18:39:24.282382,172.20.10.5,2,0
2026-01-16T18:39:24.282382,172.20.10.5,3,0
2026-01-16T18:39:24.282382,172.20.10.5,4,0
2026-01-16T18:39:24.282382,172.20.10.5,5,0
2026-01-16T18:39:24.282382,172.20.10.5,6,0
2026-01-16T18:39:24.282382,172.20.10.5,7,0
2026-01-16T18:39:24.282382,172.20.10.5,8,0.0361502
2026-01-16T18:39:24.282382,172.20.10.5,9,0
2026-01-16T18:39:24.282382,172.20.10.5,10,0
2026-01-16T18:39:24.282382,172.20.10.5,11,0
2026-01-16T18:39:24.282382,172.20.10.5,12,0
2026-01-16T18:39:24.282382,172.20.10.5,13,0
2026-01-16T18:39:24.282382,172.20.10.5,14,0
2026-01-16T18:39:24.282382,172.20.10.5,15,0
2026-01-16T18:39:24.282382,172.20.10.5,16,0
2026-01-16T18:39:24.282382,172.20.10.5,17,0
2026-01-16T18:39:24.282382,172.20.10.5,18,0
2026-01-16T18:39:24.282382,172.20.10.5,19,0
2026-01-16T18:39:24.282382,172.20.10.5,20,0
2026-01-16T18:39:24.282382,172.20.10.5,21,0
2026-01-16T18:39:24.282382,172.20.10.5,22,0
2026-01-16T18:39:24.282382,172.20.10.5,23,0
2026-01-16T18:39:24.282382,172.20.10.5,0,0
2026-01-16T18:39:24.282382,172.20.10.5,1,0
2026-01-16T18:39:24.282382,172.20.10.5,2,0
2026-01-16T18:39:24.282382,172.20.10.5,3,0
2026-01-16T18:39:24.282382,172.20.10.5,4,0
2026-01-16T18:39:24.282382,172.20.10.5,5,0
2026-01-16T18:39:24.282382,172.20.10.5,6,0
2026-01-16T18:39:24.282382,172.20.10.5,7,0
2026-01-16T18:39:24.282382,172.20.10.5,8,0.0361502
2026-01-16T18:39:24.282382,172.20.10.5,9,0
2026-01-16T18:39:24.282382,172.20.10.5,10,0
2026-01-16T18:39:24.282382,172.20.10.5,11,0
2026-01-16T18:39:24.282382,172.20.10.5,12,0
2026-01-16T18:39:24.282382,172.20.10.5,13,0
2026-01-16T18:39:24.282382,172.20.10.5,14,0
2026-01-16T18:39:24.282382,172.20.10.5,15,0
2026-01-16T18:39:24.282382,172.20.10.5,16,0
2026-01-16T18:39:24.282382,172.20.10.5,17,0
2026-01-16T18:39:24.282382,172.20.10.5,18,0
2026-01-16T18:39:24.282382,172.20.10.5,19,0
2026-01-16T18:39:24.282382,172.20.10.5,20,0
2026-01-16T18:39:24.282382,172.20.10.5,21,0
2026-01-16T18:39:24.282382,172.20.10.5,22,0
2026-01-16T18:39:24.282382,172.20.10.5,23,0
2026-01-16T18:39:24.282382,172.20.10.5,0,0
2026-01-16T18:39:24.282382,172.20.10.5,1,0
2026-01-16T18:39:24.282382,172.20.10.5,2,0
2026-01-16T18:39:24.282382,172.20.10.5,3,0
2026-01-16T18:39:24.282382,172.20.10.5,4,0
2026-01-16T18:39:24.282382,172.20.10.5,5,0
2026-01-16T18:39:24.282382,172.20.10.5,6,0
2026-01-16T18:39:24.282382,172.20.10.5,7,0
2026-01-16T18:39:24.282382,172.20.10.5,8,0.0361502
2026-01-16T18:39:24.282382,172.20.10.5,9,0
2026-01-16T18:39:24.282382,172.20.10.5,10,0
2026-01-16T18:39:24.282382,172.20.10.5,11,0
2026-01-16T18:39:24.282382,172.20.10.5,12,0
2026-01-16T18:39:24.282382,172.20.10.5,13,0
2026-01-16T18:39:24.282382,172.20.10.5,14,0
2026-01-16T18:39:24.282382,172.20.10.5,15,0
2026-01-16T18:39:24.282382,172.20.10.5,16,0
2026-01-16T18:39:24.282382,172.20.10.5,17,0
2026-01-16T18:39:24.282382,172.20.10.5,18,0
2026-01-16T18:39:24.282382,172.20.10.5,19,0
2026-01-16T18:39:24.282382,172.20.10.5,20,0
2026-01-16T18:39:24.282382,172.20.10.5,21,0
2026-01-16T18:39:24.282382,172.20.10.5,22,0
2026-01-16T18:39:24.282382,172.20.10.5,23,0
2026-01-16T18:39:24.282382,172.20.10.5,0,0
2026-01-16T18:39:24.282382,172.20.10.5,1,0
2026-01-16T18:39:24.282382,172.20.10.5,2,0
2026-01-16T18:39:24.282382,172.20.10.5,3,0
2026-01-16T18:39:24.282382,172.20.10.5,4,0
2026-01-16T18:39:24.282382,172.20.10.5,5,0
2026-01-16T18:39:24.282382,172.20.10.5,6,0
2026-01-16T18:39:24.282382,172.20.10.5,7,0
2026-01-16T18:39:24.282382,172.20.10.5,8,0.0361502
2026-01-16T18:39:24.282382,172.20.10.5,9,0
2026-01-16T18:39:24.282382,172.20.10.5,10,0
2026-01-16T18:39:24.282382,172.20.10.5,11,0
2026-01-16T18:39:24.282382,172.20.10.5,12,0
2026-01-16T18:39:24.282382,172.20.10.5,13,0
2026-01-16T18:39:24.282382,172.20.10.5,14,0
2026-01-16T18:39:24.282382,172.20.10.5,15,0
2026-01-16T18:39:24.282382,172.20.10.5,16,0
2026-01-16T18:39:24.282382,172.20.10.5,17,0
2026-01-16T18:39:24.282382,172.20.10.5,18,0
2026-01-16T18:39:24.282382,172.20.10.5,19,0
2026-01-16T18:39:24.282382,172.20.10.5,20,0
2026-01-16T18:39:24.282382,172.20.10.5,21,0
2026-01-16T18:39:24.282382,172.20.10.5,22,0
2026-01-16T18:39:24.282382,172.20.10.5,23,0
2026-01-16T18:39:24.282382,172.20.10.5,0,0
2026-01-16T18:39:24.282382,172.20.10.5,1,0
2026-01-16T18:39:24.282382,172.20.10.5,2,0
2026-01-16T18:39:24.282382,172.20.10.5,3,0
2026-01-16T18:39:24.282382,172.20.10.5,4,0
2026-01-16T18:39:24.282382,172.20.10.5,5,0
2026-01-16T18:39:24.282382,172.20.10.5,6,0
2026-01-16T18:39:24.282382,172.20.10.5,7,0
2026-01-16T18:39:24.282382,172.20.10.5,8,0.0361502
2026-01-16T18:39:24.282382,172.20.10.5,9,0
2026-01-16T18:39:24.282382,172.20.10.5,10,0
2026-01-16T18:39:24.282382,172.20.10.5,11,0
2026-01-16T18:39:24.282382,172.20.10.5,12,0
2026-01-16T18:39:24.282382,172.20.10.5,13,0
2026-01-16T18:39:24.282382,172.20.10.5,14,0
2026-01-16T18:39:24.282382,172.20.10.5,15,0
2026-01-16T18:39:24.282382,172.20.10.5,16,0
2026-01-16T18:39:24.282382,172.20.10.5,17,0
2026-01-16T18:39:24.282382,172.20.10.5,18,0
2026-01-16T18:39:24.282382,172.20.10.5,19,0
2026-01-16T18:39:24.282382,172.20.10.5,20,0
2026-01-16T18:39:24.282382,172.20.10.5,21,0
2026-01-16T18:39:24.282382,172.20.10.5,22,0
2026-01-16T18:39:24.282382,172.20.10.5,23,0
2026-01-16T18:39:24.282382,172.20.10.5,0,0
2026-01-16T18:39:24.282382,172.20.10.5,1,0
2026-01-16T18:39:24.282382,172.20.10.5,2,0
2026-01-16T18:39:24.282382,172.20.10.5,3,0
2026-01-16T18:39:24.282382,172.20.10.5,4,0
2026-01-16T18:39:24.282382,172.20.10.5,5,0
2026-01-16T18:39:24.282382,172.20.10.5,6,0
2026-01-16T18:39:24.282382,172.20.10.5,7,0
2026-01-16T18:39:24.282382,172.20.10.5,8,0.0361502
2026-01-16T18:39:24.282382,172.20.10.5,9,0
2026-01-16T18:39:24.282382,172.20.10.5,10,0
2026-01-16T18:39:24.282382,172.20.10.5,11,0
2026-01-16T18:39:24.282382,172.20.10.5,12,0
2026-01-16T18:39:24.282382,172.20.10.5,13,0
2026-01-16T18:39:24.282382,172.20.10.5,14,0
2026-01-16T18:39:24.282382,172.20.10.5,15,0
2026-01-16T18:39:24.282382,172.20.10.5,16,0
2026-01-16T18:39:24.282382,172.20.10.5,17,0
2026-01-16T18:39:24.282382,172.20.10.5,18,0
2026-01-16T18:39:24.282382,172.20.10.5,19,0
2026-01-16T18:39:24.282382,172.20.10.5,20,0
2026-01-16T18:39:24.282382,172.20.10.5,21,0
2026-01-16T18:39:24.282382,172.20.10.5,22,0
2026-01-16T18:39:24.282382,172.20.10.5,23,0
2026-01-16T18:39:24.282382,172.20.10.5,0,0
2026-01-16T18:39:24.282382,172.20.10.5,1,0
2026-01-16T18:39:24.282382,172.20.10.5,2,0
2026-01-16T18:39:24.282382,172.20.10.5,3,0
2026-01-16T18:39:24.282382,172.20.10.5,4,0
2026-01-16T18:39:24.282382,172.20.10.5,5,0
2026-01-16T18:39:24.282382,172.20.10.5,6,0
2026-01-16T18:39:24.282382,172.20.10.5,7,0
2026-01-16T18:39:24.282382,172.20.10.5,8,0.0361502
2026-01-16T18:39:24.282382,172.20.10.5,9,0
2026-01-16T18:39:24.282382,172.20.10.5,10,0
2026-01-16T18:39:24.282382,172.20.10.5,11,0
2026-01-16T18:39:24.282382,172.20.10.5,12,0
2026-01-16T18:39:24.282382,172.20.10.5,13,0
2026-01-16T18:39:24.282382,172.20.10.5,14,0
2026-01-16T18:39:24.282382,172.20.10.5,15,0
2026-01-16T18:39:24.282382,172.20.10.5,16,0
2026-01-16T18:39:24.282382,172.20.10.5,17,0
2026-01-16T18:39:24.282382,172.20.10.5,18,0
2026-01-16T18:39:24.282382,172.20.10.5,19,0
2026-01-16T18:39:24.282382,172.20.10.5,20,0
2026-01-16T18:39:24.282382,172.20.10.5,21,0
2026-01-16T18:39:24.282382,172.20.10.5,22,0
2026-01-16T18:39:24.282382,172.20.10.5,23,0
2026-01-16T18:39:24.282382,172.20.10.5,0,0
2026-01-16T18:39:24.282382,172.20.10.5,1,0
2026-01-16T18:39:24.282382,172.20.10.5,2,0
2026-01-16T18:39:24.282382,172.20.10.5,3,0
2026-01-16T18:39:24.282382,172.20.10.5,4,0
2026-01-16T18:39:24.282382,172.20.10.5,5,0
2026-01-16T18:39:24.282382,172.20.10.5,6,0
2026-01-16T18:39:24.282382,172.20.10.5,7,0
2026-01-16T18:39:24.282382,172.20.10.5,8,0.0361502
2026-01-16T18:39:24.282382,172.20.10.5,9,0
2026-01-16T18:39:24.282382,172.20.10.5,10,0
2026-01-16T18:39:24.282382,172.20.10.5,11,0
2026-01-16T18:39:24.282382,172.20.10.5,12,0
2026-01-16T18:39:24.282382,172.20.10.5,13,0
2026-01-16T18:39:24.282382,172.20.10.5,14,0
2026-01-16T18:39:24.282382,172.20.10.5,15,0
2026-01-16T18:39:24.282382,172.20.10.5,16,0
2026-01-16T18:39:24.282382,172.20.10.5,17,0
2026-01-16T18:39:24.282382,172.20.10.5,18,0
2026-01-16T18:39:24.282382,172.20.10.5,19,0
2026-01-16T18:39:24.282382,172.20.10.5,20,0
2026-01-16T18:39:24.282382,172.20.10.5,21,0
2026-01-16T18:39:24.282382,172.20.10.5,22,0
2026-01-16T18:39:24.282382,172.20.10.5,23,0
2026-01-16T18:39:24.282382,172.20.10.5,0,0
2026-01-16T18:39:24.282382,172.20.10.5,1,0
2026-01-16T18:39:24.282382,172.20.10.5,2,0
2026-01-16T18:39:24.282382,172.20.10.5,3,0
2026-01-16T18:39:24.282382,172.20.10.5,4,0
2026-01-16T18:39:24.282382,172.20.10.5,5,0
2026-01-16T18:39:24.282382,172.20.10.5,6,0
2026-01-16T18:39:24.282382,172.20.10.5,7,0
2026-01-16T18:39:24.282382,172.20.10.5,8,0.0361502
2026-01-16T18:39:24.282382,172.20.10.5,9,0
2026-01-16T18:39:24.282382,172.20.10.5,10,0
2026-01-16T18:39:24.282382,172.20.10.5,11,0
2026-01-16T18:39:24.282382,172.20.10.5,12,0
2026-01-16T18:39:24.282382,172.20.10.5,13,0
2026-01-16T18:39:24.282382,172.20.10.5,14,0
2026-01-16T18:39:24.282382,172.20.10.5,15,0
2026-01-16T18:39:24.282382,172.20.10.5,16,0
2026-01-16T18:39:24.282382,172.20.10.5,17,0
2026-01-16T18:39:24.282382,172.20.10.5,18,0
2026-01-16T18:39:24.282382,172.20.10.5,19,0
2026-01-16T18:39:24.282382,172.20.10.5,20,0
2026-01-16T18:39:24.282382,172.20.10.5,21,0
2026-01-16T18:39:24.282382,172.20.10.5,22,0
2026-01-16T18:39:24.282382,172.20.10.5,23,0
2026-01-16T18:39:24.282382,172.20.10.5,0,0
2026-01-16T18:39:24.282382,172.20.10.5,1,0
2026-01-16T18:39:24.282382,172.20.10.5,2,0
2026-01-16T18:39:24.282382,172.20.10.5,3,0
2026-01-16T18:39:24.282382,172.20.10.5,4,0
2026-01-16T18:39:24.282382,172.20.10.5,5,0
2026-01-16T18:39:24.282382,172.20.10.5,6,0
2026-01-16T18:39:24.282382,172.20.10.5,7,0
2026-01-16T18:39:24.282382,172.20.10.5,8,0.0361502
2026-01-16T18:39:24.282382,172.20.10.5,9,0
2026-01-16T18:39:24.282382,172.20.10.5,10,0
2026-01-16T18:39:24.282382,172.20.10.5,11,0
2026-01-16T18:39:24.282382,172.20.10.5,12,0
2026-01-16T18:39:24.282382,172.20.10.5,13,0
2026-01-16T18:39:24.282382,172.20.10.5,14,0
2026-01-16T18:39:24.282382,172.20.10.5,15,0
2026-01-16T18:39:24.282382,172.20.10.5,16,0
2026-01-16T18:39:24.282382,172.20.10.5,17,0
2026-01-16T18:39:24.282382,172.20.10.5,18,0
2026-01-16T18:39:24.282382,172.20.10.5,19,0
2026-01-16T18:39:24.282382,172.20.10.5,20,0
2026-01-16T18:39:24.282382,172.20.10.5,21,0
2026-01-16T18:39:24.282382,172.20.10.5,22,0
2026-01-16T18:39:24.282382,172.20.10.5,23,0
2026-01-16T18:39:24.282382,172.20.10.5,0,0
2026-01-16T18:39:24.282382,172.20.10.5,1,0
2026-01-16T18:39:24.282382,172.20.10.5,2,0
2026-01-16T18:39:24.282382,172.20.10.5,3,0
2026-01-16T18:39:24.282382,172.20.10.5,4,0
2026-01-16T18:39:24.282382,172.20.10.5,5,0
2026-01-16T18:39:24.282382,172.20.10.5,6,0
2026-01-16T18:39:24.282382,172.20.10.5,7,0
2026-01-16T18:39:24.282382,172.20.10.5,8,0.0361502
2026-01-16T18:39:24.282382,172.20.10.5,9,0
2026-01-16T18:39:24.282382,172.20.10.5,10,0
2026-01-16T18:39:24.282382,172.20.10.5,11,0
2026-01-16T18:39:24.282382,172.20.10.5,12,0
2026-01-16T18:39:24.282382,172.20.10.5,13,0
2026-01-16T18:39:24.282382,172.20.10.5,14,0
2026-01-16T18:39:24.282382,172.20.10.5,15,0
2026-01-16T18:39:24.282382,172.20.10.5,16,0
2026-01-16T18:39:24.282382,172.20.10.5,17,0
2026-01-16T18:39:24.282382,172.20.10.5,18,0
2026-01-16T18:39:24.282382,172.20.10.5,19,0
2026-01-16T18:39:24.282382,172.20.10.5,20,0
2026-01-16T18:39:24.282382,172.20.10.5,21,0
2026-01-16T18:39:24.282382,172.20.10.5,22,0
2026-01-16T18:39:24.282382,172.20.10.5,23,0
2026-01-16T18:39:24.282382,172.20.10.5,0,0
2026-01-16T18:39:24.282382,172.20.10.5,1,0
2026-01-16T18:39:24.282382,172.20.10.5,2,0
2026-01-16T18:39:24.282382,172.20.10.5,3,0
2026-01-16T18:39:24.282382,172.20.10.5,4,0
2026-01-16T18:39:24.282382,172.20.10.5,5,0
2026-01-16T18:39:24.282382,172.20.10.5,6,0
2026-01-16T18:39:24.282382,172.20.10.5,7,0
2026-01-16T18:39:24.282382,172.20.10.5,8,0.0361502
2026-01-16T18:39:24.282382,172.20.10.5,9,0
2026-01-16T18:39:24.282382,172.20.10.5,10,0
2026-01-16T18:39:24.282382,172.20.10.5,11,0
2026-01-16T18:39:24.282382,172.20.10.5,12,0
2026-01-16T18:39:24.282382,172.20.10.5,13,0
2026-01-16T18:39:24.282382,172.20.10.5,14,0
2026-01-16T18:39:24.282382,172.20.10.5,15,0
2026-01-16T18:39:24.282382,172.20.10.5,16,0
2026-01-16T18:39:24.282382,172.20.10.5,17,0
2026-01-16T18:39:24.282382,172.20.10.5,18,0
2026-01-16T18:39:24.282382,172.20.10.5,19,0
2026-01-16T18:39:24.282382,172.20.10.5,20,0
2026-01-16T18:39:24.282382,172.20.10.5,21,0
2026-01-16T18:39:24.282382,172.20.10.5,22,0
2026-01-16T18:39:24.282382,172.20.10.5,23,0
2026-01-16T18:39:24.282382,172.20.10.5,0,0
2026-01-16T18:39:24.282382,172.20.10.5,1,0
2026-01-16T18:39:24.282382,172.20.10.5,2,0
2026-01-16T18:39:24.282382,172.20.10.5,3,0
2026-01-16T18:39:24.282382,172.20.10.5,4,0
2026-01-16T18:39:24.282382,172.20.10.5,5,0
2026-01-16T18:39:24.282382,172.20.10.5,6,0
2026-01-16T18:39:24.282382,172.20.10.5,7,0
2026-01-16T18:39:24.282382,172.20.10.5,8,0.0361502
2026-01-16T18:39:24.282382,172.20.10.5,9,0
2026-01-16T18:39:24.282382,172.20.10.5,10,0
2026-01-16T18:39:24.282382,172.20.10.5,11,0
2026-01-16T18:39:24.282382,172.20.10.5,12,0
2026-01-16T18:39:24.282382,172.20.10.5,13,0
2026-01-16T18:39:24.282382,172.20.10.5,14,0
2026-01-16T18:39:24.282382,172.20.10.5,15,0
2026-01-16T18:39:24.282382,172.20.10.5,16,0
2026-01-16T18:39:24.282382,172.20.10.5,17,0
2026-01-16T18:39:24.282382,172.20.10.5,18,0
2026-01-16T18:39:24.282382,172.20.10.5,19,0
2026-01-16T18:39:24.282382,172.20.10.5,20,0
2026-01-16T18:39:24.282382,172.20.10.5,21,0
2026-01-16T18:39:24.282382,172.20.10.5,22,0
2026-01-16T18:39:24.282382,172.20.10.5,23,0
2026-01-16T18:39:24.282382,172.20.10.5,0,0
2026-01-16T18:39:24.282382,172.20.10.5,1,0
2026-01-16T18:39:24.282382,172.20.10.5,2,0
2026-01-16T18:39:24.282382,172.20.10.5,3,0
2026-01-16T18:39:24.282382,172.20.10.5,4,0
2026-01-16T18:39:24.282382,172.20.10.5,5,0
2026-01-16T18:39:24.282382,172.20.10.5,6,0
2026-01-16T18:39:24.282382,172.20.10.5,7,0
2026-01-16T18:39:24.282382,172.20.10.5,8,0.0361502
2026-01-16T18:39:24.282382,172.20.10.5,9,0
2026-01-16T18:39:24.282382,172.20.10.5,10,0
2026-01-16T18:39:24.282382,172.20.10.5,11,0
2026-01-16T18:39:24.282382,172.20.10.5,12,0
2026-01-16T18:39:24.282382,172.20.10.5,13,0
2026-01-16T18:39:24.282382,172.20.10.5,14,0
2026-01-16T18:39:24.282382,172.20.10.5,15,0
2026-01-16T18:39:24.282382,172.20.10.5,16,0
2026-01-16T18:39:24.282382,172.20.10.5,17,0
2026-01-16T18:39:24.282382,172.20.10.5,18,0
2026-01-16T18:39:24.282382,172.20.10.5,19,0
2026-01-16T18:39:24.282382,172.20.10.5,20,0
2026-01-16T18:39:24.282382,172.20.10.5,21,0
2026-01-16T18:39:24.282382,172.20.10.5,22,0
2026-01-16T18:39:24.282382,172.20.10.5,23,0
2026-01-16T18:39:24.282382,172.20.10.5,0,0
2026-01-16T18:39:24.282382,172.20.10.5,1,0
2026-01-16T18:39:24.282382,172.20.10.5,2,0
2026-01-16T18:39:24.282382,172.20.10.5,3,0
2026-01-16T18:39:24.282382,172.20.10.5,4,0
2026-01-16T18:39:24.282382,172.20.10.5,5,0
2026-01-16T18:39:24.282382,172.20.10.5,6,0
2026-01-16T18:39:24.282382,172.20.10.5,7,0
2026-01-16T18:39:24.282382,172.20.10.5,8,0.0361502
2026-01-16T18:39:24.282382,172.20.10.5,9,0
2026-01-16T18:39:24.282382,172.20.10.5,10,0
2026-01-16T18:39:24.282382,172.20.10.5,11,0
2026-01-16T18:39:24.282382,172.20.10.5,12,0
2026-01-16T18:39:24.282382,172.20.10.5,13,0
2026-01-16T18:39:24.282382,172.20.10.5,14,0
2026-01-16T18:39:24.282382,172.20.10.5,15,0
2026-01-16T18:39:24.282382,172.20.10.5,16,0
2026-01-16T18:39:24.282382,172.20.10.5,17,0
2026-01-16T18:39:24.282382,172.20.10.5,18,0
2026-01-16T18:39:24.282382,172.20.10.5,19,0
2026-01-16T18:39:24.282382,172.20.10.5,20,0
2026-01-16T18:39:24.282382,172.20.10.5,21,0
2026-01-16T18:39:24.282382,172.20.10.5,22,0
2026-01-16T18:39:24.282382,172.20.10.5,23,0
2026-01-16T18:39:24.282382,172.20.10.5,0,0
2026-01-16T18:39:24.282382,172.20.10.5,1,0
2026-01-16T18:39:24.282382,172.20.10.5,2,0
2026-01-16T18:39:24.282382,172.20.10.5,3,0
2026-01-16T18:39:24.282382,172.20.10.5,4,0
2026-01-16T18:39:24.282382,172.20.10.5,5,0
2026-01-16T18:39:24.282382,172.20.10.5,6,0
2026-01-16T18:39:24.282382,172.20.10.5,7,0
2026-01-16T18:39:24.282382,172.20.10.5,8,0.0361502
2026-01-16T18:39:24.282382,172.20.10.5,9,0
2026-01-16T18:39:24.282382,172.20.10.5,10,0
2026-01-16T18:39:24.282382,172.20.10.5,11,0
2026-01-16T18:39:24.282382,172.20.10.5,12,0
2026-01-16T18:39:24.282382,172.20.10.5,13,0
2026-01-16T18:39:24.282382,172.20.10.5,14,0
2026-01-16T18:39:24.282382,172.20.10.5,15,0
2026-01-16T18:39:24.282382,172.20.10.5,16,0
2026-01-16T18:39:24.282382,172.20.10.5,17,0
2026-01-16T18:39:24.282382,172.20.10.5,18,0
2026-01-16T18:39:24.282382,172.20.10.5,19,0
2026-01-16T18:39:24.282382,172.20.10.5,20,0
2026-01-16T18:39:24.282382,172.20.10.5,21,0
2026-01-16T18:39:24.282382,172.20.10.5,22,0
2026-01-16T18:39:24.282382,172.20.10.5,23,0
2026-01-16T18:39:24.282382,172.20.10.5,0,0
2026-01-16T18:39:24.282382,172.20.10.5,1,0
2026-01-16T18:39:24.282382,172.20.10.5,2,0
2026-01-16T18:39:24.282382,172.20.10.5,3,0
2026-01-16T18:39:24.282382,172.20.10.5,4,0
2026-01-16T18:39:24.282382,172.20.10.5,5,0
2026-01-16T18:39:24.282382,172.20.10.5,6,0
2026-01-16T18:39:24.282382,172.20.10.5,7,0
2026-01-16T18:39:24.282382,172.20.10.5,8,0.0361502
2026-01-16T18:39:24.282382,172.20.10.5,9,0
2026-01-16T18:39:24.282382,172.20.10.5,10,0
2026-01-16T18:39:24.282382,172.20.10.5,11,0
2026-01-16T18:39:24.282382,172.20.10.5,12,0
2026-01-16T18:39:24.282382,172.20.10.5,13,0
2026-01-16T18:39:24.282382,172.20.10.5,14,0
2026-01-16T18:39:24.282382,172.20.10.5,15,0
2026-01-16T18:39:24.282382,172.20.10.5,16,0
2026-01-16T18:39:24.282382,172.20.10.5,17,0
2026-01-16T18:39:24.282382,172.20.10.5,18,0
2026-01-16T18:39:24.282382,172.20.10.5,19,0
2026-01-16T18:39:24.282382,172.20.10.5,20,0
2026-01-16T18:39:24.282382,172.20.10.5,21,0
2026-01-16T18:39:24.282382,172.20.10.5,22,0
2026-01-16T18:39:24.282382,172.20.10.5,23,0
2026-01-16T18:39:24.282382,172.20.10.5,0,0
2026-01-16T18:39:24.282382,172.20.10.5,1,0
2026-01-16T18:39:24.282382,172.20.10.5,2,0
2026-01-16T18:39:24.282382,172.20.10.5,3,0
2026-01-16T18:39:24.282382,172.20.10.5,4,0
2026-01-16T18:39:24.282382,172.20.10.5,5,0
2026-01-16T18:39:24.282382,172.20.10.5,6,0
2026-01-16T18:39:24.282382,172.20.10.5,7,0
2026-01-16T18:39:24.282382,172.20.10.5,8,0.0361502
2026-01-16T18:39:24.282382,172.20.10.5,9,0
2026-01-16T18:39:24.282382,172.20.10.5,10,0
2026-01-16T18:39:24.282382,172.20.10.5,11,0
2026-01-16T18:39:24.282382,172.20.10.5,12,0
2026-01-16T18:39:24.282382,172.20.10.5,13,0
2026-01-16T18:39:24.282382,172.20.10.5,14,0
2026-01-16T18:39:24.282382,172.20.10.5,15,0
2026-01-16T18:39:24.282382,172.20.10.5,16,0
2026-01-16T18:39:24.282382,172.20.10.5,17,0
2026-01-16T18:39:24.282382,172.20.10.5,18,0
2026-01-16T18:39:24.282382,172.20.10.5,19,0
2026-01-16T18:39:24.282382,172.20.10.5,20,0
2026-01-16T18:39:24.282382,172.20.10.5,21,0
2026-01-16T18:39:24.282382,172.20.10.5,22,0
2026-01-16T18:39:24.282382,172.20.10.5,23,0
2026-01-16T18:39:24.282382,172.20.10.5,0,0
2026-01-16T18:39:24.282382,172.20.10.5,1,0
2026-01-16T18:39:24.282382,172.20.10.5,2,0
2026-01-16T18:39:24.282382,172.20.10.5,3,0
2026-01-16T18:39:24.282382,172.20.10.5,4,0
2026-01-16T18:39:24.282382,172.20.10.5,5,0
2026-01-16T18:39:24.282382,172.20.10.5,6,0
2026-01-16T18:39:24.282382,172.20.10.5,7,0
2026-01-16T18:39:24.282382,172.20.10.5,8,0.0361502
2026-01-16T18:39:24.282382,172.20.10.5,9,0
2026-01-16T18:39:24.282382,172.20.10.5,10,0
2026-01-16T18:39:24.282382,172.20.10.5,11,0
2026-01-16T18:39:24.282382,172.20.10.5,12,0
2026-01-16T18:39:24.282382,172.20.10.5,13,0
2026-01-16T18:39:24.282382,172.20.10.5,14,0
2026-01-16T18:39:24.282382,172.20.10.5,15,0
2026-01-16T18:39:24.282382,172.20.10.5,16,0
2026-01-16T18:39:24.282382,172.20.10.5,17,0
2026-01-16T18:39:24.282382,172.20.10.5,18,0
2026-01-16T18:39:24.282382,172.20.10.5,19,0
2026-01-16T18:39:24.282382,172.20.10.5,20,0
2026-01-16T18:39:24.282382,172.20.10.5,21,0
2026-01-16T18:39:24.282382,172.20.10.5,22,0
2026-01-16T18:39:24.282382,172.20.10.5,23,0
2026-01-16T18:39:24.282382,172.20.10.5,0,0
2026-01-16T18:39:24.282382,172.20.10.5,1,0
2026-01-16T18:39:24.282382,172.20.10.5,2,0
2026-01-16T18:39:24.282382,172.20.10.5,3,0
2026-01-16T18:39:24.282382,172.20.10.5,4,0
2026-01-16T18:39:24.282382,172.20.10.5,5,0
2026-01-16T18:39:24.282382,172.20.10.5,6,0
2026-01-16T18:39:24.282382,172.20.10.5,7,0
2026-01-16T18:39:24.282382,172.20.10.5,8,0.0361502
2026-01-16T18:39:24.282382,172.20.10.5,9,0
2026-01-16T18:39:24.282382,172.20.10.5,10,0
2026-01-16T18:39:24.282382,172.20.10.5,11,0
2026-01-16T18:39:24.282382,172.20.10.5,12,0
2026-01-16T18:39:24.282382,172.20.10.5,13,0
2026-01-16T18:39:24.282382,172.20.10.5,14,0
2026-01-16T18:39:24.282382,172.20.10.5,15,0
2026-01-16T18:39:24.282382,172.20.10.5,16,0
2026-01-16T18:39:24.282382,172.20.10.5,17,0
2026-01-16T18:39:24.282382,172.20.10.5,18,0
2026-01-16T18:39:24.282382,172.20.10.5,19,0
2026-01-16T18:39:24.282382,172.20.10.5,20,0
2026-01-16T18:39:24.282382,172.20.10.5,21,0
2026-01-16T18:39:24.282382,172.20.10.5,22,0
2026-01-16T18:39:24.282382,172.20.10.5,23,0
2026-01-16T18:39:24.282382,172.20.10.5,0,0
2026-01-16T18:39:24.282382,172.20.10.5,1,0
2026-01-16T18:39:24.282382,172.20.10.5,2,0
2026-01-16T18:39:24.282382,172.20.10.5,3,0
2026-01-16T18:39:24.282382,172.20.10.5,4,0
2026-01-16T18:39:24.282382,172.20.10.5,5,0
2026-01-16T18:39:24.282382,172.20.10.5,6,0
2026-01-16T18:39:24.282382,172.20.10.5,7,0
2026-01-16T18:39:24.282382,172.20.10.5,8,0.0361502
2026-01-16T18:39:24.282382,172.20.10.5,9,0
2026-01-16T18:39:24.282382,172.20.10.5,10,0
2026-01-16T18:39:24.282382,172.20.10.5,11,0
2026-01-16T18:39:24.282382,172.20.10.5,12,0
2026-01-16T18:39:24.282382,172.20.10.5,13,0
2026-01-16T18:39:24.282382,172.20.10.5,14,0
2026-01-16T18:39:24.282382,172.20.10.5,15,0
2026-01-16T18:39:24.282382,172.20.10.5,16,0
2026-01-16T18:39:24.282382,172.20.10.5,17,0
2026-01-16T18:39:24.282382,172.20.10.5,18,0
2026-01-16T18:39:24.282382,172.20.10.5,19,0
2026-01-16T18:39:24.282382,172.20.10.5,20,0
2026-01-16T18:39:24.282382,172.20.10.5,21,0
2026-01-16T18:39:24.282382,172.20.10.5,22,0
2026-01-16T18:39:24.282382,172.20.10.5,23,0
2026-01-16T18:39:24.282382,172.20.10.5,0,0
2026-01-16T18:39:24.282382,172.20.10.5,1,0
2026-01-16T18:39:24.282382,172.20.10.5,2,0
2026-01-16T18:39:24.282382,172.20.10.5,3,0
2026-01-16T18:39:24.282382,172.20.10.5,4,0
2026-01-16T18:39:24.282382,172.20.10.5,5,0
2026-01-16T18:39:24.282382,172.20.10.5,6,0
2026-01-16T18:39:24.282382,172.20.10.5,7,0
2026-01-16T18:39:24.282382,172.20.10.5,8,0.0361502
2026-01-16T18:39:24.282382,172.20.10.5,9,0
2026-01-16T18:39:24.282382,172.20.10.5,10,0
2026-01-16T18:39:24.282382,172.20.10.5,11,0
2026-01-16T18:39:24.282382,172.20.10.5,12,0
2026-01-16T18:39:24.282382,172.20.10.5,13,0
2026-01-16T18:39:24.282382,172.20.10.5,14,0
2026-01-16T18:39:24.282382,172.20.10.5,15,0
2026-01-16T18:39:24.282382,172.20.10.5,16,0
2026-01-16T18:39:24.282382,172.20.10.5,17,0
2026-01-16T18:39:24.282382,172.20.10.5,18,0
2026-01-16T18:39:24.282382,172.20.10.5,19,0
2026-01-16T18:39:24.282382,172.20.10.5,20,0
2026-01-16T18:39:24.282382,172.20.10.5,21,0
2026-01-16T18:39:24.282382,172.20.10.5,22,0
2026-01-16T18:39:24.282382,172.20.10.5,23,0
2026-01-16T18:39:24.282382,172.20.10.5,0,0
2026-01-16T18:39:24.282382,172.20.10.5,1,0
2026-01-16T18:39:24.282382,172.20.10.5,2,0
2026-01-16T18:39:24.282382,172.20.10.5,3,0
2026-01-16T18:39:24.282382,172.20.10.5,4,0
2026-01-16T18:39:24.282382,172.20.10.5,5,0
2026-01-16T18:39:24.282382,172.20.10.5,6,0
2026-01-16T18:39:24.282382,172.20.10.5,7,0
2026-01-16T18:39:24.282382,172.20.10.5,8,0.0361502
2026-01-16T18:39:24.282382,172.20.10.5,9,0
2026-01-16T18:39:24.282382,172.20.10.5,10,0
2026-01-16T18:39:24.282382,172.20.10.5,11,0
2026-01-16T18:39:24.282382,172.20.10.5,12,0
2026-01-16T18:39:24.282382,172.20.10.5,13,0
2026-01-16T18:39:24.282382,172.20.10.5,14,0
2026-01-16T18:39:24.282382,172.20.10.5,15,0
2026-01-16T18:39:24.282382,172.20.10.5,16,0
2026-01-16T18:39:24.282382,172.20.10.5,17,0
2026-01-16T18:39:24.282382,172.20.10.5,18,0
2026-01-16T18:39:24.282382,172.20.10.5,19,0
2026-01-16T18:39:24.282382,172.20.10.5,20,0
2026-01-16T18:39:24.282382,172.20.10.5,21,0
2026-01-16T18:39:24.282382,172.20.10.5,22,0
2026-01-16T18:39:24.282382,172.20.10.5,23,0
2026-01-16T18:39:24.282382,172.20.10.5,0,0
2026-01-16T18:39:24.282382,172.20.10.5,1,0
2026-01-16T18:39:24.282382,172.20.10.5,2,0
2026-01-16T18:39:24.282382,172.20.10.5,3,0
2026-01-16T18:39:24.282382,172.20.10.5,4,0
2026-01-16T18:39:24.282382,172.20.10.5,5,0
2026-01-16T18:39:24.282382,172.20.10.5,6,0
2026-01-16T18:39:24.282382,172.20.10.5,7,0
2026-01-16T18:39:24.282382,172.20.10.5,8,0.0361502
2026-01-16T18:39:24.282382,172.20.10.5,9,0
2026-01-16T18:39:24.282382,172.20.10.5,10,0
2026-01-16T18:39:24.282382,172.20.10.5,11,0
2026-01-16T18:39:24.282382,172.20.10.5,12,0
2026-01-16T18:39:24.282382,172.20.10.5,13,0
2026-01-16T18:39:24.282382,172.20.10.5,14,0
2026-01-16T18:39:24.282382,172.20.10.5,15,0
2026-01-16T18:39:24.282382,172.20.10.5,16,0
2026-01-16T18:39:24.282382,172.20.10.5,17,0
2026-01-16T18:39:24.282382,172.20.10.5,18,0
2026-01-16T18:39:24.282382,172.20.10.5,19,0
2026-01-16T18:39:24.282382,172.20.10.5,20,0
2026-01-16T18:39:24.282382,172.20.10.5,21,0
2026-01-16T18:39:24.282382,172.20.10.5,22,0
2026-01-16T18:39:24.282382,172.20.10.5,23,0
2026-01-16T18:39:24.282382,172.20.10.5,0,0
2026-01-16T18:39:24.282382,172.20.10.5,1,0
2026-01-16T18:39:24.282382,172.20.10.5,2,0
2026-01-16T18:39:24.282382,172.20.10.5,3,0
2026-01-16T18:39:24.282382,172.20.10.5,4,0
2026-01-16T18:39:24.282382,172.20.10.5,5,0
2026-01-16T18:39:24.282382,172.20.10.5,6,0
2026-01-16T18:39:24.282382,172.20.10.5,7,0
2026-01-16T18:39:24.282382,172.20.10.5,8,0.0361502
2026-01-16T18:39:24.282382,172.20.10.5,9,0
2026-01-16T18:39:24.282382,172.20.10.5,10,0
2026-01-16T18:39:24.282382,172.20.10.5,11,0
2026-01-16T18:39:24.282382,172.20.10.5,12,0
2026-01-16T18:39:24.282382,172.20.10.5,13,0
2026-01-16T18:39:24.282382,172.20.10.5,14,0
2026-01-16T18:39:24.282382,172.20.10.5,15,0
2026-01-16T18:39:24.282382,172.20.10.5,16,0
2026-01-16T18:39:24.282382,172.20.10.5,17,0
2026-01-16T18:39:24.282382,172.20.10.5,18,0
2026-01-16T18:39:24.282382,172.20.10.5,19,0
2026-01-16T18:39:24.282382,172.20.10.5,20,0
2026-01-16T18:39:24.282382,172.20.10.5,21,0
2026-01-16T18:39:24.282382,172.20.10.5,22,0
2026-01-16T18:39:24.282382,172.20.10.5,23,0
2026-01-16T18:39:24.282382,172.20.10.5,0,0
2026-01-16T18:39:24.282382,172.20.10.5,1,0
2026-01-16T18:39:24.282382,172.20.10.5,2,0
2026-01-16T18:39:24.282382,172.20.10.5,3,0
2026-01-16T18:39:24.282382,172.20.10.5,4,0
2026-01-16T18:39:24.282382,172.20.10.5,5,0
2026-01-16T18:39:24.282382,172.20.10.5,6,0
2026-01-16T18:39:24.282382,172.20.10.5,7,0
2026-01-16T18:39:24.282382,172.20.10.5,8,0.0361502
2026-01-16T18:39:24.282382,172.20.10.5,9,0
2026-01-16T18:39:24.282382,172.20.10.5,10,0
2026-01-16T18:39:24.282382,172.20.10.5,11,0
2026-01-16T18:39:24.282382,172.20.10.5,12,0
2026-01-16T18:39:24.282382,172.20.10.5,13,0
2026-01-16T18:39:24.282382,172.20.10.5,14,0
2026-01-16T18:39:24.282382,172.20.10.5,15,0
2026-01-16T18:39:24.282382,172.20.10.5,16,0
2026-01-16T18:39:24.282382,172.20.10.5,17,0
2026-01-16T18:39:24.282382,172.20.10.5,18,0
2026-01-16T18:39:24.282382,172.20.10.5,19,0
2026-01-16T18:39:24.282382,172.20.10.5,20,0
2026-01-16T18:39:24.282382,172.20.10.5,21,0
2026-01-16T18:39:24.282382,172.20.10.5,22,0
2026-01-16T18:39:24.282382,172.20.10.5,23,0
2026-01-16T18:39:24.282382,172.20.10.5,0,0
2026-01-16T18:39:24.282382,172.20.10.5,1,0
2026-01-16T18:39:24.282382,172.20.10.5,2,0
2026-01-16T18:39:24.282382,172.20.10.5,3,0
2026-01-16T18:39:24.282382,172.20.10.5,4,0
2026-01-16T18:39:24.282382,172.20.10.5,5,0
2026-01-16T18:39:24.282382,172.20.10.5,6,0
2026-01-16T18:39:24.282382,172.20.10.5,7,0
2026-01-16T18:39:24.282382,172.20.10.5,8,0.0361502
2026-01-16T18:39:24.282382,172.20.10.5,9,0
2026-01-16T18:39:24.282382,172.20.10.5,10,0
2026-01-16T18:39:24.282382,172.20.10.5,11,0
2026-01-16T18:39:24.282382,172.20.10.5,12,0
2026-01-16T18:39:24.282382,172.20.10.5,13,0
2026-01-16T18:39:24.282382,172.20.10.5,14,0
2026-01-16T18:39:24.282382,172.20.10.5,15,0
2026-01-16T18:39:24.282382,172.20.10.5,16,0
2026-01-16T18:39:24.282382,172.20.10.5,17,0
2026-01-16T18:39:24.282382,172.20.10.5,18,0
2026-01-16T18:39:24.282382,172.20.10.5,19,0
2026-01-16T18:39:24.282382,172.20.10.5,20,0
2026-01-16T18:39:24.282382,172.20.10.5,21,0
2026-01-16T18:39:24.282382,172.20.10.5,22,0
2026-01-16T18:39:24.282382,172.20.10.5,23,0
2026-01-16T18:39:24.282382,172.20.10.5,0,0
2026-01-16T18:39:24.282382,172.20.10.5,1,0
2026-01-16T18:39:24.282382,172.20.10.5,2,0
2026-01-16T18:39:24.282382,172.20.10.5,3,0
2026-01-16T18:39:24.282382,172.20.10.5,4,0
2026-01-16T18:39:24.282382,172.20.10.5,5,0
2026-01-16T18:39:24.282382,172.20.10.5,6,0
2026-01-16T18:39:24.282382,172.20.10.5,7,0
2026-01-16T18:39:24.282382,172.20.10.5,8,0.0361502
2026-01-16T18:39:24.282382,172.20.10.5,9,0
2026-01-16T18:39:24.282382,172.20.10.5,10,0
2026-01-16T18:39:24.282382,172.20.10.5,11,0
2026-01-16T18:39:24.282382,172.20.10.5,12,0
2026-01-16T18:39:24.282382,172.20.10.5,13,0
2026-01-16T18:39:24.282382,172.20.10.5,14,0
2026-01-16T18:39:24.282382,172.20.10.5,15,0
2026-01-16T18:39:24.282382,172.20.10.5,16,0
2026-01-16T18:39:24.282382,172.20.10.5,17,0
2026-01-16T18:39:24.282382,172.20.10.5,18,0
2026-01-16T18:39:24.282382,172.20.10.5,19,0
2026-01-16T18:39:24.282382,172.20.10.5,20,0
2026-01-16T18:39:24.282382,172.20.10.5,21,0
2026-01-16T18:39:24.282382,172.20.10.5,22,0
2026-01-16T18:39:24.282382,172.20.10.5,23,0
2026-01-16T18:39:24.282382,172.20.10.5,0,0
2026-01-16T18:39:24.282382,172.20.10.5,1,0
2026-01-16T18:39:24.282382,172.20.10.5,2,0
2026-01-16T18:39:24.282382,172.20.10.5,3,0
2026-01-16T18:39:24.282382,172.20.10.5,4,0
2026-01-16T18:39:24.282382,172.20.10.5,5,0
2026-01-16T18:39:24.282382,172.20.10.5,6,0
2026-01-16T18:39:24.282382,172.20.10.5,7,0
2026-01-16T18:39:24.282382,172.20.10.5,8,0.0361502
2026-01-16T18:39:24.282382,172.20.10.5,9,0
2026-01-16T18:39:24.282382,172.20.10.5,10,0
2026-01-16T18:39:24.282382,172.20.10.5,11,0
2026-01-16T18:39:24.282382,172.20.10.5,12,0
2026-01-16T18:39:24.282382,172.20.10.5,13,0
2026-01-16T18:39:24.282382,172.20.10.5,14,0
2026-01-16T18:39:24.282382,172.20.10.5,15,0
2026-01-16T18:39:24.282382,172.20.10.5,16,0
2026-01-16T18:39:24.282382,172.20.10.5,17,0
2026-01-16T18:39:24.282382,172.20.10.5,18,0
2026-01-16T18:39:24.282382,172.20.10.5,19,0
2026-01-16T18:39:24.282382,172.20.10.5,20,0
2026-01-16T18:39:24.282382,172.20.10.5,21,0
2026-01-16T18:39:24.282382,172.20.10.5,22,0
2026-01-16T18:39:24.282382,172.20.10.5,23,0
2026-01-16T18:39:24.282382,172.20.10.5,0,0
2026-01-16T18:39:24.282382,172.20.10.5,1,0
2026-01-16T18:39:24.282382,172.20.10.5,2,0
2026-01-16T18:39:24.282382,172.20.10.5,3,0
2026-01-16T18:39:24.282382,172.20.10.5,4,0
2026-01-16T18:39:24.282382,172.20.10.5,5,0
2026-01-16T18:39:24.282382,172.20.10.5,6,0
2026-01-16T18:39:24.282382,172.20.10.5,7,0
2026-01-16T18:39:24.282382,172.20.10.5,8,0.0361502
2026-01-16T18:39:24.282382,172.20.10.5,9,0
2026-01-16T18:39:24.282382,172.20.10.5,10,0
2026-01-16T18:39:24.282382,172.20.10.5,11,0
2026-01-16T18:39:24.282382,172.20.10.5,12,0
2026-01-16T18:39:24.282382,172.20.10.5,13,0
2026-01-16T18:39:24.282382,172.20.10.5,14,0
2026-01-16T18:39:24.282382,172.20.10.5,15,0
2026-01-16T18:39:24.282382,172.20.10.5,16,0
2026-01-16T18:39:24.282382,172.20.10.5,17,0
2026-01-16T18:39:24.282382,172.20.10.5,18,0
2026-01-16T18:39:24.282382,172.20.10.5,19,0
2026-01-16T18:39:24.282382,172.20.10.5,20,0
2026-01-16T18:39:24.282382,172.20.10.5,21,0
2026-01-16T18:39:24.282382,172.20.10.5,22,0
2026-01-16T18:39:24.282382,172.20.10.5,23,0
2026-01-16T18:39:24.282382,172.20.10.5,0,0
2026-01-16T18:39:24.282382,172.20.10.5,1,0
2026-01-16T18:39:24.282382,172.20.10.5,2,0
2026-01-16T18:39:24.282382,172.20.10.5,3,0
2026-01-16T18:39:24.282382,172.20.10.5,4,0
2026-01-16T18:39:24.282382,172.20.10.5,5,0
2026-01-16T18:39:24.282382,172.20.10.5,6,0
2026-01-16T18:39:24.282382,172.20.10.5,7,0
2026-01-16T18:39:24.282382,172.20.10.5,8,0.0361502
2026-01-16T18:39:24.282382,172.20.10.5,9,0
2026-01-16T18:39:24.282382,172.20.10.5,10,0
2026-01-16T18:39:24.282382,172.20.10.5,11,0
2026-01-16T18:39:24.282382,172.20.10.5,12,0
2026-01-16T18:39:24.282382,172.20.10.5,13,0
2026-01-16T18:39:24.282382,172.20.10.5,14,0
2026-01-16T18:39:24.282382,172.20.10.5,15,0
2026-01-16T18:39:24.282382,172.20.10.5,16,0
2026-01-16T18:39:24.282382,172.20.10.5,17,0
2026-01-16T18:39:24.282382,172.20.10.5,18,0
2026-01-16T18:39:24.282382,172.20.10.5,19,0
2026-01-16T18:39:24.282382,172.20.10.5,20,0
2026-01-16T18:39:24.282382,172.20.10.5,21,0
2026-01-16T18:39:24.282382,172.20.10.5,22,0
2026-01-16T18:39:24.282382,172.20.10.5,23,0
2026-01-16T18:39:24.282382,172.20.10.5,0,0
2026-01-16T18:39:24.282382,172.20.10.5,1,0
2026-01-16T18:39:24.282382,172.20.10.5,2,0
2026-01-16T18:39:24.282382,172.20.10.5,3,0
2026-01-16T18:39:24.282382,172.20.10.5,4,0
2026-01-16T18:39:24.282382,172.20.10.5,5,0
2026-01-16T18:39:24.282382,172.20.10.5,6,0
2026-01-16T18:39:24.282382,172.20.10.5,7,0
2026-01-16T18:39:24.282382,172.20.10.5,8,0.0361502
2026-01-16T18:39:24.282382,172.20.10.5,9,0
2026-01-16T18:39:24.282382,172.20.10.5,10,0
2026-01-16T18:39:24.282382,172.20.10.5,11,0
2026-01-16T18:39:24.282382,172.20.10.5,12,0
2026-01-16T18:39:24.282382,172.20.10.5,13,0
2026-01-16T18:39:24.282382,172.20.10.5,14,0
2026-01-16T18:39:24.282382,172.20.10.5,15,0
2026-01-16T18:39:24.282382,172.20.10.5,16,0
2026-01-16T18:39:24.282382,172.20.10.5,17,0
2026-01-16T18:39:24.282382,172.20.10.5,18,0
2026-01-16T18:39:24.282382,172.20.10.5,19,0
2026-01-16T18:39:24.282382,172.20.10.5,20,0
2026-01-16T18:39:24.282382,172.20.10.5,21,0
2026-01-16T18:39:24.282382,172.20.10.5,22,0
2026-01-16T18:39:24.282382,172.20.10.5,23,0
2026-01-16T18:39:24.282382,172.20.10.5,0,0
2026-01-16T18:39:24.282382,172.20.10.5,1,0
2026-01-16T18:39:24.282382,172.20.10.5,2,0
2026-01-16T18:39:24.282382,172.20.10.5,3,0
2026-01-16T18:39:24.282382,172.20.10.5,4,0
2026-01-16T18:39:24.282382,172.20.10.5,5,0
2026-01-16T18:39:24.282382,172.20.10.5,6,0
2026-01-16T18:39:24.282382,172.20.10.5,7,0
2026-01-16T18:39:24.282382,172.20.10.5,8,0.0361502
2026-01-16T18:39:24.282382,172.20.10.5,9,0
2026-01-16T18:39:24.282382,172.20.10.5,10,0
2026-01-16T18:39:24.282382,172.20.10.5,11,0
2026-01-16T18:39:24.282382,172.20.10.5,12,0
2026-01-16T18:39:24.282382,172.20.10.5,13,0
2026-01-16T18:39:24.282382,172.20.10.5,14,0
2026-01-16T18:39:24.282382,172.20.10.5,15,0
2026-01-16T18:39:24.282382,172.20.10.5,16,0
2026-01-16T18:39:24.282382,172.20.10.5,17,0
2026-01-16T18:39:24.282382,172.20.10.5,18,0
2026-01-16T18:39:24.282382,172.20.10.5,19,0
2026-01-16T18:39:24.282382,172.20.10.5,20,0
2026-01-16T18:39:24.282382,172.20.10.5,21,0
2026-01-16T18:39:24.282382,172.20.10.5,22,0
2026-01-16T18:39:24.282382,172.20.10.5,23,0
2026-01-16T18:39:24.282382,172.20.10.5,0,0
2026-01-16T18:39:24.282382,172.20.10.5,1,0
2026-01-16T18:39:24.282382,172.20.10.5,2,0
2026-01-16T18:39:24.282382,172.20.10.5,3,0
2026-01-16T18:39:24.282382,172.20.10.5,4,0
2026-01-16T18:39:24.282382,172.20.10.5,5,0
2026-01-16T18:39:24.282382,172.20.10.5,6,0
2026-01-16T18:39:24.282382,172.20.10.5,7,0
2026-01-16T18:39:24.282382,172.20.10.5,8,0.0361502
2026-01-16T18:39:24.282382,172.20.10.5,9,0
2026-01-16T18:39:24.282382,172.20.10.5,10,0
2026-01-16T18:39:24.282382,172.20.10.5,11,0
2026-01-16T18:39:24.282382,172.20.10.5,12,0
2026-01-16T18:39:24.282382,172.20.10.5,13,0
2026-01-16T18:39:24.282382,172.20.10.5,14,0
2026-01-16T18:39:24.282382,172.20.10.5,15,0
2026-01-16T18:39:24.282382,172.20.10.5,16,0
2026-01-16T18:39:24.282382,172.20.10.5,17,0
2026-01-16T18:39:24.282382,172.20.10.5,18,0
2026-01-16T18:39:24.282382,172.20.10.5,19,0
2026-01-16T18:39:24.282382,172.20.10.5,20,0
2026-01-16T18:39:24.282382,172.20.10.5,21,0
2026-01-16T18:39:24.282382,172.20.10.5,22,0
2026-01-16T18:39:24.282382,172.20.10.5,23,0
2026-01-16T18:39:24.282382,172.20.10.5,0,0
2026-01-16T18:39:24.282382,172.20.10.5,1,0
2026-01-16T18:39:24.282382,172.20.10.5,2,0
2026-01-16T18:39:24.282382,172.20.10.5,3,0
2026-01-16T18:39:24.282382,172.20.10.5,4,0
2026-01-16T18:39:24.282382,172.20.10.5,5,0
2026-01-16T18:39:24.282382,172.20.10.5,6,0
2026-01-16T18:39:24.282382,172.20.10.5,7,0
2026-01-16T18:39:24.282382,172.20.10.5,8,0.0361502
2026-01-16T18:39:24.282382,172.20.10.5,9,0
2026-01-16T18:39:24.282382,172.20.10.5,10,0
2026-01-16T18:39:24.282382,172.20.10.5,11,0
2026-01-16T18:39:24.282382,172.20.10.5,12,0
2026-01-16T18:39:24.282382,172.20.10.5,13,0
2026-01-16T18:39:24.282382,172.20.10.5,14,0
2026-01-16T18:39:24.282382,172.20.10.5,15,0
2026-01-16T18:39:24.282382,172.20.10.5,16,0
2026-01-16T18:39:24.282382,172.20.10.5,17,0
2026-01-16T18:39:24.282382,172.20.10.5,18,0
2026-01-16T18:39:24.282382,172.20.10.5,19,0
2026-01-16T18:39:24.282382,172.20.10.5,20,0
2026-01-16T18:39:24.282382,172.20.10.5,21,0
2026-01-16T18:39:24.282382,172.20.10.5,22,0
2026-01-16T18:39:24.282382,172.20.10.5,23,0
2026-01-16T18:39:24.282382,172.20.10.5,0,0
2026-01-16T18:39:24.282382,172.20.10.5,1,0
2026-01-16T18:39:24.282382,172.20.10.5,2,0
2026-01-16T18:39:24.282382,172.20.10.5,3,0
2026-01-16T18:39:24.282382,172.20.10.5,4,0
2026-01-16T18:39:24.282382,172.20.10.5,5,0
2026-01-16T18:39:24.282382,172.20.10.5,6,0
2026-01-16T18:39:24.282382,172.20.10.5,7,0
2026-01-16T18:39:24.282382,172.20.10.5,8,0.0361502
2026-01-16T18:39:24.282382,172.20.10.5,9,0
2026-01-16T18:39:24.282382,172.20.10.5,10,0
2026-01-16T18:39:24.282382,172.20.10.5,11,0
2026-01-16T18:39:24.282382,172.20.10.5,12,0
2026-01-16T18:39:24.282382,172.20.10.5,13,0
2026-01-16T18:39:24.282382,172.20.10.5,14,0
2026-01-16T18:39:24.282382,172.20.10.5,15,0
2026-01-16T18:39:24.282382,172.20.10.5,16,0
2026-01-16T18:39:24.282382,172.20.10.5,17,0
2026-01-16T18:39:24.282382,172.20.10.5,18,0
2026-01-16T18:39:24.282382,172.20.10.5,19,0
2026-01-16T18:39:24.282382,172.20.10.5,20,0
2026-01-16T18:39:24.282382,172.20.10.5,21,0
2026-01-16T18:39:24.282382,172.20.10.5,22,0
2026-01-16T18:39:24.282382,172.20.10.5,23,0
2026-01-16T18:39:24.282382,172.20.10.5,0,0
2026-01-16T18:39:24.282382,172.20.10.5,1,0
2026-01-16T18:39:24.282382,172.20.10.5,2,0
2026-01-16T18:39:24.282382,172.20.10.5,3,0
2026-01-16T18:39:24.282382,172.20.10.5,4,0
2026-01-16T18:39:24.282382,172.20.10.5,5,0
2026-01-16T18:39:24.282382,172.20.10.5,6,0
2026-01-16T18:39:24.282382,172.20.10.5,7,0
2026-01-16T18:39:24.282382,172.20.10.5,8,0.0361502
2026-01-16T18:39:24.282382,172.20.10.5,9,0
2026-01-16T18:39:24.282382,172.20.10.5,10,0
2026-01-16T18:39:24.282382,172.20.10.5,11,0
2026-01-16T18:39:24.282382,172.20.10.5,12,0
2026-01-16T18:39:24.282382,172.20.10.5,13,0
2026-01-16T18:39:24.282382,172.20.10.5,14,0
2026-01-16T18:39:24.282382,172.20.10.5,15,0
2026-01-16T18:39:24.282382,172.20.10.5,16,0
2026-01-16T18:39:24.282382,172.20.10.5,17,0
2026-01-16T18:39:24.282382,172.20.10.5,18,0
2026-01-16T18:39:24.282382,172.20.10.5,19,0
2026-01-16T18:39:24.282382,172.20.10.5,20,0
2026-01-16T18:39:24.282382,172.20.10.5,21,0
2026-01-16T18:39:24.282382,172.20.10.5,22,0
2026-01-16T18:39:24.282382,172.20.10.5,23,0
2026-01-16T18:39:24.282382,172.20.10.5,0,0
2026-01-16T18:39:24.282382,172.20.10.5,1,0
2026-01-16T18:39:24.282382,172.20.10.5,2,0
2026-01-16T18:39:24.282382,172.20.10.5,3,0
2026-01-16T18:39:24.282382,172.20.10.5,4,0
2026-01-16T18:39:24.282382,172.20.10.5,5,0
2026-01-16T18:39:24.282382,172.20.10.5,6,0
2026-01-16T18:39:24.282382,172.20.10.5,7,0
2026-01-16T18:39:24.282382,172.20.10.5,8,0.0361502
2026-01-16T18:39:24.282382,172.20.10.5,9,0
2026-01-16T18:39:24.282382,172.20.10.5,10,0
2026-01-16T18:39:24.282382,172.20.10.5,11,0
2026-01-16T18:39:24.282382,172.20.10.5,12,0
2026-01-16T18:39:24.282382,172.20.10.5,13,0
2026-01-16T18:39:24.282382,172.20.10.5,14,0
2026-01-16T18:39:24.282382,172.20.10.5,15,0
2026-01-16T18:39:24.282382,172.20.10.5,16,0
2026-01-16T18:39:24.282382,172.20.10.5,17,0
2026-01-16T18:39:24.282382,172.20.10.5,18,0
2026-01-16T18:39:24.282382,172.20.10.5,19,0
2026-01-16T18:39:24.282382,172.20.10.5,20,0
2026-01-16T18:39:24.282382,172.20.10.5,21,0
2026-01-16T18:39:24.282382,172.20.10.5,22,0
2026-01-16T18:39:24.282382,172.20.10.5,23,0
2026-01-16T18:39:24.282382,172.20.10.5,0,0
2026-01-16T18:39:24.282382,172.20.10.5,1,0
2026-01-16T18:39:24.282382,172.20.10.5,2,0
2026-01-16T18:39:24.282382,172.20.10.5,3,0
2026-01-16T18:39:24.282382,172.20.10.5,4,0
2026-01-16T18:39:24.282382,172.20.10.5,5,0
2026-01-16T18:39:24.282382,172.20.10.5,6,0
2026-01-16T18:39:24.282382,172.20.10.5,7,0
2026-01-16T18:39:24.282382,172.20.10.5,8,0.0361502
2026-01-16T18:39:24.282382,172.20.10.5,9,0
2026-01-16T18:39:24.282382,172.20.10.5,10,0
2026-01-16T18:39:24.282382,172.20.10.5,11,0
2026-01-16T18:39:24.282382,172.20.10.5,12,0
2026-01-16T18:39:24.282382,172.20.10.5,13,0
2026-01-16T18:39:24.282382,172.20.10.5,14,0
2026-01-16T18:39:24.282382,172.20.10.5,15,0
2026-01-16T18:39:24.282382,172.20.10.5,16,0
2026-01-16T18:39:24.282382,172.20.10.5,17,0
2026-01-16T18:39:24.282382,172.20.10.5,18,0
2026-01-16T18:39:24.282382,172.20.10.5,19,0
2026-01-16T18:39:24.282382,172.20.10.5,20,0
2026-01-16T18:39:24.282382,172.20.10.5,21,0
2026-01-16T18:39:24.282382,172.20.10.5,22,0
2026-01-16T18:39:24.282382,172.20.10.5,23,0
2026-01-16T18:39:24.282382,172.20.10.5,0,0
2026-01-16T18:39:24.282382,172.20.10.5,1,0
2026-01-16T18:39:24.282382,172.20.10.5,2,0
2026-01-16T18:39:24.282382,172.20.10.5,3,0
2026-01-16T18:39:24.282382,172.20.10.5,4,0
2026-01-16T18:39:24.282382,172.20.10.5,5,0
2026-01-16T18:39:24.282382,172.20.10.5,6,0
2026-01-16T18:39:24.282382,172.20.10.5,7,0
2026-01-16T18:39:24.282382,172.20.10.5,8,0.0361502
2026-01-16T18:39:24.282382,172.20.10.5,9,0
2026-01-16T18:39:24.282382,172.20.10.5,10,0
2026-01-16T18:39:24.282382,172.20.10.5,11,0
2026-01-16T18:39:24.282382,172.20.10.5,12,0
2026-01-16T18:39:24.282382,172.20.10.5,13,0
2026-01-16T18:39:24.282382,172.20.10.5,14,0
2026-01-16T18:39:24.282382,172.20.10.5,15,0
2026-01-16T18:39:24.282382,172.20.10.5,16,0
2026-01-16T18:39:24.282382,172.20.10.5,17,0
2026-01-16T18:39:24.282382,172.20.10.5,18,0
2026-01-16T18:39:24.282382,172.20.10.5,19,0
2026-01-16T18:39:24.282382,172.20.10.5,20,0
2026-01-16T18:39:24.282382,172.20.10.5,21,0
2026-01-16T18:39:24.282382,172.20.10.5,22,0
2026-01-16T18:39:24.282382,172.20.10.5,23,0
2026-01-16T18:39:24.282382,172.20.10.5,0,0
2026-01-16T18:39:24.282382,172.20.10.5,1,0
2026-01-16T18:39:24.282382,172.20.10.5,2,0
2026-01-16T18:39:24.282382,172.20.10.5,3,0
2026-01-16T18:39:24.282382,172.20.10.5,4,0
2026-01-16T18:39:24.282382,172.20.10.5,5,0
2026-01-16T18:39:24.282382,172.20.10.5,6,0
2026-01-16T18:39:24.282382,172.20.10.5,7,0
2026-01-16T18:39:24.282382,172.20.10.5,8,0.0361502
2026-01-16T18:39:24.282382,172.20.10.5,9,0
2026-01-16T18:39:24.282382,172.20.10.5,10,0
2026-01-16T18:39:24.282382,172.20.10.5,11,0
2026-01-16T18:39:24.282382,172.20.10.5,12,0
2026-01-16T18:39:24.282382,172.20.10.5,13,0
2026-01-16T18:39:24.282382,172.20.10.5,14,0
2026-01-16T18:39:24.282382,172.20.10.5,15,0
2026-01-16T18:39:24.282382,172.20.10.5,16,0
2026-01-16T18:39:24.282382,172.20.10.5,17,0
2026-01-16T18:39:24.282382,172.20.10.5,18,0
2026-01-16T18:39:24.282382,172.20.10.5,19,0
2026-01-16T18:39:24.282382,172.20.10.5,20,0
2026-01-16T18:39:24.282382,172.20.10.5,21,0
2026-01-16T18:39:24.282382,172.20.10.5,22,0
2026-01-16T18:39:24.282382,172.20.10.5,23,0
2026-01-16T18:39:24.282382,172.20.10.5,0,0
2026-01-16T18:39:24.282382,172.20.10.5,1,0
2026-01-16T18:39:24.282382,172.20.10.5,2,0
2026-01-16T18:39:24.282382,172.20.10.5,3,0
2026-01-16T18:39:24.282382,172.20.10.5,4,0
2026-01-16T18:39:24.282382,172.20.10.5,5,0
2026-01-16T18:39:24.282382,172.20.10.5,6,0
2026-01-16T18:39:24.282382,172.20.10.5,7,0
2026-01-16T18:39:24.282382,172.20.10.5,8,0.0361502
2026-01-16T18:39:24.282382,172.20.10.5,9,0
2026-01-16T18:39:24.282382,172.20.10.5,10,0
2026-01-16T18:39:24.282382,172.20.10.5,11,0
2026-01-16T18:39:24.282382,172.20.10.5,12,0
2026-01-16T18:39:24.282382,172.20.10.5,13,0
2026-01-16T18:39:24.282382,172.20.10.5,14,0
2026-01-16T18:39:24.282382,172.20.10.5,15,0
2026-01-16T18:39:24.282382,172.20.10.5,16,0
2026-01-16T18:39:24.282382,172.20.10.5,17,0
2026-01-16T18:39:24.282382,172.20.10.5,18,0
2026-01-16T18:39:24.282382,172.20.10.5,19,0
2026-01-16T18:39:24.282382,172.20.10.5,20,0
2026-01-16T18:39:24.282382,172.20.10.5,21,0
2026-01-16T18:39:24.282382,172.20.10.5,22,0
2026-01-16T18:39:24.282382,172.20.10.5,23,0
2026-01-16T18:39:24.282382,172.20.10.5,0,0
2026-01-16T18:39:24.282382,172.20.10.5,1,0
2026-01-16T18:39:24.282382,172.20.10.5,2,0
2026-01-16T18:39:24.282382,172.20.10.5,3,0
2026-01-16T18:39:24.282382,172.20.10.5,4,0
2026-01-16T18:39:24.282382,172.20.10.5,5,0
2026-01-16T18:39:24.282382,172.20.10.5,6,0
2026-01-16T18:39:24.282382,172.20.10.5,7,0
2026-01-16T18:39:24.282382,172.20.10.5,8,0.0361502
2026-01-16T18:39:24.282382,172.20.10.5,9,0
2026-01-16T18:39:24.282382,172.20.10.5,10,0
2026-01-16T18:39:24.282382,172.20.10.5,11,0
2026-01-16T18:39:24.282382,172.20.10.5,12,0
2026-01-16T18:39:24.282382,172.20.10.5,13,0
2026-01-16T18:39:24.282382,172.20.10.5,14,0
2026-01-16T18:39:24.282382,172.20.10.5,15,0
2026-01-16T18:39:24.282382,172.20.10.5,16,0
2026-01-16T18:39:24.282382,172.20.10.5,17,0
2026-01-16T18:39:24.282382,172.20.10.5,18,0
2026-01-16T18:39:24.282382,172.20.10.5,19,0
2026-01-16T18:39:24.282382,172.20.10.5,20,0
2026-01-16T18:39:24.282382,172.20.10.5,21,0
2026-01-16T18:39:24.282382,172.20.10.5,22,0
2026-01-16T18:39:24.282382,172.20.10.5,23,0
2026-01-16T18:39:24.282382,172.20.10.5,0,0
2026-01-16T18:39:24.282382,172.20.10.5,1,0
2026-01-16T18:39:24.282382,172.20.10.5,2,0
2026-01-16T18:39:24.282382,172.20.10.5,3,0
2026-01-16T18:39:24.282382,172.20.10.5,4,0
2026-01-16T18:39:24.282382,172.20.10.5,5,0
2026-01-16T18:39:24.282382,172.20.10.5,6,0
2026-01-16T18:39:24.282382,172.20.10.5,7,0
2026-01-16T18:39:24.282382,172.20.10.5,8,0.0361502
2026-01-16T18:39:24.282382,172.20.10.5,9,0
2026-01-16T18:39:24.282382,172.20.10.5,10,0
2026-01-16T18:39:24.282382,172.20.10.5,11,0
2026-01-16T18:39:24.282382,172.20.10.5,12,0
2026-01-16T18:39:24.282382,172.20.10.5,13,0
2026-01-16T18:39:24.282382,172.20.10.5,14,0
2026-01-16T18:39:24.282382,172.20.10.5,15,0
2026-01-16T18:39:24.282382,172.20.10.5,16,0
2026-01-16T18:39:24.282382,172.20.10.5,17,0
2026-01-16T18:39:24.282382,172.20.10.5,18,0
2026-01-16T18:39:24.282382,172.20.10.5,19,0
2026-01-16T18:39:24.282382,172.20.10.5,20,0
2026-01-16T18:39:24.282382,172.20.10.5,21,0
2026-01-16T18:39:24.282382,172.20.10.5,22,0
2026-01-16T18:39:24.282382,172.20.10.5,23,0
2026-01-16T18:39:24.282382,172.20.10.5,0,0
2026-01-16T18:39:24.282382,172.20.10.5,1,0
2026-01-16T18:39:24.282382,172.20.10.5,2,0
2026-01-16T18:39:24.282382,172.20.10.5,3,0
2026-01-16T18:39:24.282382,172.20.10.5,4,0
2026-01-16T18:39:24.282382,172.20.10.5,5,0
2026-01-16T18:39:24.282382,172.20.10.5,6,0
2026-01-16T18:39:24.282382,172.20.10.5,7,0
2026-01-16T18:39:24.282382,172.20.10.5,8,0.0361502
2026-01-16T18:39:24.282382,172.20.10.5,9,0
2026-01-16T18:39:24.282382,172.20.10.5,10,0
2026-01-16T18:39:24.282382,172.20.10.5,11,0
2026-01-16T18:39:24.282382,172.20.10.5,12,0
2026-01-16T18:39:24.282382,172.20.10.5,13,0
2026-01-16T18:39:24.282382,172.20.10.5,14,0
2026-01-16T18:39:24.282382,172.20.10.5,15,0
2026-01-16T18:39:24.282382,172.20.10.5,16,0
2026-01-16T18:39:24.282382,172.20.10.5,17,0
2026-01-16T18:39:24.282382,172.20.10.5,18,0
2026-01-16T18:39:24.282382,172.20.10.5,19,0
2026-01-16T18:39:24.282382,172.20.10.5,20,0
2026-01-16T18:39:24.282382,172.20.10.5,21,0
2026-01-16T18:39:24.282382,172.20.10.5,22,0
2026-01-16T18:39:24.282382,172.20.10.5,23,0
2026-01-16T18:39:24.282382,172.20.10.5,0,0
2026-01-16T18:39:24.282382,172.20.10.5,1,0
2026-01-16T18:39:24.282382,172.20.10.5,2,0
2026-01-16T18:39:24.282382,172.20.10.5,3,0
2026-01-16T18:39:24.282382,172.20.10.5,4,0
2026-01-16T18:39:24.282382,172.20.10.5,5,0
2026-01-16T18:39:24.282382,172.20.10.5,6,0
2026-01-16T18:39:24.282382,172.20.10.5,7,0
2026-01-16T18:39:24.282382,172.20.10.5,8,0.0361502
2026-01-16T18:39:24.282382,172.20.10.5,9,0
2026-01-16T18:39:24.282382,172.20.10.5,10,0
2026-01-16T18:39:24.282382,172.20.10.5,11,0
2026-01-16T18:39:24.282382,172.20.10.5,12,0
2026-01-16T18:39:24.282382,172.20.10.5,13,0
2026-01-16T18:39:24.282382,172.20.10.5,14,0
2026-01-16T18:39:24.282382,172.20.10.5,15,0
2026-01-16T18:39:24.282382,172.20.10.5,16,0
2026-01-16T18:39:24.282382,172.20.10.5,17,0
2026-01-16T18:39:24.282382,172.20.10.5,18,0
2026-01-16T18:39:24.282382,172.20.10.5,19,0
2026-01-16T18:39:24.282382,172.20.10.5,20,0
2026-01-16T18:39:24.282382,172.20.10.5,21,0
2026-01-16T18:39:24.282382,172.20.10.5,22,0
2026-01-16T18:39:24.282382,172.20.10.5,23,0
2026-01-16T18:39:24.282382,172.20.10.5,0,0
2026-01-16T18:39:24.282382,172.20.10.5,1,0
2026-01-16T18:39:24.282382,172.20.10.5,2,0
2026-01-16T18:39:24.282382,172.20.10.5,3,0
2026-01-16T18:39:24.282382,172.20.10.5,4,0
2026-01-16T18:39:24.282382,172.20.10.5,5,0
2026-01-16T18:39:24.282382,172.20.10.5,6,0
2026-01-16T18:39:24.282382,172.20.10.5,7,0
2026-01-16T18:39:24.282382,172.20.10.5,8,0.0361502
2026-01-16T18:39:24.282382,172.20.10.5,9,0
2026-01-16T18:39:24.282382,172.20.10.5,10,0
2026-01-16T18:39:24.282382,172.20.10.5,11,0
2026-01-16T18:39:24.282382,172.20.10.5,12,0
2026-01-16T18:39:24.282382,172.20.10.5,13,0
2026-01-16T18:39:24.282382,172.20.10.5,14,0
2026-01-16T18:39:24.282382,172.20.10.5,15,0
2026-01-16T18:39:24.282382,172.20.10.5,16,0
2026-01-16T18:39:24.282382,172.20.10.5,17,0
2026-01-16T18:39:24.282382,172.20.10.5,18,0
2026-01-16T18:39:24.282382,172.20.10.5,19,0
2026-01-16T18:39:24.282382,172.20.10.5,20,0
2026-01-16T18:39:24.282382,172.20.10.5,21,0
2026-01-16T18:39:24.282382,172.20.10.5,22,0
2026-01-16T18:39:24.282382,172.20.10.5,23,0
2026-01-16T18:39:24.282382,172.20.10.5,0,0
2026-01-16T18:39:24.282382,172.20.10.5,1,0
2026-01-16T18:39:24.282382,172.20.10.5,2,0
2026-01-16T18:39:24.282382,172.20.10.5,3,0
2026-01-16T18:39:24.282382,172.20.10.5,4,0
2026-01-16T18:39:24.282382,172.20.10.5,5,0
2026-01-16T18:39:24.282382,172.20.10.5,6,0
2026-01-16T18:39:24.282382,172.20.10.5,7,0
2026-01-16T18:39:24.282382,172.20.10.5,8,0.0361502
2026-01-16T18:39:24.282382,172.20.10.5,9,0
2026-01-16T18:39:24.282382,172.20.10.5,10,0
2026-01-16T18:39:24.282382,172.20.10.5,11,0
2026-01-16T18:39:24.282382,172.20.10.5,12,0
2026-01-16T18:39:24.282382,172.20.10.5,13,0
2026-01-16T18:39:24.282382,172.20.10.5,14,0
2026-01-16T18:39:24.282382,172.20.10.5,15,0
2026-01-16T18:39:24.282382,172.20.10.5,16,0
2026-01-16T18:39:24.282382,172.20.10.5,17,0
2026-01-16T18:39:24.282382,172.20.10.5,18,0
2026-01-16T18:39:24.282382,172.20.10.5,19,0
2026-01-16T18:39:24.282382,172.20.10.5,20,0
2026-01-16T18:39:24.282382,172.20.10.5,21,0
2026-01-16T18:39:24.282382,172.20.10.5,22,0
2026-01-16T18:39:24.282382,172.20.10.5,23,0
2026-01-16T18:39:24.282382,172.20.10.5,0,0
2026-01-16T18:39:24.282382,172.20.10.5,1,0
2026-01-16T18:39:24.282382,172.20.10.5,2,0
2026-01-16T18:39:24.282382,172.20.10.5,3,0
2026-01-16T18:39:24.282382,172.20.10.5,4,0
2026-01-16T18:39:24.282382,172.20.10.5,5,0
2026-01-16T18:39:24.282382,172.20.10.5,6,0
2026-01-16T18:39:24.282382,172.20.10.5,7,0
2026-01-16T18:39:24.282382,172.20.10.5,8,0.0361502
2026-01-16T18:39:24.282382,172.20.10.5,9,0
2026-01-16T18:39:24.282382,172.20.10.5,10,0
2026-01-16T18:39:24.282382,172.20.10.5,11,0
2026-01-16T18:39:24.282382,172.20.10.5,12,0
2026-01-16T18:39:24.282382,172.20.10.5,13,0
2026-01-16T18:39:24.282382,172.20.10.5,14,0
2026-01-16T18:39:24.282382,172.20.10.5,15,0
2026-01-16T18:39:24.282382,172.20.10.5,16,0
2026-01-16T18:39:24.282382,172.20.10.5,17,0
2026-01-16T18:39:24.282382,172.20.10.5,18,0
2026-01-16T18:39:24.282382,172.20.10.5,19,0
2026-01-16T18:39:24.282382,172.20.10.5,20,0
2026-01-16T18:39:24.282382,172.20.10.5,21,0
2026-01-16T18:39:24.282382,172.20.10.5,22,0
2026-01-16T18:39:24.282382,172.20.10.5,23,0
2026-01-16T18:39:24.282382,172.20.10.5,0,0
2026-01-16T18:39:24.282382,172.20.10.5,1,0
2026-01-16T18:39:24.282382,172.20.10.5,2,0
2026-01-16T18:39:24.282382,172.20.10.5,3,0
2026-01-16T18:39:24.282382,172.20.10.5,4,0
2026-01-16T18:39:24.282382,172.20.10.5,5,0
2026-01-16T18:39:24.282382,172.20.10.5,6,0
2026-01-16T18:39:24.282382,172.20.10.5,7,0
2026-01-16T18:39:24.282382,172.20.10.5,8,0.0361502
2026-01-16T18:39:24.282382,172.20.10.5,9,0
2026-01-16T18:39:24.282382,172.20.10.5,10,0
2026-01-16T18:39:24.282382,172.20.10.5,11,0
2026-01-16T18:39:24.282382,172.20.10.5,12,0
2026-01-16T18:39:24.282382,172.20.10.5,13,0
2026-01-16T18:39:24.282382,172.20.10.5,14,0
2026-01-16T18:39:24.282382,172.20.10.5,15,0
2026-01-16T18:39:24.282382,172.20.10.5,16,0
2026-01-16T18:39:24.282382,172.20.10.5,17,0
2026-01-16T18:39:24.282382,172.20.10.5,18,0
2026-01-16T18:39:24.282382,172.20.10.5,19,0
2026-01-16T18:39:24.282382,172.20.10.5,20,0
2026-01-16T18:39:24.282382,172.20.10.5,21,0
2026-01-16T18:39:24.282382,172.20.10.5,22,0
2026-01-16T18:39:24.282382,172.20.10.5,23,0
2026-01-16T18:39:24.282382,172.20.10.5,0,0
2026-01-16T18:39:24.282382,172.20.10.5,1,0
2026-01-16T18:39:24.282382,172.20.10.5,2,0
2026-01-16T18:39:24.282382,172.20.10.5,3,0
2026-01-16T18:39:24.282382,172.20.10.5,4,0
2026-01-16T18:39:24.282382,172.20.10.5,5,0
2026-01-16T18:39:24.282382,172.20.10.5,6,0
2026-01-16T18:39:24.282382,172.20.10.5,7,0
2026-01-16T18:39:24.282382,172.20.10.5,8,0.0361502
2026-01-16T18:39:24.282382,172.20.10.5,9,0
2026-01-16T18:39:24.282382,172.20.10.5,10,0
2026-01-16T18:39:24.282382,172.20.10.5,11,0
2026-01-16T18:39:24.282382,172.20.10.5,12,0
2026-01-16T18:39:24.282382,172.20.10.5,13,0
2026-01-16T18:39:24.282382,172.20.10.5,14,0
2026-01-16T18:39:24.282382,172.20.10.5,15,0
2026-01-16T18:39:24.282382,172.20.10.5,16,0
2026-01-16T18:39:24.282382,172.20.10.5,17,0
2026-01-16T18:39:24.282382,172.20.10.5,18,0
2026-01-16T18:39:24.282382,172.20.10.5,19,0
2026-01-16T18:39:24.282382,172.20.10.5,20,0
2026-01-16T18:39:24.282382,172.20.10.5,21,0
2026-01-16T18:39:24.282382,172.20.10.5,22,0
2026-01-16T18:39:24.282382,172.20.10.5,23,0
2026-01-16T18:39:24.282382,172.20.10.5,0,0
2026-01-16T18:39:24.282382,172.20.10.5,1,0
2026-01-16T18:39:24.282382,172.20.10.5,2,0
2026-01-16T18:39:24.282382,172.20.10.5,3,0
2026-01-16T18:39:24.282382,172.20.10.5,4,0
2026-01-16T18:39:24.282382,172.20.10.5,5,0
2026-01-16T18:39:24.282382,172.20.10.5,6,0
2026-01-16T18:39:24.282382,172.20.10.5,7,0
2026-01-16T18:39:24.282382,172.20.10.5,8,0.0361502
2026-01-16T18:39:24.282382,172.20.10.5,9,0
2026-01-16T18:39:24.282382,172.20.10.5,10,0
2026-01-16T18:39:24.282382,172.20.10.5,11,0
2026-01-16T18:39:24.282382,172.20.10.5,12,0
2026-01-16T18:39:24.282382,172.20.10.5,13,0
2026-01-16T18:39:24.282382,172.20.10.5,14,0
2026-01-16T18:39:24.282382,172.20.10.5,15,0
2026-01-16T18:39:24.282382,172.20.10.5,16,0
2026-01-16T18:39:24.282382,172.20.10.5,17,0
2026-01-16T18:39:24.282382,172.20.10.5,18,0
2026-01-16T18:39:24.282382,172.20.10.5,19,0
2026-01-16T18:39:24.282382,172.20.10.5,20,0
2026-01-16T18:39:24.282382,172.20.10.5,21,0
2026-01-16T18:39:24.282382,172.20.10.5,22,0
2026-01-16T18:39:24.282382,172.20.10.5,23,0
2026-01-16T18:39:24.282382,172.20.10.5,0,0
2026-01-16T18:39:24.282382,172.20.10.5,1,0
2026-01-16T18:39:24.282382,172.20.10.5,2,0
2026-01-16T18:39:24.282382,172.20.10.5,3,0
2026-01-16T18:39:24.282382,172.20.10.5,4,0
2026-01-16T18:39:24.282382,172.20.10.5,5,0
2026-01-16T18:39:24.282382,172.20.10.5,6,0
2026-01-16T18:39:24.282382,172.20.10.5,7,0
2026-01-16T18:39:24.282382,172.20.10.5,8,0.0361502
2026-01-16T18:39:24.282382,172.20.10.5,9,0
2026-01-16T18:39:24.282382,172.20.10.5,10,0
2026-01-16T18:39:24.282382,172.20.10.5,11,0
2026-01-16T18:39:24.282382,172.20.10.5,12,0
2026-01-16T18:39:24.282382,172.20.10.5,13,0
2026-01-16T18:39:24.282382,172.20.10.5,14,0
2026-01-16T18:39:24.282382,172.20.10.5,15,0
2026-01-16T18:39:24.282382,172.20.10.5,16,0
2026-01-16T18:39:24.282382,172.20.10.5,17,0
2026-01-16T18:39:24.282382,172.20.10.5,18,0
2026-01-16T18:39:24.282382,172.20.10.5,19,0
2026-01-16T18:39:24.282382,172.20.10.5,20,0
2026-01-16T18:39:24.282382,172.20.10.5,21,0
2026-01-16T18:39:24.282382,172.20.10.5,22,0
2026-01-16T18:39:24.282382,172.20.10.5,23,0
2026-01-16T18:39:24.282382,172.20.10.5,0,0
2026-01-16T18:39:24.282382,172.20.10.5,1,0
2026-01-16T18:39:24.282382,172.20.10.5,2,0
2026-01-16T18:39:24.282382,172.20.10.5,3,0
2026-01-16T18:39:24.282382,172.20.10.5,4,0
2026-01-16T18:39:24.282382,172.20.10.5,5,0
2026-01-16T18:39:24.282382,172.20.10.5,6,0
2026-01-16T18:39:24.282382,172.20.10.5,7,0
2026-01-16T18:39:24.282382,172.20.10.5,8,0.0361502
2026-01-16T18:39:24.282382,172.20.10.5,9,0
2026-01-16T18:39:24.282382,172.20.10.5,10,0
2026-01-16T18:39:24.282382,172.20.10.5,11,0
2026-01-16T18:39:24.282382,172.20.10.5,12,0
2026-01-16T18:39:24.282382,172.20.10.5,13,0
2026-01-16T18:39:24.282382,172.20.10.5,14,0
2026-01-16T18:39:24.282382,172.20.10.5,15,0
2026-01-16T18:39:24.282382,172.20.10.5,16,0
2026-01-16T18:39:24.282382,172.20.10.5,17,0
2026-01-16T18:39:24.282382,172.20.10.5,18,0
2026-01-16T18:39:24.282382,172.20.10.5,19,0
2026-01-16T18:39:24.282382,172.20.10.5,20,0
2026-01-16T18:39:24.282382,172.20.10.5,21,0
2026-01-16T18:39:24.282382,172.20.10.5,22,0
2026-01-16T18:39:24.282382,172.20.10.5,23,0
2026-01-16T18:39:24.282382,172.20.10.5,0,0
2026-01-16T18:39:24.282382,172.20.10.5,1,0
2026-01-16T18:39:24.282382,172.20.10.5,2,0
2026-01-16T18:39:24.282382,172.20.10.5,3,0
2026-01-16T18:39:24.282382,172.20.10.5,4,0
2026-01-16T18:39:24.282382,172.20.10.5,5,0
2026-01-16T18:39:24.282382,172.20.10.5,6,0
2026-01-16T18:39:24.282382,172.20.10.5,7,0
2026-01-16T18:39:24.282382,172.20.10.5,8,0.0361502
2026-01-16T18:39:24.282382,172.20.10.5,9,0
2026-01-16T18:39:24.282382,172.20.10.5,10,0
2026-01-16T18:39:24.282382,172.20.10.5,11,0
2026-01-16T18:39:24.282382,172.20.10.5,12,0
2026-01-16T18:39:24.282382,172.20.10.5,13,0
2026-01-16T18:39:24.282382,172.20.10.5,14,0
2026-01-16T18:39:24.282382,172.20.10.5,15,0
2026-01-16T18:39:24.282382,172.20.10.5,16,0
2026-01-16T18:39:24.282382,172.20.10.5,17,0
2026-01-16T18:39:24.282382,172.20.10.5,18,0
2026-01-16T18:39:24.282382,172.20.10.5,19,0
2026-01-16T18:39:24.282382,172.20.10.5,20,0
2026-01-16T18:39:24.282382,172.20.10.5,21,0
2026-01-16T18:39:24.282382,172.20.10.5,22,0
2026-01-16T18:39:24.282382,172.20.10.5,23,0
2026-01-16T18:39:24.282382,172.20.10.5,0,0
2026-01-16T18:39:24.282382,172.20.10.5,1,0
2026-01-16T18:39:24.282382,172.20.10.5,2,0
2026-01-16T18:39:24.282382,172.20.10.5,3,0
2026-01-16T18:39:24.282382,172.20.10.5,4,0
2026-01-16T18:39:24.282382,172.20.10.5,5,0
2026-01-16T18:39:24.282382,172.20.10.5,6,0
2026-01-16T18:39:24.282382,172.20.10.5,7,0
2026-01-16T18:39:24.282382,172.20.10.5,8,0.0361502
2026-01-16T18:39:24.282382,172.20.10.5,9,0
2026-01-16T18:39:24.282382,172.20.10.5,10,0
2026-01-16T18:39:24.282382,172.20.10.5,11,0
2026-01-16T18:39:24.282382,172.20.10.5,12,0
2026-01-16T18:39:24.282382,172.20.10.5,13,0
2026-01-16T18:39:24.282382,172.20.10.5,14,0
2026-01-16T18:39:24.282382,172.20.10.5,15,0
2026-01-16T18:39:24.282382,172.20.10.5,16,0
2026-01-16T18:39:24.282382,172.20.10.5,17,0
2026-01-16T18:39:24.282382,172.20.10.5,18,0
2026-01-16T18:39:24.282382,172.20.10.5,19,0
2026-01-16T18:39:24.282382,172.20.10.5,20,0
2026-01-16T18:39:24.282382,172.20.10.5,21,0
2026-01-16T18:39:24.282382,172.20.10.5,22,0
2026-01-16T18:39:24.282382,172.20.10.5,23,0
2026-01-16T18:39:24.282382,172.20.10.5,0,0
2026-01-16T18:39:24.282382,172.20.10.5,1,0
2026-01-16T18:39:24.282382,172.20.10.5,2,0
2026-01-16T18:39:24.282382,172.20.10.5,3,0
2026-01-16T18:39:24.282382,172.20.10.5,4,0
2026-01-16T18:39:24.282382,172.20.10.5,5,0
2026-01-16T18:39:24.282382,172.20.10.5,6,0
2026-01-16T18:39:24.282382,172.20.10.5,7,0
2026-01-16T18:39:24.282382,172.20.10.5,8,0.0361502
2026-01-16T18:39:24.282382,172.20.10.5,9,0
2026-01-16T18:39:24.282382,172.20.10.5,10,0
2026-01-16T18:39:24.282382,172.20.10.5,11,0
2026-01-16T18:39:24.282382,172.20.10.5,12,0
2026-01-16T18:39:24.282382,172.20.10.5,13,0
2026-01-16T18:39:24.282382,172.20.10.5,14,0
2026-01-16T18:39:24.282382,172.20.10.5,15,0
2026-01-16T18:39:24.282382,172.20.10.5,16,0
2026-01-16T18:39:24.282382,172.20.10.5,17,0
2026-01-16T18:39:24.282382,172.20.10.5,18,0
2026-01-16T18:39:24.282382,172.20.10.5,19,0
2026-01-16T18:39:24.282382,172.20.10.5,20,0
2026-01-16T18:39:24.282382,172.20.10.5,21,0
2026-01-16T18:39:24.282382,172.20.10.5,22,0
2026-01-16T18:39:24.282382,172.20.10.5,23,0
2026-01-16T18:39:24.282382,172.20.10.5,0,0
2026-01-16T18:39:24.282382,172.20.10.5,1,0
2026-01-16T18:39:24.282382,172.20.10.5,2,0
2026-01-16T18:39:24.282382,172.20.10.5,3,0
2026-01-16T18:39:24.282382,172.20.10.5,4,0
2026-01-16T18:39:24.282382,172.20.10.5,5,0
2026-01-16T18:39:24.282382,172.20.10.5,6,0
2026-01-16T18:39:24.282382,172.20.10.5,7,0
2026-01-16T18:39:24.282382,172.20.10.5,8,0.0361502
2026-01-16T18:39:24.282382,172.20.10.5,9,0
2026-01-16T18:39:24.282382,172.20.10.5,10,0
2026-01-16T18:39:24.282382,172.20.10.5,11,0
2026-01-16T18:39:24.282382,172.20.10.5,12,0
2026-01-16T18:39:24.282382,172.20.10.5,13,0
2026-01-16T18:39:24.282382,172.20.10.5,14,0
2026-01-16T18:39:24.282382,172.20.10.5,15,0
2026-01-16T18:39:24.282382,172.20.10.5,16,0
2026-01-16T18:39:24.282382,172.20.10.5,17,0
2026-01-16T18:39:24.282382,172.20.10.5,18,0
2026-01-16T18:39:24.282382,172.20.10.5,19,0
2026-01-16T18:39:24.282382,172.20.10.5,20,0
2026-01-16T18:39:24.282382,172.20.10.5,21,0
2026-01-16T18:39:24.282382,172.20.10.5,22,0
2026-01-16T18:39:24.282382,172.20.10.5,23,0
2026-01-16T18:39:24.282382,172.20.10.5,0,0
2026-01-16T18:39:24.282382,172.20.10.5,1,0
2026-01-16T18:39:24.282382,172.20.10.5,2,0
2026-01-16T18:39:24.282382,172.20.10.5,3,0
2026-01-16T18:39:24.282382,172.20.10.5,4,0
2026-01-16T18:39:24.282382,172.20.10.5,5,0
2026-01-16T18:39:24.282382,172.20.10.5,6,0
2026-01-16T18:39:24.282382,172.20.10.5,7,0
2026-01-16T18:39:24.282382,172.20.10.5,8,0.0361502
2026-01-16T18:39:24.282382,172.20.10.5,9,0
2026-01-16T18:39:24.282382,172.20.10.5,10,0
2026-01-16T18:39:24.282382,172.20.10.5,11,0
2026-01-16T18:39:24.282382,172.20.10.5,12,0
2026-01-16T18:39:24.282382,172.20.10.5,13,0
2026-01-16T18:39:24.282382,172.20.10.5,14,0
2026-01-16T18:39:24.282382,172.20.10.5,15,0
2026-01-16T18:39:24.282382,172.20.10.5,16,0
2026-01-16T18:39:24.282382,172.20.10.5,17,0
2026-01-16T18:39:24.282382,172.20.10.5,18,0
2026-01-16T18:39:24.282382,172.20.10.5,19,0
2026-01-16T18:39:24.282382,172.20.10.5,20,0
2026-01-16T18:39:24.282382,172.20.10.5,21,0
2026-01-16T18:39:24.282382,172.20.10.5,22,0
2026-01-16T18:39:24.282382,172.20.10.5,23,0
2026-01-16T18:39:24.282382,172.20.10.5,0,0
2026-01-16T18:39:24.282382,172.20.10.5,1,0
2026-01-16T18:39:24.282382,172.20.10.5,2,0
2026-01-16T18:39:24.282382,172.20.10.5,3,0
2026-01-16T18:39:24.282382,172.20.10.5,4,0
2026-01-16T18:39:24.282382,172.20.10.5,5,0
2026-01-16T18:39:24.282382,172.20.10.5,6,0
2026-01-16T18:39:24.282382,172.20.10.5,7,0
2026-01-16T18:39:24.282382,172.20.10.5,8,0.0361502
2026-01-16T18:39:24.282382,172.20.10.5,9,0
2026-01-16T18:39:24.282382,172.20.10.5,10,0
2026-01-16T18:39:24.282382,172.20.10.5,11,0
2026-01-16T18:39:24.282382,172.20.10.5,12,0
2026-01-16T18:39:24.282382,172.20.10.5,13,0
2026-01-16T18:39:24.282382,172.20.10.5,14,0
2026-01-16T18:39:24.282382,172.20.10.5,15,0
2026-01-16T18:39:24.282382,172.20.10.5,16,0
2026-01-16T18:39:24.282382,172.20.10.5,17,0
2026-01-16T18:39:24.282382,172.20.10.5,18,0
2026-01-16T18:39:24.282382,172.20.10.5,19,0
2026-01-16T18:39:24.282382,172.20.10.5,20,0
2026-01-16T18:39:24.282382,172.20.10.5,21,0
2026-01-16T18:39:24.282382,172.20.10.5,22,0
2026-01-16T18:39:24.282382,172.20.10.5,23,0
2026-01-16T18:39:24.282382,172.20.10.5,0,0
2026-01-16T18:39:24.282382,172.20.10.5,1,0
2026-01-16T18:39:24.282382,172.20.10.5,2,0
2026-01-16T18:39:24.282382,172.20.10.5,3,0
2026-01-16T18:39:24.282382,172.20.10.5,4,0
2026-01-16T18:39:24.282382,172.20.10.5,5,0
2026-01-16T18:39:24.282382,172.20.10.5,6,0
2026-01-16T18:39:24.282382,172.20.10.5,7,0
2026-01-16T18:39:24.282382,172.20.10.5,8,0.0361502
2026-01-16T18:39:24.282382,172.20.10.5,9,0
2026-01-16T18:39:24.282382,172.20.10.5,10,0
2026-01-16T18:39:24.282382,172.20.10.5,11,0
2026-01-16T18:39:24.282382,172.20.10.5,12,0
2026-01-16T18:39:24.282382,172.20.10.5,13,0
2026-01-16T18:39:24.282382,172.20.10.5,14,0
2026-01-16T18:39:24.282382,172.20.10.5,15,0
2026-01-16T18:39:24.282382,172.20.10.5,16,0
2026-01-16T18:39:24.282382,172.20.10.5,17,0
2026-01-16T18:39:24.282382,172.20.10.5,18,0
2026-01-16T18:39:24.282382,172.20.10.5,19,0
2026-01-16T18:39:24.282382,172.20.10.5,20,0
2026-01-16T18:39:24.282382,172.20.10.5,21,0
2026-01-16T18:39:24.282382,172.20.10.5,22,0
2026-01-16T18:39:24.282382,172.20.10.5,23,0
2026-01-16T18:39:24.282382,172.20.10.5,0,0
2026-01-16T18:39:24.282382,172.20.10.5,1,0
2026-01-16T18:39:24.282382,172.20.10.5,2,0
2026-01-16T18:39:24.282382,172.20.10.5,3,0
2026-01-16T18:39:24.282382,172.20.10.5,4,0
2026-01-16T18:39:24.282382,172.20.10.5,5,0
2026-01-16T18:39:24.282382,172.20.10.5,6,0
2026-01-16T18:39:24.282382,172.20.10.5,7,0
2026-01-16T18:39:24.282382,172.20.10.5,8,0.0361502
2026-01-16T18:39:24.282382,172.20.10.5,9,0
2026-01-16T18:39:24.282382,172.20.10.5,10,0
2026-01-16T18:39:24.282382,172.20.10.5,11,0
2026-01-16T18:39:24.282382,172.20.10.5,12,0
2026-01-16T18:39:24.282382,172.20.10.5,13,0
2026-01-16T18:39:24.282382,172.20.10.5,14,0
2026-01-16T18:39:24.282382,172.20.10.5,15,0
2026-01-16T18:39:24.282382,172.20.10.5,16,0
2026-01-16T18:39:24.282382,172.20.10.5,17,0
2026-01-16T18:39:24.282382,172.20.10.5,18,0
2026-01-16T18:39:24.282382,172.20.10.5,19,0
2026-01-16T18:39:24.282382,172.20.10.5,20,0
2026-01-16T18:39:24.282382,172.20.10.5,21,0
2026-01-16T18:39:24.282382,172.20.10.5,22,0
2026-01-16T18:39:24.282382,172.20.10.5,23,0
2026-01-16T18:39:24.282382,172.20.10.5,0,0
2026-01-16T18:39:24.282382,172.20.10.5,1,0
2026-01-16T18:39:24.282382,172.20.10.5,2,0
2026-01-16T18:39:24.282382,172.20.10.5,3,0
2026-01-16T18:39:24.282382,172.20.10.5,4,0
2026-01-16T18:39:24.282382,172.20.10.5,5,0
2026-01-16T18:39:24.282382,172.20.10.5,6,0
2026-01-16T18:39:24.282382,172.20.10.5,7,0
2026-01-16T18:39:24.282382,172.20.10.5,8,0.0361502
2026-01-16T18:39:24.282382,172.20.10.5,9,0
2026-01-16T18:39:24.282382,172.20.10.5,10,0
2026-01-16T18:39:24.282382,172.20.10.5,11,0
2026-01-16T18:39:24.282382,172.20.10.5,12,0
2026-01-16T18:39:24.282382,172.20.10.5,13,0
2026-01-16T18:39:24.282382,172.20.10.5,14,0
2026-01-16T18:39:24.282382,172.20.10.5,15,0
2026-01-16T18:39:24.282382,172.20.10.5,16,0
2026-01-16T18:39:24.282382,172.20.10.5,17,0
2026-01-16T18:39:24.282382,172.20.10.5,18,0
2026-01-16T18:39:24.282382,172.20.10.5,19,0
2026-01-16T18:39:24.282382,172.20.10.5,20,0
2026-01-16T18:39:24.282382,172.20.10.5,21,0
2026-01-16T18:39:24.282382,172.20.10.5,22,0
2026-01-16T18:39:24.282382,172.20.10.5,23,0
2026-01-16T18:39:24.282382,172.20.10.5,0,0
2026-01-16T18:39:24.282382,172.20.10.5,1,0
2026-01-16T18:39:24.282382,172.20.10.5,2,0
2026-01-16T18:39:24.282382,172.20.10.5,3,0
2026-01-16T18:39:24.282382,172.20.10.5,4,0
2026-01-16T18:39:24.282382,172.20.10.5,5,0
2026-01-16T18:39:24.282382,172.20.10.5,6,0
2026-01-16T18:39:24.282382,172.20.10.5,7,0
2026-01-16T18:39:24.282382,172.20.10.5,8,0.0361502
2026-01-16T18:39:24.282382,172.20.10.5,9,0
2026-01-16T18:39:24.282382,172.20.10.5,10,0
2026-01-16T18:39:24.282382,172.20.10.5,11,0
2026-01-16T18:39:24.282382,172.20.10.5,12,0
2026-01-16T18:39:24.282382,172.20.10.5,13,0
2026-01-16T18:39:24.282382,172.20.10.5,14,0
2026-01-16T18:39:24.282382,172.20.10.5,15,0
2026-01-16T18:39:24.282382,172.20.10.5,16,0
2026-01-16T18:39:24.282382,172.20.10.5,17,0
2026-01-16T18:39:24.282382,172.20.10.5,18,0
2026-01-16T18:39:24.282382,172.20.10.5,19,0
2026-01-16T18:39:24.282382,172.20.10.5,20,0
2026-01-16T18:39:24.282382,172.20.10.5,21,0
2026-01-16T18:39:24.282382,172.20.10.5,22,0
2026-01-16T18:39:24.282382,172.20.10.5,23,0
2026-01-16T18:39:24.282382,172.20.10.5,0,0
2026-01-16T18:39:24.282382,172.20.10.5,1,0
2026-01-16T18:39:24.282382,172.20.10.5,2,0
2026-01-16T18:39:24.282382,172.20.10.5,3,0
2026-01-16T18:39:24.282382,172.20.10.5,4,0
2026-01-16T18:39:24.282382,172.20.10.5,5,0
2026-01-16T18:39:24.282382,172.20.10.5,6,0
2026-01-16T18:39:24.282382,172.20.10.5,7,0
2026-01-16T18:39:24.282382,172.20.10.5,8,0.0361502
2026-01-16T18:39:24.282382,172.20.10.5,9,0
2026-01-16T18:39:24.282382,172.20.10.5,10,0
2026-01-16T18:39:24.282382,172.20.10.5,11,0
2026-01-16T18:39:24.282382,172.20.10.5,12,0
2026-01-16T18:39:24.282382,172.20.10.5,13,0
2026-01-16T18:39:24.282382,172.20.10.5,14,0
2026-01-16T18:39:24.282382,172.20.10.5,15,0
2026-01-16T18:39:24.282382,172.20.10.5,16,0
2026-01-16T18:39:24.282382,172.20.10.5,17,0
2026-01-16T18:39:24.282382,172.20.10.5,18,0
2026-01-16T18:39:24.282382,172.20.10.5,19,0
2026-01-16T18:39:24.282382,172.20.10.5,20,0
2026-01-16T18:39:24.282382,172.20.10.5,21,0
2026-01-16T18:39:24.282382,172.20.10.5,22,0
2026-01-16T18:39:24.282382,172.20.10.5,23,0
2026-01-16T18:39:24.282382,172.20.10.5,0,0
2026-01-16T18:39:24.282382,172.20.10.5,1,0
2026-01-16T18:39:24.282382,172.20.10.5,2,0
2026-01-16T18:39:24.282382,172.20.10.5,3,0
2026-01-16T18:39:24.282382,172.20.10.5,4,0
2026-01-16T18:39:24.282382,172.20.10.5,5,0
2026-01-16T18:39:24.282382,172.20.10.5,6,0
2026-01-16T18:39:24.282382,172.20.10.5,7,0
2026-01-16T18:39:24.282382,172.20.10.5,8,0.0361502
2026-01-16T18:39:24.282382,172.20.10.5,9,0
2026-01-16T18:39:24.282382,172.20.10.5,10,0
2026-01-16T18:39:24.282382,172.20.10.5,11,0
2026-01-16T18:39:24.282382,172.20.10.5,12,0
2026-01-16T18:39:24.282382,172.20.10.5,13,0
2026-01-16T18:39:24.282382,172.20.10.5,14,0
2026-01-16T18:39:24.282382,172.20.10.5,15,0
2026-01-16T18:39:24.282382,172.20.10.5,16,0
2026-01-16T18:39:24.282382,172.20.10.5,17,0
2026-01-16T18:39:24.282382,172.20.10.5,18,0
2026-01-16T18:39:24.282382,172.20.10.5,19,0
2026-01-16T18:39:24.282382,172.20.10.5,20,0
2026-01-16T18:39:24.282382,172.20.10.5,21,0
2026-01-16T18:39:24.282382,172.20.10.5,22,0
2026-01-16T18:39:24.282382,172.20.10.5,23,0
2026-01-16T18:39:24.282382,172.20.10.5,0,0
2026-01-16T18:39:24.282382,172.20.10.5,1,0
2026-01-16T18:39:24.282382,172.20.10.5,2,0
2026-01-16T18:39:24.282382,172.20.10.5,3,0
2026-01-16T18:39:24.282382,172.20.10.5,4,0
2026-01-16T18:39:24.282382,172.20.10.5,5,0
2026-01-16T18:39:24.282382,172.20.10.5,6,0
2026-01-16T18:39:24.282382,172.20.10.5,7,0
2026-01-16T18:39:24.282382,172.20.10.5,8,0.0361502
2026-01-16T18:39:24.282382,172.20.10.5,9,0
2026-01-16T18:39:24.282382,172.20.10.5,10,0
2026-01-16T18:39:24.282382,172.20.10.5,11,0
2026-01-16T18:39:24.282382,172.20.10.5,12,0
2026-01-16T18:39:24.282382,172.20.10.5,13,0
2026-01-16T18:39:24.282382,172.20.10.5,14,0
2026-01-16T18:39:24.282382,172.20.10.5,15,0
2026-01-16T18:39:24.282382,172.20.10.5,16,0
2026-01-16T18:39:24.282382,172.20.10.5,17,0
2026-01-16T18:39:24.282382,172.20.10.5,18,0
2026-01-16T18:39:24.282382,172.20.10.5,19,0
2026-01-16T18:39:24.282382,172.20.10.5,20,0
2026-01-16T18:39:24.282382,172.20.10.5,21,0
2026-01-16T18:39:24.282382,172.20.10.5,22,0
2026-01-16T18:39:24.282382,172.20.10.5,23,0
2026-01-16T18:39:24.282382,172.20.10.5,0,0
2026-01-16T18:39:24.282382,172.20.10.5,1,0
2026-01-16T18:39:24.282382,172.20.10.5,2,0
2026-01-16T18:39:24.282382,172.20.10.5,3,0
2026-01-16T18:39:24.282382,172.20.10.5,4,0
2026-01-16T18:39:24.282382,172.20.10.5,5,0
2026-01-16T18:39:24.282382,172.20.10.5,6,0
2026-01-16T18:39:24.282382,172.20.10.5,7,0
2026-01-16T18:39:24.282382,172.20.10.5,8,0.0361502
2026-01-16T18:39:24.282382,172.20.10.5,9,0
2026-01-16T18:39:24.282382,172.20.10.5,10,0
2026-01-16T18:39:24.282382,172.20.10.5,11,0
2026-01-16T18:39:24.282382,172.20.10.5,12,0
2026-01-16T18:39:24.282382,172.20.10.5,13,0
2026-01-16T18:39:24.282382,172.20.10.5,14,0
2026-01-16T18:39:24.282382,172.20.10.5,15,0
2026-01-16T18:39:24.282382,172.20.10.5,16,0
2026-01-16T18:39:24.282382,172.20.10.5,17,0
2026-01-16T18:39:24.282382,172.20.10.5,18,0
2026-01-16T18:39:24.282382,172.20.10.5,19,0
2026-01-16T18:39:24.282382,172.20.10.5,20,0
2026-01-16T18:39:24.282382,172.20.10.5,21,0
2026-01-16T18:39:24.282382,172.20.10.5,22,0
2026-01-16T18:39:24.282382,172.20.10.5,23,0
2026-01-16T18:39:24.282382,172.20.10.5,0,0
2026-01-16T18:39:24.282382,172.20.10.5,1,0
2026-01-16T18:39:24.282382,172.20.10.5,2,0
2026-01-16T18:39:24.282382,172.20.10.5,3,0
2026-01-16T18:39:24.282382,172.20.10.5,4,0
2026-01-16T18:39:24.282382,172.20.10.5,5,0
2026-01-16T18:39:24.282382,172.20.10.5,6,0
2026-01-16T18:39:24.282382,172.20.10.5,7,0
2026-01-16T18:39:24.282382,172.20.10.5,8,0.0361502
2026-01-16T18:39:24.282382,172.20.10.5,9,0
2026-01-16T18:39:24.282382,172.20.10.5,10,0
2026-01-16T18:39:24.282382,172.20.10.5,11,0
2026-01-16T18:39:24.282382,172.20.10.5,12,0
2026-01-16T18:39:24.282382,172.20.10.5,13,0
2026-01-16T18:39:24.282382,172.20.10.5,14,0
2026-01-16T18:39:24.282382,172.20.10.5,15,0
2026-01-16T18:39:24.282382,172.20.10.5,16,0
2026-01-16T18:39:24.282382,172.20.10.5,17,0
2026-01-16T18:39:24.282382,172.20.10.5,18,0
2026-01-16T18:39:24.282382,172.20.10.5,19,0
2026-01-16T18:39:24.282382,172.20.10.5,20,0
2026-01-16T18:39:24.282382,172.20.10.5,21,0
2026-01-16T18:39:24.282382,172.20.10.5,22,0
2026-01-16T18:39:24.282382,172.20.10.5,23,0
2026-01-16T18:39:24.282382,172.20.10.5,0,0
2026-01-16T18:39:24.282382,172.20.10.5,1,0
2026-01-16T18:39:24.282382,172.20.10.5,2,0
2026-01-16T18:39:24.282382,172.20.10.5,3,0
2026-01-16T18:39:24.282382,172.20.10.5,4,0
2026-01-16T18:39:24.282382,172.20.10.5,5,0
2026-01-16T18:39:24.282382,172.20.10.5,6,0
2026-01-16T18:39:24.282382,172.20.10.5,7,0
2026-01-16T18:39:24.282382,172.20.10.5,8,0.0361502
2026-01-16T18:39:24.282382,172.20.10.5,9,0
2026-01-16T18:39:24.282382,172.20.10.5,10,0
2026-01-16T18:39:24.282382,172.20.10.5,11,0
2026-01-16T18:39:24.282382,172.20.10.5,12,0
2026-01-16T18:39:24.282382,172.20.10.5,13,0
2026-01-16T18:39:24.282382,172.20.10.5,14,0
2026-01-16T18:39:24.282382,172.20.10.5,15,0
2026-01-16T18:39:24.282382,172.20.10.5,16,0
2026-01-16T18:39:24.282382,172.20.10.5,17,0
2026-01-16T18:39:24.282382,172.20.10.5,18,0
2026-01-16T18:39:24.282382,172.20.10.5,19,0
2026-01-16T18:39:24.282382,172.20.10.5,20,0
2026-01-16T18:39:24.282382,172.20.10.5,21,0
2026-01-16T18:39:24.282382,172.20.10.5,22,0
2026-01-16T18:39:24.282382,172.20.10.5,23,0
2026-01-16T18:39:24.282382,172.20.10.5,0,0
2026-01-16T18:39:24.282382,172.20.10.5,1,0
2026-01-16T18:39:24.282382,172.20.10.5,2,0
2026-01-16T18:39:24.282382,172.20.10.5,3,0
2026-01-16T18:39:24.282382,172.20.10.5,4,0
2026-01-16T18:39:24.282382,172.20.10.5,5,0
2026-01-16T18:39:24.282382,172.20.10.5,6,0
2026-01-16T18:39:24.282382,172.20.10.5,7,0
2026-01-16T18:39:24.282382,172.20.10.5,8,0.0361502
2026-01-16T18:39:24.282382,172.20.10.5,9,0
2026-01-16T18:39:24.282382,172.20.10.5,10,0
2026-01-16T18:39:24.282382,172.20.10.5,11,0
2026-01-16T18:39:24.282382,172.20.10.5,12,0
2026-01-16T18:39:24.282382,172.20.10.5,13,0
2026-01-16T18:39:24.282382,172.20.10.5,14,0
2026-01-16T18:39:24.282382,172.20.10.5,15,0
2026-01-16T18:39:24.282382,172.20.10.5,16,0
2026-01-16T18:39:24.282382,172.20.10.5,17,0
2026-01-16T18:39:24.282382,172.20.10.5,18,0
2026-01-16T18:39:24.282382,172.20.10.5,19,0
2026-01-16T18:39:24.282382,172.20.10.5,20,0
2026-01-16T18:39:24.282382,172.20.10.5,21,0
2026-01-16T18:39:24.282382,172.20.10.5,22,0
2026-01-16T18:39:24.282382,172.20.10.5,23,0
2026-01-16T18:39:24.282382,172.20.10.5,0,0
2026-01-16T18:39:24.282382,172.20.10.5,1,0
2026-01-16T18:39:24.282382,172.20.10.5,2,0
2026-01-16T18:39:24.282382,172.20.10.5,3,0
2026-01-16T18:39:24.282382,172.20.10.5,4,0
2026-01-16T18:39:24.282382,172.20.10.5,5,0
2026-01-16T18:39:24.282382,172.20.10.5,6,0
2026-01-16T18:39:24.282382,172.20.10.5,7,0
2026-01-16T18:39:24.282382,172.20.10.5,8,0.0361502
2026-01-16T18:39:24.282382,172.20.10.5,9,0
2026-01-16T18:39:24.282382,172.20.10.5,10,0
2026-01-16T18:39:24.282382,172.20.10.5,11,0
2026-01-16T18:39:24.282382,172.20.10.5,12,0
2026-01-16T18:39:24.282382,172.20.10.5,13,0
2026-01-16T18:39:24.282382,172.20.10.5,14,0
2026-01-16T18:39:24.282382,172.20.10.5,15,0
2026-01-16T18:39:24.282382,172.20.10.5,16,0
2026-01-16T18:39:24.282382,172.20.10.5,17,0
2026-01-16T18:39:24.282382,172.20.10.5,18,0
2026-01-16T18:39:24.282382,172.20.10.5,19,0
2026-01-16T18:39:24.282382,172.20.10.5,20,0
2026-01-16T18:39:24.282382,172.20.10.5,21,0
2026-01-16T18:39:24.282382,172.20.10.5,22,0
2026-01-16T18:39:24.282382,172.20.10.5,23,0
2026-01-16T18:39:24.282382,172.20.10.5,0,0
2026-01-16T18:39:24.282382,172.20.10.5,1,0
2026-01-16T18:39:24.282382,172.20.10.5,2,0
2026-01-16T18:39:24.282382,172.20.10.5,3,0
2026-01-16T18:39:24.282382,172.20.10.5,4,0
2026-01-16T18:39:24.282382,172.20.10.5,5,0
2026-01-16T18:39:24.282382,172.20.10.5,6,0
2026-01-16T18:39:24.282382,172.20.10.5,7,0
2026-01-16T18:39:24.282382,172.20.10.5,8,0.0361502
2026-01-16T18:39:24.282382,172.20.10.5,9,0
2026-01-16T18:39:24.282382,172.20.10.5,10,0
2026-01-16T18:39:24.282382,172.20.10.5,11,0
2026-01-16T18:39:24.282382,172.20.10.5,12,0
2026-01-16T18:39:24.282382,172.20.10.5,13,0
2026-01-16T18:39:24.282382,172.20.10.5,14,0
2026-01-16T18:39:24.282382,172.20.10.5,15,0
2026-01-16T18:39:24.282382,172.20.10.5,16,0
2026-01-16T18:39:24.282382,172.20.10.5,17,0
2026-01-16T18:39:24.282382,172.20.10.5,18,0
2026-01-16T18:39:24.282382,172.20.10.5,19,0
2026-01-16T18:39:24.282382,172.20.10.5,20,0
2026-01-16T18:39:24.282382,172.20.10.5,21,0
2026-01-16T18:39:24.282382,172.20.10.5,22,0
2026-01-16T18:39:24.282382,172.20.10.5,23,0
2026-01-16T18:39:24.282382,172.20.10.5,0,0
2026-01-16T18:39:24.282382,172.20.10.5,1,0
2026-01-16T18:39:24.282382,172.20.10.5,2,0
2026-01-16T18:39:24.282382,172.20.10.5,3,0
2026-01-16T18:39:24.282382,172.20.10.5,4,0
2026-01-16T18:39:24.282382,172.20.10.5,5,0
2026-01-16T18:39:24.282382,172.20.10.5,6,0
2026-01-16T18:39:24.282382,172.20.10.5,7,0
2026-01-16T18:39:24.282382,172.20.10.5,8,0.0361502
2026-01-16T18:39:24.282382,172.20.10.5,9,0
2026-01-16T18:39:24.282382,172.20.10.5,10,0
2026-01-16T18:39:24.282382,172.20.10.5,11,0
2026-01-16T18:39:24.282382,172.20.10.5,12,0
2026-01-16T18:39:24.282382,172.20.10.5,13,0
2026-01-16T18:39:24.282382,172.20.10.5,14,0
2026-01-16T18:39:24.282382,172.20.10.5,15,0
2026-01-16T18:39:24.282382,172.20.10.5,16,0
2026-01-16T18:39:24.282382,172.20.10.5,17,0
2026-01-16T18:39:24.282382,172.20.10.5,18,0
2026-01-16T18:39:24.282382,172.20.10.5,19,0
2026-01-16T18:39:24.282382,172.20.10.5,20,0
2026-01-16T18:39:24.282382,172.20.10.5,21,0
2026-01-16T18:39:24.282382,172.20.10.5,22,0
2026-01-16T18:39:24.282382,172.20.10.5,23,0
2026-01-16T18:39:24.282382,172.20.10.5,0,0
2026-01-16T18:39:24.282382,172.20.10.5,1,0
2026-01-16T18:39:24.282382,172.20.10.5,2,0
2026-01-16T18:39:24.282382,172.20.10.5,3,0
2026-01-16T18:39:24.282382,172.20.10.5,4,0
2026-01-16T18:39:24.282382,172.20.10.5,5,0
2026-01-16T18:39:24.282382,172.20.10.5,6,0
2026-01-16T18:39:24.282382,172.20.10.5,7,0
2026-01-16T18:39:24.282382,172.20.10.5,8,0.0361502
2026-01-16T18:39:24.282382,172.20.10.5,9,0
2026-01-16T18:39:24.282382,172.20.10.5,10,0
2026-01-16T18:39:24.282382,172.20.10.5,11,0
2026-01-16T18:39:24.282382,172.20.10.5,12,0
2026-01-16T18:39:24.282382,172.20.10.5,13,0
2026-01-16T18:39:24.282382,172.20.10.5,14,0
2026-01-16T18:39:24.282382,172.20.10.5,15,0
2026-01-16T18:39:24.282382,172.20.10.5,16,0
2026-01-16T18:39:24.282382,172.20.10.5,17,0
2026-01-16T18:39:24.282382,172.20.10.5,18,0
2026-01-16T18:39:24.282382,172.20.10.5,19,0
2026-01-16T18:39:24.282382,172.20.10.5,20,0
2026-01-16T18:39:24.282382,172.20.10.5,21,0
2026-01-16T18:39:24.282382,172.20.10.5,22,0
2026-01-16T18:39:24.282382,172.20.10.5,23,0
2026-01-16T18:39:24.282382,172.20.10.5,0,0
2026-01-16T18:39:24.282382,172.20.10.5,1,0
2026-01-16T18:39:24.282382,172.20.10.5,2,0
2026-01-16T18:39:24.282382,172.20.10.5,3,0
2026-01-16T18:39:24.282382,172.20.10.5,4,0
2026-01-16T18:39:24.282382,172.20.10.5,5,0
2026-01-16T18:39:24.282382,172.20.10.5,6,0
2026-01-16T18:39:24.282382,172.20.10.5,7,0
2026-01-16T18:39:24.282382,172.20.10.5,8,0.0361502
2026-01-16T18:39:24.282382,172.20.10.5,9,0
2026-01-16T18:39:24.282382,172.20.10.5,10,0
2026-01-16T18:39:24.282382,172.20.10.5,11,0
2026-01-16T18:39:24.282382,172.20.10.5,12,0
2026-01-16T18:39:24.282382,172.20.10.5,13,0
2026-01-16T18:39:24.282382,172.20.10.5,14,0
2026-01-16T18:39:24.282382,172.20.10.5,15,0
2026-01-16T18:39:24.282382,172.20.10.5,16,0
2026-01-16T18:39:24.282382,172.20.10.5,17,0
2026-01-16T18:39:24.282382,172.20.10.5,18,0
2026-01-16T18:39:24.282382,172.20.10.5,19,0
2026-01-16T18:39:24.282382,172.20.10.5,20,0
2026-01-16T18:39:24.282382,172.20.10.5,21,0
2026-01-16T18:39:24.282382,172.20.10.5,22,0
2026-01-16T18:39:24.282382,172.20.10.5,23,0
2026-01-16T18:39:24.282382,172.20.10.5,0,0
2026-01-16T18:39:24.282382,172.20.10.5,1,0
2026-01-16T18:39:24.282382,172.20.10.5,2,0
2026-01-16T18:39:24.282382,172.20.10.5,3,0
2026-01-16T18:39:24.282382,172.20.10.5,4,0
2026-01-16T18:39:24.282382,172.20.10.5,5,0
2026-01-16T18:39:24.282382,172.20.10.5,6,0
2026-01-16T18:39:24.282382,172.20.10.5,7,0
2026-01-16T18:39:24.282382,172.20.10.5,8,0.0361502
2026-01-16T18:39:24.282382,172.20.10.5,9,0
2026-01-16T18:39:24.282382,172.20.10.5,10,0
2026-01-16T18:39:24.282382,172.20.10.5,11,0
2026-01-16T18:39:24.282382,172.20.10.5,12,0
2026-01-16T18:39:24.282382,172.20.10.5,13,0
2026-01-16T18:39:24.282382,172.20.10.5,14,0
2026-01-16T18:39:24.282382,172.20.10.5,15,0
2026-01-16T18:39:24.282382,172.20.10.5,16,0
2026-01-16T18:39:24.282382,172.20.10.5,17,0
2026-01-16T18:39:24.282382,172.20.10.5,18,0
2026-01-16T18:39:24.282382,172.20.10.5,19,0
2026-01-16T18:39:24.282382,172.20.10.5,20,0
2026-01-16T18:39:24.282382,172.20.10.5,21,0
2026-01-16T18:39:24.282382,172.20.10.5,22,0
2026-01-16T18:39:24.282382,172.20.10.5,23,0
2026-01-16T18:39:24.282382,172.20.10.5,0,0
2026-01-16T18:39:24.282382,172.20.10.5,1,0
2026-01-16T18:39:24.282382,172.20.10.5,2,0
2026-01-16T18:39:24.282382,172.20.10.5,3,0
2026-01-16T18:39:24.282382,172.20.10.5,4,0
2026-01-16T18:39:24.282382,172.20.10.5,5,0
2026-01-16T18:39:24.282382,172.20.10.5,6,0
2026-01-16T18:39:24.282382,172.20.10.5,7,0
2026-01-16T18:39:24.282382,172.20.10.5,8,0.0361502
2026-01-16T18:39:24.282382,172.20.10.5,9,0
2026-01-16T18:39:24.282382,172.20.10.5,10,0
2026-01-16T18:39:24.282382,172.20.10.5,11,0
2026-01-16T18:39:24.282382,172.20.10.5,12,0
2026-01-16T18:39:24.282382,172.20.10.5,13,0
2026-01-16T18:39:24.282382,172.20.10.5,14,0
2026-01-16T18:39:24.282382,172.20.10.5,15,0
2026-01-16T18:39:24.282382,172.20.10.5,16,0
2026-01-16T18:39:24.282382,172.20.10.5,17,0
2026-01-16T18:39:24.282382,172.20.10.5,18,0
2026-01-16T18:39:24.282382,172.20.10.5,19,0
2026-01-16T18:39:24.282382,172.20.10.5,20,0
2026-01-16T18:39:24.282382,172.20.10.5,21,0
2026-01-16T18:39:24.282382,172.20.10.5,22,0
2026-01-16T18:39:24.282382,172.20.10.5,23,0
2026-01-16T18:39:24.282382,172.20.10.5,0,0
2026-01-16T18:39:24.282382,172.20.10.5,1,0
2026-01-16T18:39:24.282382,172.20.10.5,2,0
2026-01-16T18:39:24.282382,172.20.10.5,3,0
2026-01-16T18:39:24.282382,172.20.10.5,4,0
2026-01-16T18:39:24.282382,172.20.10.5,5,0
2026-01-16T18:39:24.282382,172.20.10.5,6,0
2026-01-16T18:39:24.282382,172.20.10.5,7,0
2026-01-16T18:39:24.282382,172.20.10.5,8,0.0361502
2026-01-16T18:39:24.282382,172.20.10.5,9,0
2026-01-16T18:39:24.282382,172.20.10.5,10,0
2026-01-16T18:39:24.282382,172.20.10.5,11,0
2026-01-16T18:39:24.282382,172.20.10.5,12,0
2026-01-16T18:39:24.282382,172.20.10.5,13,0
2026-01-16T18:39:24.282382,172.20.10.5,14,0
2026-01-16T18:39:24.282382,172.20.10.5,15,0
2026-01-16T18:39:24.282382,172.20.10.5,16,0
2026-01-16T18:39:24.282382,172.20.10.5,17,0
2026-01-16T18:39:24.282382,172.20.10.5,18,0
2026-01-16T18:39:24.282382,172.20.10.5,19,0
2026-01-16T18:39:24.282382,172.20.10.5,20,0
2026-01-16T18:39:24.282382,172.20.10.5,21,0
2026-01-16T18:39:24.282382,172.20.10.5,22,0
2026-01-16T18:39:24.282382,172.20.10.5,23,0
2026-01-16T18:39:24.282382,172.20.10.5,0,0
2026-01-16T18:39:24.282382,172.20.10.5,1,0
2026-01-16T18:39:24.282382,172.20.10.5,2,0
2026-01-16T18:39:24.282382,172.20.10.5,3,0
2026-01-16T18:39:24.282382,172.20.10.5,4,0
2026-01-16T18:39:24.282382,172.20.10.5,5,0
2026-01-16T18:39:24.282382,172.20.10.5,6,0
2026-01-16T18:39:24.282382,172.20.10.5,7,0
2026-01-16T18:39:24.282382,172.20.10.5,8,0.0361502
2026-01-16T18:39:24.282382,172.20.10.5,9,0
2026-01-16T18:39:24.282382,172.20.10.5,10,0
2026-01-16T18:39:24.282382,172.20.10.5,11,0
2026-01-16T18:39:24.282382,172.20.10.5,12,0
2026-01-16T18:39:24.282382,172.20.10.5,13,0
2026-01-16T18:39:24.282382,172.20.10.5,14,0
2026-01-16T18:39:24.282382,172.20.10.5,15,0
2026-01-16T18:39:24.282382,172.20.10.5,16,0
2026-01-16T18:39:24.282382,172.20.10.5,17,0
2026-01-16T18:39:24.282382,172.20.10.5,18,0
2026-01-16T18:39:24.282382,172.20.10.5,19,0
2026-01-16T18:39:24.282382,172.20.10.5,20,0
2026-01-16T18:39:24.282382,172.20.10.5,21,0
2026-01-16T18:39:24.282382,172.20.10.5,22,0
2026-01-16T18:39:24.282382,172.20.10.5,23,0
2026-01-16T18:39:24.282382,172.20.10.5,0,0
2026-01-16T18:39:24.282382,172.20.10.5,1,0
2026-01-16T18:39:24.282382,172.20.10.5,2,0
2026-01-16T18:39:24.282382,172.20.10.5,3,0
2026-01-16T18:39:24.282382,172.20.10.5,4,0
2026-01-16T18:39:24.282382,172.20.10.5,5,0
2026-01-16T18:39:24.282382,172.20.10.5,6,0
2026-01-16T18:39:24.282382,172.20.10.5,7,0
2026-01-16T18:39:24.282382,172.20.10.5,8,0.0361502
2026-01-16T18:39:24.282382,172.20.10.5,9,0
2026-01-16T18:39:24.282382,172.20.10.5,10,0
2026-01-16T18:39:24.282382,172.20.10.5,11,0
2026-01-16T18:39:24.282382,172.20.10.5,12,0
2026-01-16T18:39:24.282382,172.20.10.5,13,0
2026-01-16T18:39:24.282382,172.20.10.5,14,0
2026-01-16T18:39:24.282382,172.20.10.5,15,0
2026-01-16T18:39:24.282382,172.20.10.5,16,0
2026-01-16T18:39:24.282382,172.20.10.5,17,0
2026-01-16T18:39:24.282382,172.20.10.5,18,0
2026-01-16T18:39:24.282382,172.20.10.5,19,0
2026-01-16T18:39:24.282382,172.20.10.5,20,0
2026-01-16T18:39:24.282382,172.20.10.5,21,0
2026-01-16T18:39:24.282382,172.20.10.5,22,0
2026-01-16T18:39:24.282382,172.20.10.5,23,0
2026-01-16T18:39:24.282382,172.20.10.5,0,0
2026-01-16T18:39:24.282382,172.20.10.5,1,0
2026-01-16T18:39:24.282382,172.20.10.5,2,0
2026-01-16T18:39:24.282382,172.20.10.5,3,0
2026-01-16T18:39:24.282382,172.20.10.5,4,0
2026-01-16T18:39:24.282382,172.20.10.5,5,0
2026-01-16T18:39:24.282382,172.20.10.5,6,0
2026-01-16T18:39:24.282382,172.20.10.5,7,0
2026-01-16T18:39:24.282382,172.20.10.5,8,0.0361502
2026-01-16T18:39:24.282382,172.20.10.5,9,0
2026-01-16T18:39:24.282382,172.20.10.5,10,0
2026-01-16T18:39:24.282382,172.20.10.5,11,0
2026-01-16T18:39:24.282382,172.20.10.5,12,0
2026-01-16T18:39:24.282382,172.20.10.5,13,0
2026-01-16T18:39:24.282382,172.20.10.5,14,0
2026-01-16T18:39:24.282382,172.20.10.5,15,0
2026-01-16T18:39:24.282382,172.20.10.5,16,0
2026-01-16T18:39:24.282382,172.20.10.5,17,0
2026-01-16T18:39:24.282382,172.20.10.5,18,0
2026-01-16T18:39:24.282382,172.20.10.5,19,0
2026-01-16T18:39:24.282382,172.20.10.5,20,0
2026-01-16T18:39:24.282382,172.20.10.5,21,0
2026-01-16T18:39:24.282382,172.20.10.5,22,0
2026-01-16T18:39:24.282382,172.20.10.5,23,0
2026-01-16T18:39:24.282382,172.20.10.5,0,0
2026-01-16T18:39:24.282382,172.20.10.5,1,0
2026-01-16T18:39:24.282382,172.20.10.5,2,0
2026-01-16T18:39:24.282382,172.20.10.5,3,0
2026-01-16T18:39:24.282382,172.20.10.5,4,0
2026-01-16T18:39:24.282382,172.20.10.5,5,0
2026-01-16T18:39:24.282382,172.20.10.5,6,0
2026-01-16T18:39:24.282382,172.20.10.5,7,0
2026-01-16T18:39:24.282382,172.20.10.5,8,0.0361502
2026-01-16T18:39:24.282382,172.20.10.5,9,0
2026-01-16T18:39:24.282382,172.20.10.5,10,0
2026-01-16T18:39:24.282382,172.20.10.5,11,0
2026-01-16T18:39:24.282382,172.20.10.5,12,0
2026-01-16T18:39:24.282382,172.20.10.5,13,0
2026-01-16T18:39:24.282382,172.20.10.5,14,0
2026-01-16T18:39:24.282382,172.20.10.5,15,0
2026-01-16T18:39:24.282382,172.20.10.5,16,0
2026-01-16T18:39:24.282382,172.20.10.5,17,0
2026-01-16T18:39:24.282382,172.20.10.5,18,0
2026-01-16T18:39:24.282382,172.20.10.5,19,0
2026-01-16T18:39:24.282382,172.20.10.5,20,0
2026-01-16T18:39:24.282382,172.20.10.5,21,0
2026-01-16T18:39:24.282382,172.20.10.5,22,0
2026-01-16T18:39:24.282382,172.20.10.5,23,0
2026-01-16T18:39:24.282382,172.20.10.5,0,0
2026-01-16T18:39:24.282382,172.20.10.5,1,0
2026-01-16T18:39:24.282382,172.20.10.5,2,0
2026-01-16T18:39:24.282382,172.20.10.5,3,0
2026-01-16T18:39:24.282382,172.20.10.5,4,0
2026-01-16T18:39:24.282382,172.20.10.5,5,0
2026-01-16T18:39:24.282382,172.20.10.5,6,0
2026-01-16T18:39:24.282382,172.20.10.5,7,0
2026-01-16T18:39:24.282382,172.20.10.5,8,0.0361502
2026-01-16T18:39:24.282382,172.20.10.5,9,0
2026-01-16T18:39:24.282382,172.20.10.5,10,0
2026-01-16T18:39:24.282382,172.20.10.5,11,0
2026-01-16T18:39:24.282382,172.20.10.5,12,0
2026-01-16T18:39:24.282382,172.20.10.5,13,0
2026-01-16T18:39:24.282382,172.20.10.5,14,0
2026-01-16T18:39:24.282382,172.20.10.5,15,0
2026-01-16T18:39:24.282382,172.20.10.5,16,0
2026-01-16T18:39:24.282382,172.20.10.5,17,0
2026-01-16T18:39:24.282382,172.20.10.5,18,0
2026-01-16T18:39:24.282382,172.20.10.5,19,0
2026-01-16T18:39:24.282382,172.20.10.5,20,0
2026-01-16T18:39:24.282382,172.20.10.5,21,0
2026-01-16T18:39:24.282382,172.20.10.5,22,0
2026-01-16T18:39:24.282382,172.20.10.5,23,0
2026-01-16T18:39:24.282382,172.20.10.5,0,0
2026-01-16T18:39:24.282382,172.20.10.5,1,0
2026-01-16T18:39:24.282382,172.20.10.5,2,0
2026-01-16T18:39:24.282382,172.20.10.5,3,0
2026-01-16T18:39:24.282382,172.20.10.5,4,0
2026-01-16T18:39:24.282382,172.20.10.5,5,0
2026-01-16T18:39:24.282382,172.20.10.5,6,0
2026-01-16T18:39:24.282382,172.20.10.5,7,0
2026-01-16T18:39:24.282382,172.20.10.5,8,0.0361502
2026-01-16T18:39:24.282382,172.20.10.5,9,0
2026-01-16T18:39:24.282382,172.20.10.5,10,0
2026-01-16T18:39:24.282382,172.20.10.5,11,0
2026-01-16T18:39:24.282382,172.20.10.5,12,0
2026-01-16T18:39:24.282382,172.20.10.5,13,0
2026-01-16T18:39:24.282382,172.20.10.5,14,0
2026-01-16T18:39:24.282382,172.20.10.5,15,0
2026-01-16T18:39:24.282382,172.20.10.5,16,0
2026-01-16T18:39:24.282382,172.20.10.5,17,0
2026-01-16T18:39:24.282382,172.20.10.5,18,0
2026-01-16T18:39:24.282382,172.20.10.5,19,0
2026-01-16T18:39:24.282382,172.20.10.5,20,0
2026-01-16T18:39:24.282382,172.20.10.5,21,0
2026-01-16T18:39:24.282382,172.20.10.5,22,0
2026-01-16T18:39:24.282382,172.20.10.5,23,0
2026-01-16T18:39:24.282382,172.20.10.5,0,0
2026-01-16T18:39:24.282382,172.20.10.5,1,0
2026-01-16T18:39:24.282382,172.20.10.5,2,0
2026-01-16T18:39:24.282382,172.20.10.5,3,0
2026-01-16T18:39:24.282382,172.20.10.5,4,0
2026-01-16T18:39:24.282382,172.20.10.5,5,0
2026-01-16T18:39:24.282382,172.20.10.5,6,0
2026-01-16T18:39:24.282382,172.20.10.5,7,0
2026-01-16T18:39:24.282382,172.20.10.5,8,0.0361502
2026-01-16T18:39:24.282382,172.20.10.5,9,0
2026-01-16T18:39:24.282382,172.20.10.5,10,0
2026-01-16T18:39:24.282382,172.20.10.5,11,0
2026-01-16T18:39:24.282382,172.20.10.5,12,0
2026-01-16T18:39:24.282382,172.20.10.5,13,0
2026-01-16T18:39:24.282382,172.20.10.5,14,0
2026-01-16T18:39:24.282382,172.20.10.5,15,0
2026-01-16T18:39:24.282382,172.20.10.5,16,0
2026-01-16T18:39:24.282382,172.20.10.5,17,0
2026-01-16T18:39:24.282382,172.20.10.5,18,0
2026-01-16T18:39:24.282382,172.20.10.5,19,0
2026-01-16T18:39:24.282382,172.20.10.5,20,0
2026-01-16T18:39:24.282382,172.20.10.5,21,0
2026-01-16T18:39:24.282382,172.20.10.5,22,0
2026-01-16T18:39:24.282382,172.20.10.5,23,0
2026-01-16T18:39:24.282382,172.20.10.5,0,0
2026-01-16T18:39:24.282382,172.20.10.5,1,0
2026-01-16T18:39:24.282382,172.20.10.5,2,0
2026-01-16T18:39:24.282382,172.20.10.5,3,0
2026-01-16T18:39:24.282382,172.20.10.5,4,0
2026-01-16T18:39:24.282382,172.20.10.5,5,0
2026-01-16T18:39:24.282382,172.20.10.5,6,0
2026-01-16T18:39:24.282382,172.20.10.5,7,0
2026-01-16T18:39:24.282382,172.20.10.5,8,0.0361502
2026-01-16T18:39:24.282382,172.20.10.5,9,0
2026-01-16T18:39:24.282382,172.20.10.5,10,0
2026-01-16T18:39:24.282382,172.20.10.5,11,0
2026-01-16T18:39:24.282382,172.20.10.5,12,0
2026-01-16T18:39:24.282382,172.20.10.5,13,0
2026-01-16T18:39:24.282382,172.20.10.5,14,0
2026-01-16T18:39:24.282382,172.20.10.5,15,0
2026-01-16T18:39:24.282382,172.20.10.5,16,0
2026-01-16T18:39:24.282382,172.20.10.5,17,0
2026-01-16T18:39:24.282382,172.20.10.5,18,0
2026-01-16T18:39:24.282382,172.20.10.5,19,0
2026-01-16T18:39:24.282382,172.20.10.5,20,0
2026-01-16T18:39:24.282382,172.20.10.5,21,0
2026-01-16T18:39:24.282382,172.20.10.5,22,0
2026-01-16T18:39:24.282382,172.20.10.5,23,0
2026-01-16T18:39:24.282382,172.20.10.5,0,0
2026-01-16T18:39:24.282382,172.20.10.5,1,0
2026-01-16T18:39:24.282382,172.20.10.5,2,0
2026-01-16T18:39:24.282382,172.20.10.5,3,0
2026-01-16T18:39:24.282382,172.20.10.5,4,0
2026-01-16T18:39:24.282382,172.20.10.5,5,0
2026-01-16T18:39:24.282382,172.20.10.5,6,0
2026-01-16T18:39:24.282382,172.20.10.5,7,0
2026-01-16T18:39:24.282382,172.20.10.5,8,0.0361502
2026-01-16T18:39:24.282382,172.20.10.5,9,0
2026-01-16T18:39:24.282382,172.20.10.5,10,0
2026-01-16T18:39:24.282382,172.20.10.5,11,0
2026-01-16T18:39:24.282382,172.20.10.5,12,0
2026-01-16T18:39:24.282382,172.20.10.5,13,0
2026-01-16T18:39:24.282382,172.20.10.5,14,0
2026-01-16T18:39:24.282382,172.20.10.5,15,0
2026-01-16T18:39:24.282382,172.20.10.5,16,0
2026-01-16T18:39:24.282382,172.20.10.5,17,0
2026-01-16T18:39:24.282382,172.20.10.5,18,0
2026-01-16T18:39:24.282382,172.20.10.5,19,0
2026-01-16T18:39:24.282382,172.20.10.5,20,0
2026-01-16T18:39:24.282382,172.20.10.5,21,0
2026-01-16T18:39:24.282382,172.20.10.5,22,0
2026-01-16T18:39:24.282382,172.20.10.5,23,0
2026-01-16T18:39:24.282382,172.20.10.5,0,0
2026-01-16T18:39:24.282382,172.20.10.5,1,0
2026-01-16T18:39:24.282382,172.20.10.5,2,0
2026-01-16T18:39:24.282382,172.20.10.5,3,0
2026-01-16T18:39:24.282382,172.20.10.5,4,0
2026-01-16T18:39:24.282382,172.20.10.5,5,0
2026-01-16T18:39:24.282382,172.20.10.5,6,0
2026-01-16T18:39:24.282382,172.20.10.5,7,0
2026-01-16T18:39:24.282382,172.20.10.5,8,0.0361502
2026-01-16T18:39:24.282382,172.20.10.5,9,0
2026-01-16T18:39:24.282382,172.20.10.5,10,0
2026-01-16T18:39:24.282382,172.20.10.5,11,0
2026-01-16T18:39:24.282382,172.20.10.5,12,0
2026-01-16T18:39:24.282382,172.20.10.5,13,0
2026-01-16T18:39:24.282382,172.20.10.5,14,0
2026-01-16T18:39:24.282382,172.20.10.5,15,0
2026-01-16T18:39:24.282382,172.20.10.5,16,0
2026-01-16T18:39:24.282382,172.20.10.5,17,0
2026-01-16T18:39:24.282382,172.20.10.5,18,0
2026-01-16T18:39:24.282382,172.20.10.5,19,0
2026-01-16T18:39:24.282382,172.20.10.5,20,0
2026-01-16T18:39:24.282382,172.20.10.5,21,0
2026-01-16T18:39:24.282382,172.20.10.5,22,0
2026-01-16T18:39:24.282382,172.20.10.5,23,0
2026-01-16T18:39:24.282382,172.20.10.5,0,0
2026-01-16T18:39:24.282382,172.20.10.5,1,0
2026-01-16T18:39:24.282382,172.20.10.5,2,0
2026-01-16T18:39:24.282382,172.20.10.5,3,0
2026-01-16T18:39:24.282382,172.20.10.5,4,0
2026-01-16T18:39:24.282382,172.20.10.5,5,0
2026-01-16T18:39:24.282382,172.20.10.5,6,0
2026-01-16T18:39:24.282382,172.20.10.5,7,0
2026-01-16T18:39:24.282382,172.20.10.5,8,0.0361502
2026-01-16T18:39:24.282382,172.20.10.5,9,0
2026-01-16T18:39:24.282382,172.20.10.5,10,0
2026-01-16T18:39:24.282382,172.20.10.5,11,0
2026-01-16T18:39:24.282382,172.20.10.5,12,0
2026-01-16T18:39:24.282382,172.20.10.5,13,0
2026-01-16T18:39:24.282382,172.20.10.5,14,0
2026-01-16T18:39:24.282382,172.20.10.5,15,0
2026-01-16T18:39:24.282382,172.20.10.5,16,0
2026-01-16T18:39:24.282382,172.20.10.5,17,0
2026-01-16T18:39:24.282382,172.20.10.5,18,0
2026-01-16T18:39:24.282382,172.20.10.5,19,0
2026-01-16T18:39:24.282382,172.20.10.5,20,0
2026-01-16T18:39:24.282382,172.20.10.5,21,0
2026-01-16T18:39:24.282382,172.20.10.5,22,0
2026-01-16T18:39:24.282382,172.20.10.5,23,0
2026-01-16T18:39:24.282382,172.20.10.5,0,0
2026-01-16T18:39:24.282382,172.20.10.5,1,0
2026-01-16T18:39:24.282382,172.20.10.5,2,0
2026-01-16T18:39:24.282382,172.20.10.5,3,0
2026-01-16T18:39:24.282382,172.20.10.5,4,0
2026-01-16T18:39:24.282382,172.20.10.5,5,0
2026-01-16T18:39:24.282382,172.20.10.5,6,0
2026-01-16T18:39:24.282382,172.20.10.5,7,0
2026-01-16T18:39:24.282382,172.20.10.5,8,0.0361502
2026-01-16T18:39:24.282382,172.20.10.5,9,0
2026-01-16T18:39:24.282382,172.20.10.5,10,0
2026-01-16T18:39:24.282382,172.20.10.5,11,0
2026-01-16T18:39:24.282382,172.20.10.5,12,0
2026-01-16T18:39:24.282382,172.20.10.5,13,0
2026-01-16T18:39:24.282382,172.20.10.5,14,0
2026-01-16T18:39:24.282382,172.20.10.5,15,0
2026-01-16T18:39:24.282382,172.20.10.5,16,0
2026-01-16T18:39:24.282382,172.20.10.5,17,0
2026-01-16T18:39:24.282382,172.20.10.5,18,0
2026-01-16T18:39:24.282382,172.20.10.5,19,0
2026-01-16T18:39:24.282382,172.20.10.5,20,0
2026-01-16T18:39:24.282382,172.20.10.5,21,0
2026-01-16T18:39:24.282382,172.20.10.5,22,0
2026-01-16T18:39:24.282382,172.20.10.5,23,0
2026-01-16T18:39:24.282382,172.20.10.5,0,0
2026-01-16T18:39:24.282382,172.20.10.5,1,0
2026-01-16T18:39:24.282382,172.20.10.5,2,0
2026-01-16T18:39:24.282382,172.20.10.5,3,0
2026-01-16T18:39:24.282382,172.20.10.5,4,0
2026-01-16T18:39:24.282382,172.20.10.5,5,0
2026-01-16T18:39:24.282382,172.20.10.5,6,0
2026-01-16T18:39:24.282382,172.20.10.5,7,0
2026-01-16T18:39:24.282382,172.20.10.5,8,0.0361502
2026-01-16T18:39:24.282382,172.20.10.5,9,0
2026-01-16T18:39:24.282382,172.20.10.5,10,0
2026-01-16T18:39:24.282382,172.20.10.5,11,0
2026-01-16T18:39:24.282382,172.20.10.5,12,0
2026-01-16T18:39:24.282382,172.20.10.5,13,0
2026-01-16T18:39:24.282382,172.20.10.5,14,0
2026-01-16T18:39:24.282382,172.20.10.5,15,0
2026-01-16T18:39:24.282382,172.20.10.5,16,0
2026-01-16T18:39:24.282382,172.20.10.5,17,0
2026-01-16T18:39:24.282382,172.20.10.5,18,0
2026-01-16T18:39:24.282382,172.20.10.5,19,0
2026-01-16T18:39:24.282382,172.20.10.5,20,0
2026-01-16T18:39:24.282382,172.20.10.5,21,0
2026-01-16T18:39:24.282382,172.20.10.5,22,0
2026-01-16T18:39:24.282382,172.20.10.5,23,0
2026-01-16T18:39:24.282382,172.20.10.5,0,0
2026-01-16T18:39:24.282382,172.20.10.5,1,0
2026-01-16T18:39:24.282382,172.20.10.5,2,0
2026-01-16T18:39:24.282382,172.20.10.5,3,0
2026-01-16T18:39:24.282382,172.20.10.5,4,0
2026-01-16T18:39:24.282382,172.20.10.5,5,0
2026-01-16T18:39:24.282382,172.20.10.5,6,0
2026-01-16T18:39:24.282382,172.20.10.5,7,0
2026-01-16T18:39:24.282382,172.20.10.5,8,0.0361502
2026-01-16T18:39:24.282382,172.20.10.5,9,0
2026-01-16T18:39:24.282382,172.20.10.5,10,0
2026-01-16T18:39:24.282382,172.20.10.5,11,0
2026-01-16T18:39:24.282382,172.20.10.5,12,0
2026-01-16T18:39:24.282382,172.20.10.5,13,0
2026-01-16T18:39:24.282382,172.20.10.5,14,0
2026-01-16T18:39:24.282382,172.20.10.5,15,0
2026-01-16T18:39:24.282382,172.20.10.5,16,0
2026-01-16T18:39:24.282382,172.20.10.5,17,0
2026-01-16T18:39:24.282382,172.20.10.5,18,0
2026-01-16T18:39:24.282382,172.20.10.5,19,0
2026-01-16T18:39:24.282382,172.20.10.5,20,0
2026-01-16T18:39:24.282382,172.20.10.5,21,0
2026-01-16T18:39:24.282382,172.20.10.5,22,0
2026-01-16T18:39:24.282382,172.20.10.5,23,0
2026-01-16T18:39:24.282382,172.20.10.5,0,0
2026-01-16T18:39:24.282382,172.20.10.5,1,0
2026-01-16T18:39:24.282382,172.20.10.5,2,0
2026-01-16T18:39:24.282382,172.20.10.5,3,0
2026-01-16T18:39:24.282382,172.20.10.5,4,0
2026-01-16T18:39:24.282382,172.20.10.5,5,0
2026-01-16T18:39:24.282382,172.20.10.5,6,0
2026-01-16T18:39:24.282382,172.20.10.5,7,0
2026-01-16T18:39:24.282382,172.20.10.5,8,0.0361502
2026-01-16T18:39:24.282382,172.20.10.5,9,0
2026-01-16T18:39:24.282382,172.20.10.5,10,0
2026-01-16T18:39:24.282382,172.20.10.5,11,0
2026-01-16T18:39:24.282382,172.20.10.5,12,0
2026-01-16T18:39:24.282382,172.20.10.5,13,0
2026-01-16T18:39:24.282382,172.20.10.5,14,0
2026-01-16T18:39:24.282382,172.20.10.5,15,0
2026-01-16T18:39:24.282382,172.20.10.5,16,0
2026-01-16T18:39:24.282382,172.20.10.5,17,0
2026-01-16T18:39:24.282382,172.20.10.5,18,0
2026-01-16T18:39:24.282382,172.20.10.5,19,0
2026-01-16T18:39:24.282382,172.20.10.5,20,0
2026-01-16T18:39:24.282382,172.20.10.5,21,0
2026-01-16T18:39:24.282382,172.20.10.5,22,0
2026-01-16T18:39:24.282382,172.20.10.5,23,0
2026-01-16T18:39:24.282382,172.20.10.5,0,0
2026-01-16T18:39:24.282382,172.20.10.5,1,0
2026-01-16T18:39:24.282382,172.20.10.5,2,0
2026-01-16T18:39:24.282382,172.20.10.5,3,0
2026-01-16T18:39:24.282382,172.20.10.5,4,0
2026-01-16T18:39:24.282382,172.20.10.5,5,0
2026-01-16T18:39:24.282382,172.20.10.5,6,0
2026-01-16T18:39:24.282382,172.20.10.5,7,0
2026-01-16T18:39:24.282382,172.20.10.5,8,0.0361502
2026-01-16T18:39:24.282382,172.20.10.5,9,0
2026-01-16T18:39:24.282382,172.20.10.5,10,0
2026-01-16T18:39:24.282382,172.20.10.5,11,0
2026-01-16T18:39:24.282382,172.20.10.5,12,0
2026-01-16T18:39:24.282382,172.20.10.5,13,0
2026-01-16T18:39:24.282382,172.20.10.5,14,0
2026-01-16T18:39:24.282382,172.20.10.5,15,0
2026-01-16T18:39:24.282382,172.20.10.5,16,0
2026-01-16T18:39:24.282382,172.20.10.5,17,0
2026-01-16T18:39:24.282382,172.20.10.5,18,0
2026-01-16T18:39:24.282382,172.20.10.5,19,0
2026-01-16T18:39:24.282382,172.20.10.5,20,0
2026-01-16T18:39:24.282382,172.20.10.5,21,0
2026-01-16T18:39:24.282382,172.20.10.5,22,0
2026-01-16T18:39:24.282382,172.20.10.5,23,0
2026-01-16T18:39:24.282382,172.20.10.5,0,0
2026-01-16T18:39:24.282382,172.20.10.5,1,0
2026-01-16T18:39:24.282382,172.20.10.5,2,0
2026-01-16T18:39:24.282382,172.20.10.5,3,0
2026-01-16T18:39:24.282382,172.20.10.5,4,0
2026-01-16T18:39:24.282382,172.20.10.5,5,0
2026-01-16T18:39:24.282382,172.20.10.5,6,0
2026-01-16T18:39:24.282382,172.20.10.5,7,0
2026-01-16T18:39:24.282382,172.20.10.5,8,0.0361502
2026-01-16T18:39:24.282382,172.20.10.5,9,0
2026-01-16T18:39:24.282382,172.20.10.5,10,0
2026-01-16T18:39:24.282382,172.20.10.5,11,0
2026-01-16T18:39:24.282382,172.20.10.5,12,0
2026-01-16T18:39:24.282382,172.20.10.5,13,0
2026-01-16T18:39:24.282382,172.20.10.5,14,0
2026-01-16T18:39:24.282382,172.20.10.5,15,0
2026-01-16T18:39:24.282382,172.20.10.5,16,0
2026-01-16T18:39:24.282382,172.20.10.5,17,0
2026-01-16T18:39:24.282382,172.20.10.5,18,0
2026-01-16T18:39:24.282382,172.20.10.5,19,0
2026-01-16T18:39:24.282382,172.20.10.5,20,0
2026-01-16T18:39:24.282382,172.20.10.5,21,0
2026-01-16T18:39:24.282382,172.20.10.5,22,0
2026-01-16T18:39:24.282382,172.20.10.5,23,0
2026-01-16T18:39:24.282382,172.20.10.5,0,0
2026-01-16T18:39:24.282382,172.20.10.5,1,0
2026-01-16T18:39:24.282382,172.20.10.5,2,0
2026-01-16T18:39:24.282382,172.20.10.5,3,0
2026-01-16T18:39:24.282382,172.20.10.5,4,0
2026-01-16T18:39:24.282382,172.20.10.5,5,0
2026-01-16T18:39:24.282382,172.20.10.5,6,0
2026-01-16T18:39:24.282382,172.20.10.5,7,0
2026-01-16T18:39:24.282382,172.20.10.5,8,0.0361502
2026-01-16T18:39:24.282382,172.20.10.5,9,0
2026-01-16T18:39:24.282382,172.20.10.5,10,0
2026-01-16T18:39:24.282382,172.20.10.5,11,0
2026-01-16T18:39:24.282382,172.20.10.5,12,0
2026-01-16T18:39:24.282382,172.20.10.5,13,0
2026-01-16T18:39:24.282382,172.20.10.5,14,0
2026-01-16T18:39:24.282382,172.20.10.5,15,0
2026-01-16T18:39:24.282382,172.20.10.5,16,0
2026-01-16T18:39:24.282382,172.20.10.5,17,0
2026-01-16T18:39:24.282382,172.20.10.5,18,0
2026-01-16T18:39:24.282382,172.20.10.5,19,0
2026-01-16T18:39:24.282382,172.20.10.5,20,0
2026-01-16T18:39:24.282382,172.20.10.5,21,0
2026-01-16T18:39:24.282382,172.20.10.5,22,0
2026-01-16T18:39:24.282382,172.20.10.5,23,0
2026-01-16T18:39:24.282382,172.20.10.5,0,0
2026-01-16T18:39:24.282382,172.20.10.5,1,0
2026-01-16T18:39:24.282382,172.20.10.5,2,0
2026-01-16T18:39:24.282382,172.20.10.5,3,0
2026-01-16T18:39:24.282382,172.20.10.5,4,0
2026-01-16T18:39:24.282382,172.20.10.5,5,0
2026-01-16T18:39:24.282382,172.20.10.5,6,0
2026-01-16T18:39:24.282382,172.20.10.5,7,0
2026-01-16T18:39:24.282382,172.20.10.5,8,0.0361502
2026-01-16T18:39:24.282382,172.20.10.5,9,0
2026-01-16T18:39:24.282382,172.20.10.5,10,0
2026-01-16T18:39:24.282382,172.20.10.5,11,0
2026-01-16T18:39:24.282382,172.20.10.5,12,0
2026-01-16T18:39:24.282382,172.20.10.5,13,0
2026-01-16T18:39:24.282382,172.20.10.5,14,0
2026-01-16T18:39:24.282382,172.20.10.5,15,0
2026-01-16T18:39:24.282382,172.20.10.5,16,0
2026-01-16T18:39:24.282382,172.20.10.5,17,0
2026-01-16T18:39:24.282382,172.20.10.5,18,0
2026-01-16T18:39:24.282382,172.20.10.5,19,0
2026-01-16T18:39:24.282382,172.20.10.5,20,0
2026-01-16T18:39:24.282382,172.20.10.5,21,0
2026-01-16T18:39:24.282382,172.20.10.5,22,0
2026-01-16T18:39:24.282382,172.20.10.5,23,0
2026-01-16T18:39:24.282382,172.20.10.5,0,0
2026-01-16T18:39:24.282382,172.20.10.5,1,0
2026-01-16T18:39:24.282382,172.20.10.5,2,0
2026-01-16T18:39:24.282382,172.20.10.5,3,0
2026-01-16T18:39:24.282382,172.20.10.5,4,0
2026-01-16T18:39:24.282382,172.20.10.5,5,0
2026-01-16T18:39:24.282382,172.20.10.5,6,0
2026-01-16T18:39:24.282382,172.20.10.5,7,0
2026-01-16T18:39:24.282382,172.20.10.5,8,0.0361502
2026-01-16T18:39:24.282382,172.20.10.5,9,0
2026-01-16T18:39:24.282382,172.20.10.5,10,0
2026-01-16T18:39:24.282382,172.20.10.5,11,0
2026-01-16T18:39:24.282382,172.20.10.5,12,0
2026-01-16T18:39:24.282382,172.20.10.5,13,0
2026-01-16T18:39:24.282382,172.20.10.5,14,0
2026-01-16T18:39:24.282382,172.20.10.5,15,0
2026-01-16T18:39:24.282382,172.20.10.5,16,0
2026-01-16T18:39:24.282382,172.20.10.5,17,0
2026-01-16T18:39:24.282382,172.20.10.5,18,0
2026-01-16T18:39:24.282382,172.20.10.5,19,0
2026-01-16T18:39:24.282382,172.20.10.5,20,0
2026-01-16T18:39:24.282382,172.20.10.5,21,0
2026-01-16T18:39:24.282382,172.20.10.5,22,0
2026-01-16T18:39:24.282382,172.20.10.5,23,0
2026-01-16T18:39:24.282382,172.20.10.5,0,0
2026-01-16T18:39:24.282382,172.20.10.5,1,0
2026-01-16T18:39:24.282382,172.20.10.5,2,0
2026-01-16T18:39:24.282382,172.20.10.5,3,0
2026-01-16T18:39:24.282382,172.20.10.5,4,0
2026-01-16T18:39:24.282382,172.20.10.5,5,0
2026-01-16T18:39:24.282382,172.20.10.5,6,0
2026-01-16T18:39:24.282382,172.20.10.5,7,0
2026-01-16T18:39:24.282382,172.20.10.5,8,0.0361502
2026-01-16T18:39:24.282382,172.20.10.5,9,0
2026-01-16T18:39:24.282382,172.20.10.5,10,0
2026-01-16T18:39:24.282382,172.20.10.5,11,0
2026-01-16T18:39:24.282382,172.20.10.5,12,0
2026-01-16T18:39:24.282382,172.20.10.5,13,0
2026-01-16T18:39:24.282382,172.20.10.5,14,0
2026-01-16T18:39:24.282382,172.20.10.5,15,0
2026-01-16T18:39:24.282382,172.20.10.5,16,0
2026-01-16T18:39:24.282382,172.20.10.5,17,0
2026-01-16T18:39:24.282382,172.20.10.5,18,0
2026-01-16T18:39:24.282382,172.20.10.5,19,0
2026-01-16T18:39:24.282382,172.20.10.5,20,0
2026-01-16T18:39:24.282382,172.20.10.5,21,0
2026-01-16T18:39:24.282382,172.20.10.5,22,0
2026-01-16T18:39:24.282382,172.20.10.5,23,0
2026-01-16T18:39:24.282382,172.20.10.5,0,0
2026-01-16T18:39:24.282382,172.20.10.5,1,0
2026-01-16T18:39:24.282382,172.20.10.5,2,0
2026-01-16T18:39:24.282382,172.20.10.5,3,0
2026-01-16T18:39:24.282382,172.20.10.5,4,0
2026-01-16T18:39:24.282382,172.20.10.5,5,0
2026-01-16T18:39:24.282382,172.20.10.5,6,0
2026-01-16T18:39:24.282382,172.20.10.5,7,0
2026-01-16T18:39:24.282382,172.20.10.5,8,0.0361502
2026-01-16T18:39:24.282382,172.20.10.5,9,0
2026-01-16T18:39:24.282382,172.20.10.5,10,0
2026-01-16T18:39:24.282382,172.20.10.5,11,0
2026-01-16T18:39:24.282382,172.20.10.5,12,0
2026-01-16T18:39:24.282382,172.20.10.5,13,0
2026-01-16T18:39:24.282382,172.20.10.5,14,0
2026-01-16T18:39:24.282382,172.20.10.5,15,0
2026-01-16T18:39:24.282382,172.20.10.5,16,0
2026-01-16T18:39:24.282382,172.20.10.5,17,0
2026-01-16T18:39:24.282382,172.20.10.5,18,0
2026-01-16T18:39:24.282382,172.20.10.5,19,0
2026-01-16T18:39:24.282382,172.20.10.5,20,0
2026-01-16T18:39:24.282382,172.20.10.5,21,0
2026-01-16T18:39:24.282382,172.20.10.5,22,0
2026-01-16T18:39:24.282382,172.20.10.5,23,0
2026-01-16T18:39:24.282382,172.20.10.5,0,0
2026-01-16T18:39:24.282382,172.20.10.5,1,0
2026-01-16T18:39:24.282382,172.20.10.5,2,0
2026-01-16T18:39:24.282382,172.20.10.5,3,0
2026-01-16T18:39:24.282382,172.20.10.5,4,0
2026-01-16T18:39:24.282382,172.20.10.5,5,0
2026-01-16T18:39:24.282382,172.20.10.5,6,0
2026-01-16T18:39:24.282382,172.20.10.5,7,0
2026-01-16T18:39:24.282382,172.20.10.5,8,0.0361502
2026-01-16T18:39:24.282382,172.20.10.5,9,0
2026-01-16T18:39:24.282382,172.20.10.5,10,0
2026-01-16T18:39:24.282382,172.20.10.5,11,0
2026-01-16T18:39:24.282382,172.20.10.5,12,0
2026-01-16T18:39:24.282382,172.20.10.5,13,0
2026-01-16T18:39:24.282382,172.20.10.5,14,0
2026-01-16T18:39:24.282382,172.20.10.5,15,0
2026-01-16T18:39:24.282382,172.20.10.5,16,0
2026-01-16T18:39:24.282382,172.20.10.5,17,0
2026-01-16T18:39:24.282382,172.20.10.5,18,0
2026-01-16T18:39:24.282382,172.20.10.5,19,0
2026-01-16T18:39:24.282382,172.20.10.5,20,0
2026-01-16T18:39:24.282382,172.20.10.5,21,0
2026-01-16T18:39:24.282382,172.20.10.5,22,0
2026-01-16T18:39:24.282382,172.20.10.5,23,0
2026-01-16T18:39:24.282382,172.20.10.5,0,0
2026-01-16T18:39:24.282382,172.20.10.5,1,0
2026-01-16T18:39:24.282382,172.20.10.5,2,0
2026-01-16T18:39:24.282382,172.20.10.5,3,0
2026-01-16T18:39:24.282382,172.20.10.5,4,0
2026-01-16T18:39:24.282382,172.20.10.5,5,0
2026-01-16T18:39:24.282382,172.20.10.5,6,0
2026-01-16T18:39:24.282382,172.20.10.5,7,0
2026-01-16T18:39:24.282382,172.20.10.5,8,0.0361502
2026-01-16T18:39:24.282382,172.20.10.5,9,0
2026-01-16T18:39:24.282382,172.20.10.5,10,0
2026-01-16T18:39:24.282382,172.20.10.5,11,0
2026-01-16T18:39:24.282382,172.20.10.5,12,0
2026-01-16T18:39:24.282382,172.20.10.5,13,0
2026-01-16T18:39:24.282382,172.20.10.5,14,0
2026-01-16T18:39:24.282382,172.20.10.5,15,0
2026-01-16T18:39:24.282382,172.20.10.5,16,0
2026-01-16T18:39:24.282382,172.20.10.5,17,0
2026-01-16T18:39:24.282382,172.20.10.5,18,0
2026-01-16T18:39:24.282382,172.20.10.5,19,0
2026-01-16T18:39:24.282382,172.20.10.5,20,0
2026-01-16T18:39:24.282382,172.20.10.5,21,0
2026-01-16T18:39:24.282382,172.20.10.5,22,0
2026-01-16T18:39:24.282382,172.20.10.5,23,0
2026-01-16T18:39:24.282382,172.20.10.5,0,0
2026-01-16T18:39:24.282382,172.20.10.5,1,0
2026-01-16T18:39:24.282382,172.20.10.5,2,0
2026-01-16T18:39:24.282382,172.20.10.5,3,0
2026-01-16T18:39:24.282382,172.20.10.5,4,0
2026-01-16T18:39:24.282382,172.20.10.5,5,0
2026-01-16T18:39:24.282382,172.20.10.5,6,0
2026-01-16T18:39:24.282382,172.20.10.5,7,0
2026-01-16T18:39:24.282382,172.20.10.5,8,0.0361502
2026-01-16T18:39:24.282382,172.20.10.5,9,0
2026-01-16T18:39:24.282382,172.20.10.5,10,0
2026-01-16T18:39:24.282382,172.20.10.5,11,0
2026-01-16T18:39:24.282382,172.20.10.5,12,0
2026-01-16T18:39:24.282382,172.20.10.5,13,0
2026-01-16T18:39:24.282382,172.20.10.5,14,0
2026-01-16T18:39:24.282382,172.20.10.5,15,0
2026-01-16T18:39:24.282382,172.20.10.5,16,0
2026-01-16T18:39:24.282382,172.20.10.5,17,0
2026-01-16T18:39:24.282382,172.20.10.5,18,0
2026-01-16T18:39:24.282382,172.20.10.5,19,0
2026-01-16T18:39:24.282382,172.20.10.5,20,0
2026-01-16T18:39:24.282382,172.20.10.5,21,0
2026-01-16T18:39:24.282382,172.20.10.5,22,0
2026-01-16T18:39:24.282382,172.20.10.5,23,0
2026-01-16T18:39:24.282382,172.20.10.5,0,0
2026-01-16T18:39:24.282382,172.20.10.5,1,0
2026-01-16T18:39:24.282382,172.20.10.5,2,0
2026-01-16T18:39:24.282382,172.20.10.5,3,0
2026-01-16T18:39:24.282382,172.20.10.5,4,0
2026-01-16T18:39:24.282382,172.20.10.5,5,0
2026-01-16T18:39:24.282382,172.20.10.5,6,0
2026-01-16T18:39:24.282382,172.20.10.5,7,0
2026-01-16T18:39:24.282382,172.20.10.5,8,0.0361502
2026-01-16T18:39:24.282382,172.20.10.5,9,0
2026-01-16T18:39:24.282382,172.20.10.5,10,0
2026-01-16T18:39:24.282382,172.20.10.5,11,0
2026-01-16T18:39:24.282382,172.20.10.5,12,0
2026-01-16T18:39:24.282382,172.20.10.5,13,0
2026-01-16T18:39:24.282382,172.20.10.5,14,0
2026-01-16T18:39:24.282382,172.20.10.5,15,0
2026-01-16T18:39:24.282382,172.20.10.5,16,0
2026-01-16T18:39:24.282382,172.20.10.5,17,0
2026-01-16T18:39:24.282382,172.20.10.5,18,0
2026-01-16T18:39:24.282382,172.20.10.5,19,0
2026-01-16T18:39:24.282382,172.20.10.5,20,0
2026-01-16T18:39:24.282382,172.20.10.5,21,0
2026-01-16T18:39:24.282382,172.20.10.5,22,0
2026-01-16T18:39:24.282382,172.20.10.5,23,0
2026-01-16T18:39:24.282382,172.20.10.5,0,0
2026-01-16T18:39:24.282382,172.20.10.5,1,0
2026-01-16T18:39:24.282382,172.20.10.5,2,0
2026-01-16T18:39:24.282382,172.20.10.5,3,0
2026-01-16T18:39:24.282382,172.20.10.5,4,0
2026-01-16T18:39:24.282382,172.20.10.5,5,0
2026-01-16T18:39:24.282382,172.20.10.5,6,0
2026-01-16T18:39:24.282382,172.20.10.5,7,0
2026-01-16T18:39:24.282382,172.20.10.5,8,0.0361502
2026-01-16T18:39:24.282382,172.20.10.5,9,0
2026-01-16T18:39:24.282382,172.20.10.5,10,0
2026-01-16T18:39:24.282382,172.20.10.5,11,0
2026-01-16T18:39:24.282382,172.20.10.5,12,0
2026-01-16T18:39:24.282382,172.20.10.5,13,0
2026-01-16T18:39:24.282382,172.20.10.5,14,0
2026-01-16T18:39:24.282382,172.20.10.5,15,0
2026-01-16T18:39:24.282382,172.20.10.5,16,0
2026-01-16T18:39:24.282382,172.20.10.5,17,0
2026-01-16T18:39:24.282382,172.20.10.5,18,0
2026-01-16T18:39:24.282382,172.20.10.5,19,0
2026-01-16T18:39:24.282382,172.20.10.5,20,0
2026-01-16T18:39:24.282382,172.20.10.5,21,0
2026-01-16T18:39:24.282382,172.20.10.5,22,0
2026-01-16T18:39:24.282382,172.20.10.5,23,0
2026-01-16T18:39:24.282382,172.20.10.5,0,0
2026-01-16T18:39:24.282382,172.20.10.5,1,0
2026-01-16T18:39:24.282382,172.20.10.5,2,0
2026-01-16T18:39:24.282382,172.20.10.5,3,0
2026-01-16T18:39:24.282382,172.20.10.5,4,0
2026-01-16T18:39:24.282382,172.20.10.5,5,0
2026-01-16T18:39:24.282382,172.20.10.5,6,0
2026-01-16T18:39:24.282382,172.20.10.5,7,0
2026-01-16T18:39:24.282382,172.20.10.5,8,0.0361502
2026-01-16T18:39:24.282382,172.20.10.5,9,0
2026-01-16T18:39:24.282382,172.20.10.5,10,0
2026-01-16T18:39:24.282382,172.20.10.5,11,0
2026-01-16T18:39:24.282382,172.20.10.5,12,0
2026-01-16T18:39:24.282382,172.20.10.5,13,0
2026-01-16T18:39:24.282382,172.20.10.5,14,0
2026-01-16T18:39:24.282382,172.20.10.5,15,0
2026-01-16T18:39:24.282382,172.20.10.5,16,0
2026-01-16T18:39:24.282382,172.20.10.5,17,0
2026-01-16T18:39:24.282382,172.20.10.5,18,0
2026-01-16T18:39:24.282382,172.20.10.5,19,0
2026-01-16T18:39:24.282382,172.20.10.5,20,0
2026-01-16T18:39:24.282382,172.20.10.5,21,0
2026-01-16T18:39:24.282382,172.20.10.5,22,0
2026-01-16T18:39:24.282382,172.20.10.5,23,0
2026-01-16T18:39:24.282382,172.20.10.5,0,0
2026-01-16T18:39:24.282382,172.20.10.5,1,0
2026-01-16T18:39:24.282382,172.20.10.5,2,0
2026-01-16T18:39:24.282382,172.20.10.5,3,0
2026-01-16T18:39:24.282382,172.20.10.5,4,0
2026-01-16T18:39:24.282382,172.20.10.5,5,0
2026-01-16T18:39:24.282382,172.20.10.5,6,0
2026-01-16T18:39:24.282382,172.20.10.5,7,0
2026-01-16T18:39:24.282382,172.20.10.5,8,0.0361502
2026-01-16T18:39:24.282382,172.20.10.5,9,0
2026-01-16T18:39:24.282382,172.20.10.5,10,0
2026-01-16T18:39:24.282382,172.20.10.5,11,0
2026-01-16T18:39:24.282382,172.20.10.5,12,0
2026-01-16T18:39:24.282382,172.20.10.5,13,0
2026-01-16T18:39:24.282382,172.20.10.5,14,0
2026-01-16T18:39:24.282382,172.20.10.5,15,0
2026-01-16T18:39:24.282382,172.20.10.5,16,0
2026-01-16T18:39:24.282382,172.20.10.5,17,0
2026-01-16T18:39:24.282382,172.20.10.5,18,0
2026-01-16T18:39:24.282382,172.20.10.5,19,0
2026-01-16T18:39:24.282382,172.20.10.5,20,0
2026-01-16T18:39:24.282382,172.20.10.5,21,0
2026-01-16T18:39:24.282382,172.20.10.5,22,0
2026-01-16T18:39:24.282382,172.20.10.5,23,0
2026-01-16T18:39:24.282382,172.20.10.5,0,0
2026-01-16T18:39:24.282382,172.20.10.5,1,0
2026-01-16T18:39:24.282382,172.20.10.5,2,0
2026-01-16T18:39:24.282382,172.20.10.5,3,0
2026-01-16T18:39:24.282382,172.20.10.5,4,0
2026-01-16T18:39:24.282382,172.20.10.5,5,0
2026-01-16T18:39:24.282382,172.20.10.5,6,0
2026-01-16T18:39:24.282382,172.20.10.5,7,0
2026-01-16T18:39:24.282382,172.20.10.5,8,0.0361502
2026-01-16T18:39:24.282382,172.20.10.5,9,0
2026-01-16T18:39:24.282382,172.20.10.5,10,0
2026-01-16T18:39:24.282382,172.20.10.5,11,0
2026-01-16T18:39:24.282382,172.20.10.5,12,0
2026-01-16T18:39:24.282382,172.20.10.5,13,0
2026-01-16T18:39:24.282382,172.20.10.5,14,0
2026-01-16T18:39:24.282382,172.20.10.5,15,0
2026-01-16T18:39:24.282382,172.20.10.5,16,0
2026-01-16T18:39:24.282382,172.20.10.5,17,0
2026-01-16T18:39:24.282382,172.20.10.5,18,0
2026-01-16T18:39:24.282382,172.20.10.5,19,0
2026-01-16T18:39:24.282382,172.20.10.5,20,0
2026-01-16T18:39:24.282382,172.20.10.5,21,0
2026-01-16T18:39:24.282382,172.20.10.5,22,0
2026-01-16T18:39:24.282382,172.20.10.5,23,0
2026-01-16T18:39:24.282382,172.20.10.5,0,0
2026-01-16T18:39:24.282382,172.20.10.5,1,0
2026-01-16T18:39:24.282382,172.20.10.5,2,0
2026-01-16T18:39:24.282382,172.20.10.5,3,0
2026-01-16T18:39:24.282382,172.20.10.5,4,0
2026-01-16T18:39:24.282382,172.20.10.5,5,0
2026-01-16T18:39:24.282382,172.20.10.5,6,0
2026-01-16T18:39:24.282382,172.20.10.5,7,0
2026-01-16T18:39:24.282382,172.20.10.5,8,0.0361502
2026-01-16T18:39:24.282382,172.20.10.5,9,0
2026-01-16T18:39:24.282382,172.20.10.5,10,0
2026-01-16T18:39:24.282382,172.20.10.5,11,0
2026-01-16T18:39:24.282382,172.20.10.5,12,0
2026-01-16T18:39:24.282382,172.20.10.5,13,0
2026-01-16T18:39:24.282382,172.20.10.5,14,0
2026-01-16T18:39:24.282382,172.20.10.5,15,0
2026-01-16T18:39:24.282382,172.20.10.5,16,0
2026-01-16T18:39:24.282382,172.20.10.5,17,0
2026-01-16T18:39:24.282382,172.20.10.5,18,0
2026-01-16T18:39:24.282382,172.20.10.5,19,0
2026-01-16T18:39:24.282382,172.20.10.5,20,0
2026-01-16T18:39:24.282382,172.20.10.5,21,0
2026-01-16T18:39:24.282382,172.20.10.5,22,0
2026-01-16T18:39:24.282382,172.20.10.5,23,0
2026-01-16T18:39:24.282382,172.20.10.5,0,0
2026-01-16T18:39:24.282382,172.20.10.5,1,0
2026-01-16T18:39:24.282382,172.20.10.5,2,0
2026-01-16T18:39:24.282382,172.20.10.5,3,0
2026-01-16T18:39:24.282382,172.20.10.5,4,0
2026-01-16T18:39:24.282382,172.20.10.5,5,0
2026-01-16T18:39:24.282382,172.20.10.5,6,0
2026-01-16T18:39:24.282382,172.20.10.5,7,0
2026-01-16T18:39:24.282382,172.20.10.5,8,0.0361502
2026-01-16T18:39:24.282382,172.20.10.5,9,0
2026-01-16T18:39:24.282382,172.20.10.5,10,0
2026-01-16T18:39:24.282382,172.20.10.5,11,0
2026-01-16T18:39:24.282382,172.20.10.5,12,0
2026-01-16T18:39:24.282382,172.20.10.5,13,0
2026-01-16T18:39:24.282382,172.20.10.5,14,0
2026-01-16T18:39:24.282382,172.20.10.5,15,0
2026-01-16T18:39:24.282382,172.20.10.5,16,0
2026-01-16T18:39:24.282382,172.20.10.5,17,0
2026-01-16T18:39:24.282382,172.20.10.5,18,0
2026-01-16T18:39:24.282382,172.20.10.5,19,0
2026-01-16T18:39:24.282382,172.20.10.5,20,0
2026-01-16T18:39:24.282382,172.20.10.5,21,0
2026-01-16T18:39:24.282382,172.20.10.5,22,0
2026-01-16T18:39:24.282382,172.20.10.5,23,0
2026-01-16T18:39:24.282382,172.20.10.5,0,0
2026-01-16T18:39:24.282382,172.20.10.5,1,0
2026-01-16T18:39:24.282382,172.20.10.5,2,0
2026-01-16T18:39:24.282382,172.20.10.5,3,0
2026-01-16T18:39:24.282382,172.20.10.5,4,0
2026-01-16T18:39:24.282382,172.20.10.5,5,0
2026-01-16T18:39:24.282382,172.20.10.5,6,0
2026-01-16T18:39:24.282382,172.20.10.5,7,0
2026-01-16T18:39:24.282382,172.20.10.5,8,0.0361502
2026-01-16T18:39:24.282382,172.20.10.5,9,0
2026-01-16T18:39:24.282382,172.20.10.5,10,0
2026-01-16T18:39:24.282382,172.20.10.5,11,0
2026-01-16T18:39:24.282382,172.20.10.5,12,0
2026-01-16T18:39:24.282382,172.20.10.5,13,0
2026-01-16T18:39:24.282382,172.20.10.5,14,0
2026-01-16T18:39:24.282382,172.20.10.5,15,0
2026-01-16T18:39:24.282382,172.20.10.5,16,0
2026-01-16T18:39:24.282382,172.20.10.5,17,0
2026-01-16T18:39:24.282382,172.20.10.5,18,0
2026-01-16T18:39:24.282382,172.20.10.5,19,0
2026-01-16T18:39:24.282382,172.20.10.5,20,0
2026-01-16T18:39:24.282382,172.20.10.5,21,0
2026-01-16T18:39:24.282382,172.20.10.5,22,0
2026-01-16T18:39:24.282382,172.20.10.5,23,0
2026-01-16T18:39:24.282382,172.20.10.5,0,0
2026-01-16T18:39:24.282382,172.20.10.5,1,0
2026-01-16T18:39:24.282382,172.20.10.5,2,0
2026-01-16T18:39:24.282382,172.20.10.5,3,0
2026-01-16T18:39:24.282382,172.20.10.5,4,0
2026-01-16T18:39:24.282382,172.20.10.5,5,0
2026-01-16T18:39:24.282382,172.20.10.5,6,0
2026-01-16T18:39:24.282382,172.20.10.5,7,0
2026-01-16T18:39:24.282382,172.20.10.5,8,0.0361502
2026-01-16T18:39:24.282382,172.20.10.5,9,0
2026-01-16T18:39:24.282382,172.20.10.5,10,0
2026-01-16T18:39:24.282382,172.20.10.5,11,0
2026-01-16T18:39:24.282382,172.20.10.5,12,0
2026-01-16T18:39:24.282382,172.20.10.5,13,0
2026-01-16T18:39:24.282382,172.20.10.5,14,0
2026-01-16T18:39:24.282382,172.20.10.5,15,0
2026-01-16T18:39:24.282382,172.20.10.5,16,0
2026-01-16T18:39:24.282382,172.20.10.5,17,0
2026-01-16T18:39:24.282382,172.20.10.5,18,0
2026-01-16T18:39:24.282382,172.20.10.5,19,0
2026-01-16T18:39:24.282382,172.20.10.5,20,0
2026-01-16T18:39:24.282382,172.20.10.5,21,0
2026-01-16T18:39:24.282382,172.20.10.5,22,0
2026-01-16T18:39:24.282382,172.20.10.5,23,0
2026-01-16T18:39:24.282382,172.20.10.5,0,0
2026-01-16T18:39:24.282382,172.20.10.5,1,0
2026-01-16T18:39:24.282382,172.20.10.5,2,0
2026-01-16T18:39:24.282382,172.20.10.5,3,0
2026-01-16T18:39:24.282382,172.20.10.5,4,0
2026-01-16T18:39:24.282382,172.20.10.5,5,0
2026-01-16T18:39:24.282382,172.20.10.5,6,0
2026-01-16T18:39:24.282382,172.20.10.5,7,0
2026-01-16T18:39:24.282382,172.20.10.5,8,0.0361502
2026-01-16T18:39:24.282382,172.20.10.5,9,0
2026-01-16T18:39:24.282382,172.20.10.5,10,0
2026-01-16T18:39:24.282382,172.20.10.5,11,0
2026-01-16T18:39:24.282382,172.20.10.5,12,0
2026-01-16T18:39:24.282382,172.20.10.5,13,0
2026-01-16T18:39:24.282382,172.20.10.5,14,0
2026-01-16T18:39:24.282382,172.20.10.5,15,0
2026-01-16T18:39:24.282382,172.20.10.5,16,0
2026-01-16T18:39:24.282382,172.20.10.5,17,0
2026-01-16T18:39:24.282382,172.20.10.5,18,0
2026-01-16T18:39:24.282382,172.20.10.5,19,0
2026-01-16T18:39:24.282382,172.20.10.5,20,0
2026-01-16T18:39:24.282382,172.20.10.5,21,0
2026-01-16T18:39:24.282382,172.20.10.5,22,0
2026-01-16T18:39:24.282382,172.20.10.5,23,0
2026-01-16T18:39:24.282382,172.20.10.5,0,0
2026-01-16T18:39:24.282382,172.20.10.5,1,0
2026-01-16T18:39:24.282382,172.20.10.5,2,0
2026-01-16T18:39:24.282382,172.20.10.5,3,0
2026-01-16T18:39:24.282382,172.20.10.5,4,0
2026-01-16T18:39:24.282382,172.20.10.5,5,0
2026-01-16T18:39:24.282382,172.20.10.5,6,0
2026-01-16T18:39:24.282382,172.20.10.5,7,0
2026-01-16T18:39:24.282382,172.20.10.5,8,0.0361502
2026-01-16T18:39:24.282382,172.20.10.5,9,0
2026-01-16T18:39:24.282382,172.20.10.5,10,0
2026-01-16T18:39:24.282382,172.20.10.5,11,0
2026-01-16T18:39:24.282382,172.20.10.5,12,0
2026-01-16T18:39:24.282382,172.20.10.5,13,0
2026-01-16T18:39:24.282382,172.20.10.5,14,0
2026-01-16T18:39:24.282382,172.20.10.5,15,0
2026-01-16T18:39:24.282382,172.20.10.5,16,0
2026-01-16T18:39:24.282382,172.20.10.5,17,0
2026-01-16T18:39:24.282382,172.20.10.5,18,0
2026-01-16T18:39:24.282382,172.20.10.5,19,0
2026-01-16T18:39:24.282382,172.20.10.5,20,0
2026-01-16T18:39:24.282382,172.20.10.5,21,0
2026-01-16T18:39:24.282382,172.20.10.5,22,0
2026-01-16T18:39:24.282382,172.20.10.5,23,0
2026-01-16T18:39:24.282382,172.20.10.5,0,0
2026-01-16T18:39:24.282382,172.20.10.5,1,0
2026-01-16T18:39:24.282382,172.20.10.5,2,0
2026-01-16T18:39:24.282382,172.20.10.5,3,0
2026-01-16T18:39:24.282382,172.20.10.5,4,0
2026-01-16T18:39:24.282382,172.20.10.5,5,0
2026-01-16T18:39:24.282382,172.20.10.5,6,0
2026-01-16T18:39:24.282382,172.20.10.5,7,0
2026-01-16T18:39:24.282382,172.20.10.5,8,0.0361502
2026-01-16T18:39:24.282382,172.20.10.5,9,0
2026-01-16T18:39:24.282382,172.20.10.5,10,0
2026-01-16T18:39:24.282382,172.20.10.5,11,0
2026-01-16T18:39:24.282382,172.20.10.5,12,0
2026-01-16T18:39:24.282382,172.20.10.5,13,0
2026-01-16T18:39:24.282382,172.20.10.5,14,0
2026-01-16T18:39:24.282382,172.20.10.5,15,0
2026-01-16T18:39:24.282382,172.20.10.5,16,0
2026-01-16T18:39:24.282382,172.20.10.5,17,0
2026-01-16T18:39:24.282382,172.20.10.5,18,0
2026-01-16T18:39:24.282382,172.20.10.5,19,0
2026-01-16T18:39:24.282382,172.20.10.5,20,0
2026-01-16T18:39:24.282382,172.20.10.5,21,0
2026-01-16T18:39:24.282382,172.20.10.5,22,0
2026-01-16T18:39:24.282382,172.20.10.5,23,0
2026-01-16T18:39:24.282382,172.20.10.5,0,0
2026-01-16T18:39:24.282382,172.20.10.5,1,0
2026-01-16T18:39:24.282382,172.20.10.5,2,0
2026-01-16T18:39:24.282382,172.20.10.5,3,0
2026-01-16T18:39:24.282382,172.20.10.5,4,0
2026-01-16T18:39:24.282382,172.20.10.5,5,0
2026-01-16T18:39:24.282382,172.20.10.5,6,0
2026-01-16T18:39:24.282382,172.20.10.5,7,0
2026-01-16T18:39:24.282382,172.20.10.5,8,0.0361502
2026-01-16T18:39:24.282382,172.20.10.5,9,0
2026-01-16T18:39:24.282382,172.20.10.5,10,0
2026-01-16T18:39:24.282382,172.20.10.5,11,0
2026-01-16T18:39:24.282382,172.20.10.5,12,0
2026-01-16T18:39:24.282382,172.20.10.5,13,0
2026-01-16T18:39:24.282382,172.20.10.5,14,0
2026-01-16T18:39:24.282382,172.20.10.5,15,0
2026-01-16T18:39:24.282382,172.20.10.5,16,0
2026-01-16T18:39:24.282382,172.20.10.5,17,0
2026-01-16T18:39:24.282382,172.20.10.5,18,0
2026-01-16T18:39:24.282382,172.20.10.5,19,0
2026-01-16T18:39:24.282382,172.20.10.5,20,0
2026-01-16T18:39:24.282382,172.20.10.5,21,0
2026-01-16T18:39:24.282382,172.20.10.5,22,0
2026-01-16T18:39:24.282382,172.20.10.5,23,0
2026-01-16T18:39:24.282382,172.20.10.5,0,0
2026-01-16T18:39:24.282382,172.20.10.5,1,0
2026-01-16T18:39:24.282382,172.20.10.5,2,0
2026-01-16T18:39:24.282382,172.20.10.5,3,0
2026-01-16T18:39:24.282382,172.20.10.5,4,0
2026-01-16T18:39:24.282382,172.20.10.5,5,0
2026-01-16T18:39:24.282382,172.20.10.5,6,0
2026-01-16T18:39:24.282382,172.20.10.5,7,0
2026-01-16T18:39:24.282382,172.20.10.5,8,0.0361502
2026-01-16T18:39:24.282382,172.20.10.5,9,0
2026-01-16T18:39:24.282382,172.20.10.5,10,0
2026-01-16T18:39:24.282382,172.20.10.5,11,0
2026-01-16T18:39:24.282382,172.20.10.5,12,0
2026-01-16T18:39:24.282382,172.20.10.5,13,0
2026-01-16T18:39:24.282382,172.20.10.5,14,0
2026-01-16T18:39:24.282382,172.20.10.5,15,0
2026-01-16T18:39:24.282382,172.20.10.5,16,0
2026-01-16T18:39:24.282382,172.20.10.5,17,0
2026-01-16T18:39:24.282382,172.20.10.5,18,0
2026-01-16T18:39:24.282382,172.20.10.5,19,0
2026-01-16T18:39:24.282382,172.20.10.5,20,0
2026-01-16T18:39:24.282382,172.20.10.5,21,0
2026-01-16T18:39:24.282382,172.20.10.5,22,0
2026-01-16T18:39:24.282382,172.20.10.5,23,0
2026-01-16T18:39:24.282382,172.20.10.5,0,0
2026-01-16T18:39:24.282382,172.20.10.5,1,0
2026-01-16T18:39:24.282382,172.20.10.5,2,0
2026-01-16T18:39:24.282382,172.20.10.5,3,0
2026-01-16T18:39:24.282382,172.20.10.5,4,0
2026-01-16T18:39:24.282382,172.20.10.5,5,0
2026-01-16T18:39:24.282382,172.20.10.5,6,0
2026-01-16T18:39:24.282382,172.20.10.5,7,0
2026-01-16T18:39:24.282382,172.20.10.5,8,0.0361502
2026-01-16T18:39:24.282382,172.20.10.5,9,0
2026-01-16T18:39:24.282382,172.20.10.5,10,0
2026-01-16T18:39:24.282382,172.20.10.5,11,0
2026-01-16T18:39:24.282382,172.20.10.5,12,0
2026-01-16T18:39:24.282382,172.20.10.5,13,0
2026-01-16T18:39:24.282382,172.20.10.5,14,0
2026-01-16T18:39:24.282382,172.20.10.5,15,0
2026-01-16T18:39:24.282382,172.20.10.5,16,0
2026-01-16T18:39:24.282382,172.20.10.5,17,0
2026-01-16T18:39:24.282382,172.20.10.5,18,0
2026-01-16T18:39:24.282382,172.20.10.5,19,0
2026-01-16T18:39:24.282382,172.20.10.5,20,0
2026-01-16T18:39:24.282382,172.20.10.5,21,0
2026-01-16T18:39:24.282382,172.20.10.5,22,0
2026-01-16T18:39:24.282382,172.20.10.5,23,0
2026-01-16T18:39:24.282382,172.20.10.5,0,0
2026-01-16T18:39:24.282382,172.20.10.5,1,0
2026-01-16T18:39:24.282382,172.20.10.5,2,0
2026-01-16T18:39:24.282382,172.20.10.5,3,0
2026-01-16T18:39:24.282382,172.20.10.5,4,0
2026-01-16T18:39:24.282382,172.20.10.5,5,0
2026-01-16T18:39:24.282382,172.20.10.5,6,0
2026-01-16T18:39:24.282382,172.20.10.5,7,0
2026-01-16T18:39:24.282382,172.20.10.5,8,0.0361502
2026-01-16T18:39:24.282382,172.20.10.5,9,0
2026-01-16T18:39:24.282382,172.20.10.5,10,0
2026-01-16T18:39:24.282382,172.20.10.5,11,0
2026-01-16T18:39:24.282382,172.20.10.5,12,0
2026-01-16T18:39:24.282382,172.20.10.5,13,0
2026-01-16T18:39:24.282382,172.20.10.5,14,0
2026-01-16T18:39:24.282382,172.20.10.5,15,0
2026-01-16T18:39:24.282382,172.20.10.5,16,0
2026-01-16T18:39:24.282382,172.20.10.5,17,0
2026-01-16T18:39:24.282382,172.20.10.5,18,0
2026-01-16T18:39:24.282382,172.20.10.5,19,0
2026-01-16T18:39:24.282382,172.20.10.5,20,0
2026-01-16T18:39:24.282382,172.20.10.5,21,0
2026-01-16T18:39:24.282382,172.20.10.5,22,0
2026-01-16T18:39:24.282382,172.20.10.5,23,0
2026-01-16T18:39:24.282382,172.20.10.5,0,0
2026-01-16T18:39:24.282382,172.20.10.5,1,0
2026-01-16T18:39:24.282382,172.20.10.5,2,0
2026-01-16T18:39:24.282382,172.20.10.5,3,0
2026-01-16T18:39:24.282382,172.20.10.5,4,0
2026-01-16T18:39:24.282382,172.20.10.5,5,0
2026-01-16T18:39:24.282382,172.20.10.5,6,0
2026-01-16T18:39:24.282382,172.20.10.5,7,0
2026-01-16T18:39:24.282382,172.20.10.5,8,0.0361502
2026-01-16T18:39:24.282382,172.20.10.5,9,0
2026-01-16T18:39:24.282382,172.20.10.5,10,0
2026-01-16T18:39:24.282382,172.20.10.5,11,0
2026-01-16T18:39:24.282382,172.20.10.5,12,0
2026-01-16T18:39:24.282382,172.20.10.5,13,0
2026-01-16T18:39:24.282382,172.20.10.5,14,0
2026-01-16T18:39:24.282382,172.20.10.5,15,0
2026-01-16T18:39:24.282382,172.20.10.5,16,0
2026-01-16T18:39:24.282382,172.20.10.5,17,0
2026-01-16T18:39:24.282382,172.20.10.5,18,0
2026-01-16T18:39:24.282382,172.20.10.5,19,0
2026-01-16T18:39:24.282382,172.20.10.5,20,0
2026-01-16T18:39:24.282382,172.20.10.5,21,0
2026-01-16T18:39:24.282382,172.20.10.5,22,0
2026-01-16T18:39:24.282382,172.20.10.5,23,0
2026-01-16T18:39:24.282382,172.20.10.5,0,0
2026-01-16T18:39:24.282382,172.20.10.5,1,0
2026-01-16T18:39:24.282382,172.20.10.5,2,0
2026-01-16T18:39:24.282382,172.20.10.5,3,0
2026-01-16T18:39:24.282382,172.20.10.5,4,0
2026-01-16T18:39:24.282382,172.20.10.5,5,0
2026-01-16T18:39:24.282382,172.20.10.5,6,0
2026-01-16T18:39:24.282382,172.20.10.5,7,0
2026-01-16T18:39:24.282382,172.20.10.5,8,0.0361502
2026-01-16T18:39:24.282382,172.20.10.5,9,0
2026-01-16T18:39:24.282382,172.20.10.5,10,0
2026-01-16T18:39:24.282382,172.20.10.5,11,0
2026-01-16T18:39:24.282382,172.20.10.5,12,0
2026-01-16T18:39:24.282382,172.20.10.5,13,0
2026-01-16T18:39:24.282382,172.20.10.5,14,0
2026-01-16T18:39:24.282382,172.20.10.5,15,0
2026-01-16T18:39:24.282382,172.20.10.5,16,0
2026-01-16T18:39:24.282382,172.20.10.5,17,0
2026-01-16T18:39:24.282382,172.20.10.5,18,0
2026-01-16T18:39:24.282382,172.20.10.5,19,0
2026-01-16T18:39:24.282382,172.20.10.5,20,0
2026-01-16T18:39:24.282382,172.20.10.5,21,0
2026-01-16T18:39:24.282382,172.20.10.5,22,0
2026-01-16T18:39:24.282382,172.20.10.5,23,0
2026-01-16T18:39:24.282382,172.20.10.5,0,0
2026-01-16T18:39:24.282382,172.20.10.5,1,0
2026-01-16T18:39:24.282382,172.20.10.5,2,0
2026-01-16T18:39:24.282382,172.20.10.5,3,0
2026-01-16T18:39:24.282382,172.20.10.5,4,0
2026-01-16T18:39:24.282382,172.20.10.5,5,0
2026-01-16T18:39:24.282382,172.20.10.5,6,0
2026-01-16T18:39:24.282382,172.20.10.5,7,0
2026-01-16T18:39:24.282382,172.20.10.5,8,0.0361502
2026-01-16T18:39:24.282382,172.20.10.5,9,0
2026-01-16T18:39:24.282382,172.20.10.5,10,0
2026-01-16T18:39:24.282382,172.20.10.5,11,0
2026-01-16T18:39:24.282382,172.20.10.5,12,0
2026-01-16T18:39:24.282382,172.20.10.5,13,0
2026-01-16T18:39:24.282382,172.20.10.5,14,0
2026-01-16T18:39:24.282382,172.20.10.5,15,0
2026-01-16T18:39:24.282382,172.20.10.5,16,0
2026-01-16T18:39:24.282382,172.20.10.5,17,0
2026-01-16T18:39:24.282382,172.20.10.5,18,0
2026-01-16T18:39:24.282382,172.20.10.5,19,0
2026-01-16T18:39:24.282382,172.20.10.5,20,0
2026-01-16T18:39:24.282382,172.20.10.5,21,0
2026-01-16T18:39:24.282382,172.20.10.5,22,0
2026-01-16T18:39:24.282382,172.20.10.5,23,0
2026-01-16T18:39:24.282382,172.20.10.5,0,0
2026-01-16T18:39:24.282382,172.20.10.5,1,0
2026-01-16T18:39:24.282382,172.20.10.5,2,0
2026-01-16T18:39:24.282382,172.20.10.5,3,0
2026-01-16T18:39:24.282382,172.20.10.5,4,0
2026-01-16T18:39:24.282382,172.20.10.5,5,0
2026-01-16T18:39:24.282382,172.20.10.5,6,0
2026-01-16T18:39:24.282382,172.20.10.5,7,0
2026-01-16T18:39:24.282382,172.20.10.5,8,0.0361502
2026-01-16T18:39:24.282382,172.20.10.5,9,0
2026-01-16T18:39:24.282382,172.20.10.5,10,0
2026-01-16T18:39:24.282382,172.20.10.5,11,0
2026-01-16T18:39:24.282382,172.20.10.5,12,0
2026-01-16T18:39:24.282382,172.20.10.5,13,0
2026-01-16T18:39:24.282382,172.20.10.5,14,0
2026-01-16T18:39:24.282382,172.20.10.5,15,0
2026-01-16T18:39:24.282382,172.20.10.5,16,0
2026-01-16T18:39:24.282382,172.20.10.5,17,0
2026-01-16T18:39:24.282382,172.20.10.5,18,0
2026-01-16T18:39:24.282382,172.20.10.5,19,0
2026-01-16T18:39:24.282382,172.20.10.5,20,0
2026-01-16T18:39:24.282382,172.20.10.5,21,0
2026-01-16T18:39:24.282382,172.20.10.5,22,0
2026-01-16T18:39:24.282382,172.20.10.5,23,0
2026-01-16T18:39:24.282382,172.20.10.5,0,0
2026-01-16T18:39:24.282382,172.20.10.5,1,0
2026-01-16T18:39:24.282382,172.20.10.5,2,0
2026-01-16T18:39:24.282382,172.20.10.5,3,0
2026-01-16T18:39:24.282382,172.20.10.5,4,0
2026-01-16T18:39:24.282382,172.20.10.5,5,0
2026-01-16T18:39:24.282382,172.20.10.5,6,0
2026-01-16T18:39:24.282382,172.20.10.5,7,0
2026-01-16T18:39:24.282382,172.20.10.5,8,0.0361502
2026-01-16T18:39:24.282382,172.20.10.5,9,0
2026-01-16T18:39:24.282382,172.20.10.5,10,0
2026-01-16T18:39:24.282382,172.20.10.5,11,0
2026-01-16T18:39:24.282382,172.20.10.5,12,0
2026-01-16T18:39:24.282382,172.20.10.5,13,0
2026-01-16T18:39:24.282382,172.20.10.5,14,0
2026-01-16T18:39:24.282382,172.20.10.5,15,0
2026-01-16T18:39:24.282382,172.20.10.5,16,0
2026-01-16T18:39:24.282382,172.20.10.5,17,0
2026-01-16T18:39:24.282382,172.20.10.5,18,0
2026-01-16T18:39:24.282382,172.20.10.5,19,0
2026-01-16T18:39:24.282382,172.20.10.5,20,0
2026-01-16T18:39:24.282382,172.20.10.5,21,0
2026-01-16T18:39:24.282382,172.20.10.5,22,0
2026-01-16T18:39:24.282382,172.20.10.5,23,0
2026-01-16T18:39:24.282382,172.20.10.5,0,0
2026-01-16T18:39:24.282382,172.20.10.5,1,0
2026-01-16T18:39:24.282382,172.20.10.5,2,0
2026-01-16T18:39:24.282382,172.20.10.5,3,0
2026-01-16T18:39:24.282382,172.20.10.5,4,0
2026-01-16T18:39:24.282382,172.20.10.5,5,0
2026-01-16T18:39:24.282382,172.20.10.5,6,0
2026-01-16T18:39:24.282382,172.20.10.5,7,0
2026-01-16T18:39:24.282382,172.20.10.5,8,0.0361502
2026-01-16T18:39:24.282382,172.20.10.5,9,0
2026-01-16T18:39:24.282382,172.20.10.5,10,0
2026-01-16T18:39:24.282382,172.20.10.5,11,0
2026-01-16T18:39:24.282382,172.20.10.5,12,0
2026-01-16T18:39:24.282382,172.20.10.5,13,0
2026-01-16T18:39:24.282382,172.20.10.5,14,0
2026-01-16T18:39:24.282382,172.20.10.5,15,0
2026-01-16T18:39:24.282382,172.20.10.5,16,0
2026-01-16T18:39:24.282382,172.20.10.5,17,0
2026-01-16T18:39:24.282382,172.20.10.5,18,0
2026-01-16T18:39:24.282382,172.20.10.5,19,0
2026-01-16T18:39:24.282382,172.20.10.5,20,0
2026-01-16T18:39:24.282382,172.20.10.5,21,0
2026-01-16T18:39:24.282382,172.20.10.5,22,0
2026-01-16T18:39:24.282382,172.20.10.5,23,0
2026-01-16T18:39:24.282382,172.20.10.5,0,0
2026-01-16T18:39:24.282382,172.20.10.5,1,0
2026-01-16T18:39:24.282382,172.20.10.5,2,0
2026-01-16T18:39:24.282382,172.20.10.5,3,0
2026-01-16T18:39:24.282382,172.20.10.5,4,0
2026-01-16T18:39:24.282382,172.20.10.5,5,0
2026-01-16T18:39:24.282382,172.20.10.5,6,0
2026-01-16T18:39:24.282382,172.20.10.5,7,0
2026-01-16T18:39:24.282382,172.20.10.5,8,0.0361502
2026-01-16T18:39:24.282382,172.20.10.5,9,0
2026-01-16T18:39:24.282382,172.20.10.5,10,0
2026-01-16T18:39:24.282382,172.20.10.5,11,0
2026-01-16T18:39:24.282382,172.20.10.5,12,0
2026-01-16T18:39:24.282382,172.20.10.5,13,0
2026-01-16T18:39:24.282382,172.20.10.5,14,0
2026-01-16T18:39:24.282382,172.20.10.5,15,0
2026-01-16T18:39:24.282382,172.20.10.5,16,0
2026-01-16T18:39:24.282382,172.20.10.5,17,0
2026-01-16T18:39:24.282382,172.20.10.5,18,0
2026-01-16T18:39:24.282382,172.20.10.5,19,0
2026-01-16T18:39:24.282382,172.20.10.5,20,0
2026-01-16T18:39:24.282382,172.20.10.5,21,0
2026-01-16T18:39:24.282382,172.20.10.5,22,0
2026-01-16T18:39:24.282382,172.20.10.5,23,0
2026-01-16T18:39:24.282382,172.20.10.5,0,0
2026-01-16T18:39:24.282382,172.20.10.5,1,0
2026-01-16T18:39:24.282382,172.20.10.5,2,0
2026-01-16T18:39:24.282382,172.20.10.5,3,0
2026-01-16T18:39:24.282382,172.20.10.5,4,0
2026-01-16T18:39:24.282382,172.20.10.5,5,0
2026-01-16T18:39:24.282382,172.20.10.5,6,0
2026-01-16T18:39:24.282382,172.20.10.5,7,0
2026-01-16T18:39:24.282382,172.20.10.5,8,0.0361502
2026-01-16T18:39:24.282382,172.20.10.5,9,0
2026-01-16T18:39:24.282382,172.20.10.5,10,0
2026-01-16T18:39:24.282382,172.20.10.5,11,0
2026-01-16T18:39:24.282382,172.20.10.5,12,0
2026-01-16T18:39:24.282382,172.20.10.5,13,0
2026-01-16T18:39:24.282382,172.20.10.5,14,0
2026-01-16T18:39:24.282382,172.20.10.5,15,0
2026-01-16T18:39:24.282382,172.20.10.5,16,0
2026-01-16T18:39:24.282382,172.20.10.5,17,0
2026-01-16T18:39:24.282382,172.20.10.5,18,0
2026-01-16T18:39:24.282382,172.20.10.5,19,0
2026-01-16T18:39:24.282382,172.20.10.5,20,0
2026-01-16T18:39:24.282382,172.20.10.5,21,0
2026-01-16T18:39:24.282382,172.20.10.5,22,0
2026-01-16T18:39:24.282382,172.20.10.5,23,0
2026-01-16T18:39:24.282382,172.20.10.5,0,0
2026-01-16T18:39:24.282382,172.20.10.5,1,0
2026-01-16T18:39:24.282382,172.20.10.5,2,0
2026-01-16T18:39:24.282382,172.20.10.5,3,0
2026-01-16T18:39:24.282382,172.20.10.5,4,0
2026-01-16T18:39:24.282382,172.20.10.5,5,0
2026-01-16T18:39:24.282382,172.20.10.5,6,0
2026-01-16T18:39:24.282382,172.20.10.5,7,0
2026-01-16T18:39:24.282382,172.20.10.5,8,0.0361502
2026-01-16T18:39:24.282382,172.20.10.5,9,0
2026-01-16T18:39:24.282382,172.20.10.5,10,0
2026-01-16T18:39:24.282382,172.20.10.5,11,0
2026-01-16T18:39:24.282382,172.20.10.5,12,0
2026-01-16T18:39:24.282382,172.20.10.5,13,0
2026-01-16T18:39:24.282382,172.20.10.5,14,0
2026-01-16T18:39:24.282382,172.20.10.5,15,0
2026-01-16T18:39:24.282382,172.20.10.5,16,0
2026-01-16T18:39:24.282382,172.20.10.5,17,0
2026-01-16T18:39:24.282382,172.20.10.5,18,0
2026-01-16T18:39:24.282382,172.20.10.5,19,0
2026-01-16T18:39:24.282382,172.20.10.5,20,0
2026-01-16T18:39:24.282382,172.20.10.5,21,0
2026-01-16T18:39:24.282382,172.20.10.5,22,0
2026-01-16T18:39:24.282382,172.20.10.5,23,0
2026-01-16T18:39:24.282382,172.20.10.5,0,0
2026-01-16T18:39:24.282382,172.20.10.5,1,0
2026-01-16T18:39:24.282382,172.20.10.5,2,0
2026-01-16T18:39:24.282382,172.20.10.5,3,0
2026-01-16T18:39:24.282382,172.20.10.5,4,0
2026-01-16T18:39:24.282382,172.20.10.5,5,0
2026-01-16T18:39:24.282382,172.20.10.5,6,0
2026-01-16T18:39:24.282382,172.20.10.5,7,0
2026-01-16T18:39:24.282382,172.20.10.5,8,0.0361502
2026-01-16T18:39:24.282382,172.20.10.5,9,0
2026-01-16T18:39:24.282382,172.20.10.5,10,0
2026-01-16T18:39:24.282382,172.20.10.5,11,0
2026-01-16T18:39:24.282382,172.20.10.5,12,0
2026-01-16T18:39:24.282382,172.20.10.5,13,0
2026-01-16T18:39:24.282382,172.20.10.5,14,0
2026-01-16T18:39:24.282382,172.20.10.5,15,0
2026-01-16T18:39:24.282382,172.20.10.5,16,0
2026-01-16T18:39:24.282382,172.20.10.5,17,0
2026-01-16T18:39:24.282382,172.20.10.5,18,0
2026-01-16T18:39:24.282382,172.20.10.5,19,0
2026-01-16T18:39:24.282382,172.20.10.5,20,0
2026-01-16T18:39:24.282382,172.20.10.5,21,0
2026-01-16T18:39:24.282382,172.20.10.5,22,0
2026-01-16T18:39:24.282382,172.20.10.5,23,0
2026-01-16T18:39:24.282382,172.20.10.5,0,0
2026-01-16T18:39:24.282382,172.20.10.5,1,0
2026-01-16T18:39:24.282382,172.20.10.5,2,0
2026-01-16T18:39:24.282382,172.20.10.5,3,0
2026-01-16T18:39:24.282382,172.20.10.5,4,0
2026-01-16T18:39:24.282382,172.20.10.5,5,0
2026-01-16T18:39:24.282382,172.20.10.5,6,0
2026-01-16T18:39:24.282382,172.20.10.5,7,0
2026-01-16T18:39:24.282382,172.20.10.5,8,0.0361502
2026-01-16T18:39:24.282382,172.20.10.5,9,0
2026-01-16T18:39:24.282382,172.20.10.5,10,0
2026-01-16T18:39:24.282382,172.20.10.5,11,0
2026-01-16T18:39:24.282382,172.20.10.5,12,0
2026-01-16T18:39:24.282382,172.20.10.5,13,0
2026-01-16T18:39:24.282382,172.20.10.5,14,0
2026-01-16T18:39:24.282382,172.20.10.5,15,0
2026-01-16T18:39:24.282382,172.20.10.5,16,0
2026-01-16T18:39:24.282382,172.20.10.5,17,0
2026-01-16T18:39:24.282382,172.20.10.5,18,0
2026-01-16T18:39:24.282382,172.20.10.5,19,0
2026-01-16T18:39:24.282382,172.20.10.5,20,0
2026-01-16T18:39:24.282382,172.20.10.5,21,0
2026-01-16T18:39:24.282382,172.20.10.5,22,0
2026-01-16T18:39:24.282382,172.20.10.5,23,0
2026-01-16T18:39:24.282382,172.20.10.5,0,0
2026-01-16T18:39:24.282382,172.20.10.5,1,0
2026-01-16T18:39:24.282382,172.20.10.5,2,0
2026-01-16T18:39:24.282382,172.20.10.5,3,0
2026-01-16T18:39:24.282382,172.20.10.5,4,0
2026-01-16T18:39:24.282382,172.20.10.5,5,0
2026-01-16T18:39:24.282382,172.20.10.5,6,0
2026-01-16T18:39:24.282382,172.20.10.5,7,0
2026-01-16T18:39:24.282382,172.20.10.5,8,0.0361502
2026-01-16T18:39:24.282382,172.20.10.5,9,0
2026-01-16T18:39:24.282382,172.20.10.5,10,0
2026-01-16T18:39:24.282382,172.20.10.5,11,0
2026-01-16T18:39:24.282382,172.20.10.5,12,0
2026-01-16T18:39:24.282382,172.20.10.5,13,0
2026-01-16T18:39:24.282382,172.20.10.5,14,0
2026-01-16T18:39:24.282382,172.20.10.5,15,0
2026-01-16T18:39:24.282382,172.20.10.5,16,0
2026-01-16T18:39:24.282382,172.20.10.5,17,0
2026-01-16T18:39:24.282382,172.20.10.5,18,0
2026-01-16T18:39:24.282382,172.20.10.5,19,0
2026-01-16T18:39:24.282382,172.20.10.5,20,0
2026-01-16T18:39:24.282382,172.20.10.5,21,0
2026-01-16T18:39:24.282382,172.20.10.5,22,0
2026-01-16T18:39:24.282382,172.20.10.5,23,0
2026-01-16T18:39:24.282382,172.20.10.5,0,0
2026-01-16T18:39:24.282382,172.20.10.5,1,0
2026-01-16T18:39:24.282382,172.20.10.5,2,0
2026-01-16T18:39:24.282382,172.20.10.5,3,0
2026-01-16T18:39:24.282382,172.20.10.5,4,0
2026-01-16T18:39:24.282382,172.20.10.5,5,0
2026-01-16T18:39:24.282382,172.20.10.5,6,0
2026-01-16T18:39:24.282382,172.20.10.5,7,0
2026-01-16T18:39:24.282382,172.20.10.5,8,0.0361502
2026-01-16T18:39:24.282382,172.20.10.5,9,0
2026-01-16T18:39:24.282382,172.20.10.5,10,0
2026-01-16T18:39:24.282382,172.20.10.5,11,0
2026-01-16T18:39:24.282382,172.20.10.5,12,0
2026-01-16T18:39:24.282382,172.20.10.5,13,0
2026-01-16T18:39:24.282382,172.20.10.5,14,0
2026-01-16T18:39:24.282382,172.20.10.5,15,0
2026-01-16T18:39:24.282382,172.20.10.5,16,0
2026-01-16T18:39:24.282382,172.20.10.5,17,0
2026-01-16T18:39:24.282382,172.20.10.5,18,0
2026-01-16T18:39:24.282382,172.20.10.5,19,0
2026-01-16T18:39:24.282382,172.20.10.5,20,0
2026-01-16T18:39:24.282382,172.20.10.5,21,0
2026-01-16T18:39:24.282382,172.20.10.5,22,0
2026-01-16T18:39:24.282382,172.20.10.5,23,0
2026-01-16T18:39:24.282382,172.20.10.5,0,0
2026-01-16T18:39:24.282382,172.20.10.5,1,0
2026-01-16T18:39:24.282382,172.20.10.5,2,0
2026-01-16T18:39:24.282382,172.20.10.5,3,0
2026-01-16T18:39:24.282382,172.20.10.5,4,0
2026-01-16T18:39:24.282382,172.20.10.5,5,0
2026-01-16T18:39:24.282382,172.20.10.5,6,0
2026-01-16T18:39:24.282382,172.20.10.5,7,0
2026-01-16T18:39:24.282382,172.20.10.5,8,0.0361502
2026-01-16T18:39:24.282382,172.20.10.5,9,0
2026-01-16T18:39:24.282382,172.20.10.5,10,0
2026-01-16T18:39:24.282382,172.20.10.5,11,0
2026-01-16T18:39:24.282382,172.20.10.5,12,0
2026-01-16T18:39:24.282382,172.20.10.5,13,0
2026-01-16T18:39:24.282382,172.20.10.5,14,0
2026-01-16T18:39:24.282382,172.20.10.5,15,0
2026-01-16T18:39:24.282382,172.20.10.5,16,0
2026-01-16T18:39:24.282382,172.20.10.5,17,0
2026-01-16T18:39:24.282382,172.20.10.5,18,0
2026-01-16T18:39:24.282382,172.20.10.5,19,0
2026-01-16T18:39:24.282382,172.20.10.5,20,0
2026-01-16T18:39:24.282382,172.20.10.5,21,0
2026-01-16T18:39:24.282382,172.20.10.5,22,0
2026-01-16T18:39:24.282382,172.20.10.5,23,0
2026-01-16T18:39:24.282382,172.20.10.5,0,0
2026-01-16T18:39:24.282382,172.20.10.5,1,0
2026-01-16T18:39:24.282382,172.20.10.5,2,0
2026-01-16T18:39:24.282382,172.20.10.5,3,0
2026-01-16T18:39:24.282382,172.20.10.5,4,0
2026-01-16T18:39:24.282382,172.20.10.5,5,0
2026-01-16T18:39:24.282382,172.20.10.5,6,0
2026-01-16T18:39:24.282382,172.20.10.5,7,0
2026-01-16T18:39:24.282382,172.20.10.5,8,0.0361502
2026-01-16T18:39:24.282382,172.20.10.5,9,0
2026-01-16T18:39:24.282382,172.20.10.5,10,0
2026-01-16T18:39:24.282382,172.20.10.5,11,0
2026-01-16T18:39:24.282382,172.20.10.5,12,0
2026-01-16T18:39:24.282382,172.20.10.5,13,0
2026-01-16T18:39:24.282382,172.20.10.5,14,0
2026-01-16T18:39:24.282382,172.20.10.5,15,0
2026-01-16T18:39:24.282382,172.20.10.5,16,0
2026-01-16T18:39:24.282382,172.20.10.5,17,0
2026-01-16T18:39:24.282382,172.20.10.5,18,0
2026-01-16T18:39:24.282382,172.20.10.5,19,0
2026-01-16T18:39:24.282382,172.20.10.5,20,0
2026-01-16T18:39:24.282382,172.20.10.5,21,0
2026-01-16T18:39:24.282382,172.20.10.5,22,0
2026-01-16T18:39:24.282382,172.20.10.5,23,0
2026-01-16T18:39:24.282382,172.20.10.5,0,0
2026-01-16T18:39:24.282382,172.20.10.5,1,0
2026-01-16T18:39:24.282382,172.20.10.5,2,0
2026-01-16T18:39:24.282382,172.20.10.5,3,0
2026-01-16T18:39:24.282382,172.20.10.5,4,0
2026-01-16T18:39:24.282382,172.20.10.5,5,0
2026-01-16T18:39:24.282382,172.20.10.5,6,0
2026-01-16T18:39:24.282382,172.20.10.5,7,0
2026-01-16T18:39:24.282382,172.20.10.5,8,0.0361502
2026-01-16T18:39:24.282382,172.20.10.5,9,0
2026-01-16T18:39:24.282382,172.20.10.5,10,0
2026-01-16T18:39:24.282382,172.20.10.5,11,0
2026-01-16T18:39:24.282382,172.20.10.5,12,0
2026-01-16T18:39:24.282382,172.20.10.5,13,0
2026-01-16T18:39:24.282382,172.20.10.5,14,0
2026-01-16T18:39:24.282382,172.20.10.5,15,0
2026-01-16T18:39:24.282382,172.20.10.5,16,0
2026-01-16T18:39:24.282382,172.20.10.5,17,0
2026-01-16T18:39:24.282382,172.20.10.5,18,0
2026-01-16T18:39:24.282382,172.20.10.5,19,0
2026-01-16T18:39:24.282382,172.20.10.5,20,0
2026-01-16T18:39:24.282382,172.20.10.5,21,0
2026-01-16T18:39:24.282382,172.20.10.5,22,0
2026-01-16T18:39:24.282382,172.20.10.5,23,0
2026-01-16T18:39:24.282382,172.20.10.5,0,0
2026-01-16T18:39:24.282382,172.20.10.5,1,0
2026-01-16T18:39:24.282382,172.20.10.5,2,0
2026-01-16T18:39:24.282382,172.20.10.5,3,0
2026-01-16T18:39:24.282382,172.20.10.5,4,0
2026-01-16T18:39:24.282382,172.20.10.5,5,0
2026-01-16T18:39:24.282382,172.20.10.5,6,0
2026-01-16T18:39:24.282382,172.20.10.5,7,0
2026-01-16T18:39:24.282382,172.20.10.5,8,0.0430294
2026-01-16T18:39:24.282382,172.20.10.5,9,0
2026-01-16T18:39:24.282382,172.20.10.5,10,0
2026-01-16T18:39:24.282382,172.20.10.5,11,0
2026-01-16T18:39:24.282382,172.20.10.5,12,0
2026-01-16T18:39:24.282382,172.20.10.5,13,0
2026-01-16T18:39:24.282382,172.20.10.5,14,0
2026-01-16T18:39:24.282382,172.20.10.5,15,0
2026-01-16T18:39:24.282382,172.20.10.5,16,0
2026-01-16T18:39:24.282382,172.20.10.5,17,0
2026-01-16T18:39:24.282382,172.20.10.5,18,0
2026-01-16T18:39:24.282382,172.20.10.5,19,0
2026-01-16T18:39:24.282382,172.20.10.5,20,0
2026-01-16T18:39:24.282382,172.20.10.5,21,0
2026-01-16T18:39:24.282382,172.20.10.5,22,0
2026-01-16T18:39:24.282382,172.20.10.5,23,0
2026-01-16T18:39:24.282382,172.20.10.5,0,0
2026-01-16T18:39:24.282382,172.20.10.5,1,0
2026-01-16T18:39:24.282382,172.20.10.5,2,0
2026-01-16T18:39:24.282382,172.20.10.5,3,0
2026-01-16T18:39:24.282382,172.20.10.5,4,0
2026-01-16T18:39:24.282382,172.20.10.5,5,0
2026-01-16T18:39:24.282382,172.20.10.5,6,0
2026-01-16T18:39:24.282382,172.20.10.5,7,0
2026-01-16T18:39:24.282382,172.20.10.5,8,0.0856263
2026-01-16T18:39:24.282382,172.20.10.5,9,0
2026-01-16T18:39:24.282382,172.20.10.5,10,0
2026-01-16T18:39:24.282382,172.20.10.5,11,0
2026-01-16T18:39:24.282382,172.20.10.5,12,0
2026-01-16T18:39:24.282382,172.20.10.5,13,0
2026-01-16T18:39:24.282382,172.20.10.5,14,0
2026-01-16T18:39:24.282382,172.20.10.5,15,0
2026-01-16T18:39:24.282382,172.20.10.5,16,0
2026-01-16T18:39:24.282382,172.20.10.5,17,0
2026-01-16T18:39:24.282382,172.20.10.5,18,0
2026-01-16T18:39:24.282382,172.20.10.5,19,0
2026-01-16T18:39:24.282382,172.20.10.5,20,0
2026-01-16T18:39:24.282382,172.20.10.5,21,0
2026-01-16T18:39:24.282382,172.20.10.5,22,0
2026-01-16T18:39:24.282382,172.20.10.5,23,0
2026-01-16T18:39:24.282382,172.20.10.5,0,0
2026-01-16T18:39:24.282382,172.20.10.5,1,0
2026-01-16T18:39:24.282382,172.20.10.5,2,0
2026-01-16T18:39:24.282382,172.20.10.5,3,0
2026-01-16T18:39:24.282382,172.20.10.5,4,0
2026-01-16T18:39:24.282382,172.20.10.5,5,0
2026-01-16T18:39:24.282382,172.20.10.5,6,0
2026-01-16T18:39:24.282382,172.20.10.5,7,0
2026-01-16T18:39:24.282382,172.20.10.5,8,0.236315
2026-01-16T18:39:24.282382,172.20.10.5,9,0
2026-01-16T18:39:24.282382,172.20.10.5,10,0
2026-01-16T18:39:24.282382,172.20.10.5,11,0
2026-01-16T18:39:24.282382,172.20.10.5,12,0
2026-01-16T18:39:24.282382,172.20.10.5,13,0
2026-01-16T18:39:24.282382,172.20.10.5,14,0
2026-01-16T18:39:24.282382,172.20.10.5,15,0
2026-01-16T18:39:24.282382,172.20.10.5,16,0
2026-01-16T18:39:24.282382,172.20.10.5,17,0
2026-01-16T18:39:24.282382,172.20.10.5,18,0
2026-01-16T18:39:24.282382,172.20.10.5,19,0
2026-01-16T18:39:24.282382,172.20.10.5,20,0
2026-01-16T18:39:24.282382,172.20.10.5,21,0
2026-01-16T18:39:24.282382,172.20.10.5,22,0
2026-01-16T18:39:24.282382,172.20.10.5,23,0
2026-01-16T18:39:24.282382,172.20.10.5,0,0
2026-01-16T18:39:24.282382,172.20.10.5,1,0
2026-01-16T18:39:24.282382,172.20.10.5,2,0
2026-01-16T18:39:24.282382,172.20.10.5,3,0
2026-01-16T18:39:24.282382,172.20.10.5,4,0
2026-01-16T18:39:24.282382,172.20.10.5,5,0
2026-01-16T18:39:24.282382,172.20.10.5,6,0
2026-01-16T18:39:24.282382,172.20.10.5,7,0
2026-01-16T18:39:24.282382,172.20.10.5,8,1.11528
2026-01-16T18:39:24.282382,172.20.10.5,9,0
2026-01-16T18:39:24.282382,172.20.10.5,10,0
2026-01-16T18:39:24.282382,172.20.10.5,11,0
2026-01-16T18:39:24.282382,172.20.10.5,12,0
2026-01-16T18:39:24.282382,172.20.10.5,13,0
2026-01-16T18:39:24.282382,172.20.10.5,14,0
2026-01-16T18:39:24.282382,172.20.10.5,15,0
2026-01-16T18:39:24.282382,172.20.10.5,16,0
2026-01-16T18:39:24.282382,172.20.10.5,17,0
2026-01-16T18:39:24.282382,172.20.10.5,18,0
2026-01-16T18:39:24.282382,172.20.10.5,19,0
2026-01-16T18:39:24.282382,172.20.10.5,20,0
2026-01-16T18:39:24.282382,172.20.10.5,21,0
2026-01-16T18:39:24.282382,172.20.10.5,22,0
2026-01-16T18:39:24.282382,172.20.10.5,23,0
2026-01-16T18:39:24.282382,172.20.10.5,0,0
2026-01-16T18:39:24.282382,172.20.10.5,1,0
2026-01-16T18:39:24.282382,172.20.10.5,2,0
2026-01-16T18:39:24.282382,172.20.10.5,3,0
2026-01-16T18:39:24.282382,172.20.10.5,4,0
2026-01-16T18:39:24.282382,172.20.10.5,5,0
2026-01-16T18:39:24.282382,172.20.10.5,6,0
2026-01-16T18:39:24.282382,172.20.10.5,7,0
2026-01-16T18:39:24.282382,172.20.10.5,8,0.121544
2026-01-16T18:39:24.282382,172.20.10.5,9,0
2026-01-16T18:39:24.282382,172.20.10.5,10,0
2026-01-16T18:39:24.282382,172.20.10.5,11,0
2026-01-16T18:39:24.282382,172.20.10.5,12,0
2026-01-16T18:39:24.282382,172.20.10.5,13,0
2026-01-16T18:39:24.282382,172.20.10.5,14,0
2026-01-16T18:39:24.282382,172.20.10.5,15,0
2026-01-16T18:39:24.282382,172.20.10.5,16,0
2026-01-16T18:39:24.282382,172.20.10.5,17,0
2026-01-16T18:39:24.282382,172.20.10.5,18,0
2026-01-16T18:39:24.282382,172.20.10.5,19,0
2026-01-16T18:39:24.282382,172.20.10.5,20,0
2026-01-16T18:39:24.282382,172.20.10.5,21,0
2026-01-16T18:39:24.282382,172.20.10.5,22,0
2026-01-16T18:39:24.282382,172.20.10.5,23,0
2026-01-16T18:39:24.282382,172.20.10.5,0,0
2026-01-16T18:39:24.282382,172.20.10.5,1,0
2026-01-16T18:39:24.282382,172.20.10.5,2,0
2026-01-16T18:39:24.282382,172.20.10.5,3,0
2026-01-16T18:39:24.282382,172.20.10.5,4,0
2026-01-16T18:39:24.282382,172.20.10.5,5,0
2026-01-16T18:39:24.282382,172.20.10.5,6,0
2026-01-16T18:39:24.282382,172.20.10.5,7,0
2026-01-16T18:39:24.282382,172.20.10.5,8,0.299577
2026-01-16T18:39:24.282382,172.20.10.5,9,0
2026-01-16T18:39:24.282382,172.20.10.5,10,0
2026-01-16T18:39:24.282382,172.20.10.5,11,0
2026-01-16T18:39:24.282382,172.20.10.5,12,0
2026-01-16T18:39:24.282382,172.20.10.5,13,0
2026-01-16T18:39:24.282382,172.20.10.5,14,0
2026-01-16T18:39:24.282382,172.20.10.5,15,0
2026-01-16T18:39:24.282382,172.20.10.5,16,0
2026-01-16T18:39:24.282382,172.20.10.5,17,0
2026-01-16T18:39:24.282382,172.20.10.5,18,0
2026-01-16T18:39:24.282382,172.20.10.5,19,0
2026-01-16T18:39:24.282382,172.20.10.5,20,0
2026-01-16T18:39:24.282382,172.20.10.5,21,0
2026-01-16T18:39:24.282382,172.20.10.5,22,0
2026-01-16T18:39:24.282382,172.20.10.5,23,0
2026-01-16T18:39:24.282382,172.20.10.5,0,0
2026-01-16T18:39:24.282382,172.20.10.5,1,0
2026-01-16T18:39:24.282382,172.20.10.5,2,0
2026-01-16T18:39:24.282382,172.20.10.5,3,0
2026-01-16T18:39:24.282382,172.20.10.5,4,0
2026-01-16T18:39:24.282382,172.20.10.5,5,0
2026-01-16T18:39:24.282382,172.20.10.5,6,0
2026-01-16T18:39:24.282382,172.20.10.5,7,0
2026-01-16T18:39:24.282382,172.20.10.5,8,0.204149
2026-01-16T18:39:24.282382,172.20.10.5,9,0
2026-01-16T18:39:24.282382,172.20.10.5,10,0
2026-01-16T18:39:24.282382,172.20.10.5,11,0
2026-01-16T18:39:24.282382,172.20.10.5,12,0
2026-01-16T18:39:24.282382,172.20.10.5,13,0
2026-01-16T18:39:24.282382,172.20.10.5,14,0
2026-01-16T18:39:24.282382,172.20.10.5,15,0
2026-01-16T18:39:24.282382,172.20.10.5,16,0
2026-01-16T18:39:24.282382,172.20.10.5,17,0
2026-01-16T18:39:24.282382,172.20.10.5,18,0
2026-01-16T18:39:24.282382,172.20.10.5,19,0
2026-01-16T18:39:24.282382,172.20.10.5,20,0
2026-01-16T18:39:24.282382,172.20.10.5,21,0
2026-01-16T18:39:24.282382,172.20.10.5,22,0
2026-01-16T18:39:24.282382,172.20.10.5,23,0
2026-01-16T18:39:24.282382,172.20.10.5,0,0
2026-01-16T18:39:24.282382,172.20.10.5,1,0
2026-01-16T18:39:24.282382,172.20.10.5,2,0
2026-01-16T18:39:24.282382,172.20.10.5,3,0
2026-01-16T18:39:24.282382,172.20.10.5,4,0
2026-01-16T18:39:24.282382,172.20.10.5,5,0
2026-01-16T18:39:24.282382,172.20.10.5,6,0
2026-01-16T18:39:24.282382,172.20.10.5,7,0
2026-01-16T18:39:24.282382,172.20.10.5,8,0.3218
2026-01-16T18:39:24.282382,172.20.10.5,9,0
2026-01-16T18:39:24.282382,172.20.10.5,10,0
2026-01-16T18:39:24.282382,172.20.10.5,11,0
2026-01-16T18:39:24.282382,172.20.10.5,12,0
2026-01-16T18:39:24.282382,172.20.10.5,13,0
2026-01-16T18:39:24.282382,172.20.10.5,14,0
2026-01-16T18:39:24.282382,172.20.10.5,15,0
2026-01-16T18:39:24.282382,172.20.10.5,16,0
2026-01-16T18:39:24.282382,172.20.10.5,17,0
2026-01-16T18:39:24.282382,172.20.10.5,18,0
2026-01-16T18:39:24.282382,172.20.10.5,19,0
2026-01-16T18:39:24.282382,172.20.10.5,20,0
2026-01-16T18:39:24.282382,172.20.10.5,21,0
2026-01-16T18:39:24.282382,172.20.10.5,22,0
2026-01-16T18:39:24.282382,172.20.10.5,23,0
2026-01-16T18:39:24.282382,172.20.10.5,0,0
2026-01-16T18:39:24.282382,172.20.10.5,1,0
2026-01-16T18:39:24.282382,172.20.10.5,2,0
2026-01-16T18:39:24.282382,172.20.10.5,3,0
2026-01-16T18:39:24.282382,172.20.10.5,4,0
2026-01-16T18:39:24.282382,172.20.10.5,5,0
2026-01-16T18:39:24.282382,172.20.10.5,6,0
2026-01-16T18:39:24.282382,172.20.10.5,7,0
2026-01-16T18:39:24.282382,172.20.10.5,8,0.0430507
2026-01-16T18:39:24.282382,172.20.10.5,9,0
2026-01-16T18:39:24.282382,172.20.10.5,10,0
2026-01-16T18:39:24.282382,172.20.10.5,11,0
2026-01-16T18:39:24.282382,172.20.10.5,12,0
2026-01-16T18:39:24.282382,172.20.10.5,13,0
2026-01-16T18:39:24.282382,172.20.10.5,14,0
2026-01-16T18:39:24.282382,172.20.10.5,15,0
2026-01-16T18:39:24.282382,172.20.10.5,16,0
2026-01-16T18:39:24.282382,172.20.10.5,17,0
2026-01-16T18:39:24.282382,172.20.10.5,18,0
2026-01-16T18:39:24.282382,172.20.10.5,19,0
2026-01-16T18:39:24.282382,172.20.10.5,20,0
2026-01-16T18:39:24.282382,172.20.10.5,21,0
2026-01-16T18:39:24.282382,172.20.10.5,22,0
2026-01-16T18:39:24.282382,172.20.10.5,23,0
2026-01-16T18:39:24.282382,172.20.10.5,0,0
2026-01-16T18:39:24.282382,172.20.10.5,1,0
2026-01-16T18:39:24.282382,172.20.10.5,2,0
2026-01-16T18:39:24.282382,172.20.10.5,3,0
2026-01-16T18:39:24.282382,172.20.10.5,4,0
2026-01-16T18:39:24.282382,172.20.10.5,5,0
2026-01-16T18:39:24.282382,172.20.10.5,6,0
2026-01-16T18:39:24.282382,172.20.10.5,7,0
2026-01-16T18:39:24.282382,172.20.10.5,8,0.0774405
2026-01-16T18:39:24.282382,172.20.10.5,9,0
2026-01-16T18:39:24.282382,172.20.10.5,10,0
2026-01-16T18:39:24.282382,172.20.10.5,11,0
2026-01-16T18:39:24.282382,172.20.10.5,12,0
2026-01-16T18:39:24.282382,172.20.10.5,13,0
2026-01-16T18:39:24.282382,172.20.10.5,14,0
2026-01-16T18:39:24.282382,172.20.10.5,15,0
2026-01-16T18:39:24.282382,172.20.10.5,16,0
2026-01-16T18:39:24.282382,172.20.10.5,17,0
2026-01-16T18:39:24.282382,172.20.10.5,18,0
2026-01-16T18:39:24.282382,172.20.10.5,19,0
2026-01-16T18:39:24.282382,172.20.10.5,20,0
2026-01-16T18:39:24.282382,172.20.10.5,21,0
2026-01-16T18:39:24.282382,172.20.10.5,22,0
2026-01-16T18:39:24.282382,172.20.10.5,23,0
2026-01-16T18:39:24.282382,172.20.10.5,0,0
2026-01-16T18:39:24.282382,172.20.10.5,1,0
2026-01-16T18:39:24.282382,172.20.10.5,2,0
2026-01-16T18:39:24.282382,172.20.10.5,3,0
2026-01-16T18:39:24.282382,172.20.10.5,4,0
2026-01-16T18:39:24.282382,172.20.10.5,5,0
2026-01-16T18:39:24.282382,172.20.10.5,6,0
2026-01-16T18:39:24.282382,172.20.10.5,7,0
2026-01-16T18:39:24.282382,172.20.10.5,8,0.198946
2026-01-16T18:39:24.282382,172.20.10.5,9,0
2026-01-16T18:39:24.282382,172.20.10.5,10,0
2026-01-16T18:39:24.282382,172.20.10.5,11,0
2026-01-16T18:39:24.282382,172.20.10.5,12,0
2026-01-16T18:39:24.282382,172.20.10.5,13,0
2026-01-16T18:39:24.282382,172.20.10.5,14,0
2026-01-16T18:39:24.282382,172.20.10.5,15,0
2026-01-16T18:39:24.282382,172.20.10.5,16,0
2026-01-16T18:39:24.282382,172.20.10.5,17,0
2026-01-16T18:39:24.282382,172.20.10.5,18,0
2026-01-16T18:39:24.282382,172.20.10.5,19,0
2026-01-16T18:39:24.282382,172.20.10.5,20,0
2026-01-16T18:39:24.282382,172.20.10.5,21,0
2026-01-16T18:39:24.282382,172.20.10.5,22,0
2026-01-16T18:39:24.282382,172.20.10.5,23,0
2026-01-16T18:39:24.282382,172.20.10.5,0,0
2026-01-16T18:39:24.282382,172.20.10.5,1,0
2026-01-16T18:39:24.282382,172.20.10.5,2,0
2026-01-16T18:39:24.282382,172.20.10.5,3,0
2026-01-16T18:39:24.282382,172.20.10.5,4,0
2026-01-16T18:39:24.282382,172.20.10.5,5,0
2026-01-16T18:39:24.282382,172.20.10.5,6,0
2026-01-16T18:39:24.282382,172.20.10.5,7,0
2026-01-16T18:39:24.282382,172.20.10.5,8,0.147308
2026-01-16T18:39:24.282382,172.20.10.5,9,0
2026-01-16T18:39:24.282382,172.20.10.5,10,0
2026-01-16T18:39:24.282382,172.20.10.5,11,0
2026-01-16T18:39:24.282382,172.20.10.5,12,0
2026-01-16T18:39:24.282382,172.20.10.5,13,0
2026-01-16T18:39:24.282382,172.20.10.5,14,0
2026-01-16T18:39:24.282382,172.20.10.5,15,0
2026-01-16T18:39:24.282382,172.20.10.5,16,0
2026-01-16T18:39:24.282382,172.20.10.5,17,0
2026-01-16T18:39:24.282382,172.20.10.5,18,0
2026-01-16T18:39:24.282382,172.20.10.5,19,0
2026-01-16T18:39:24.282382,172.20.10.5,20,0
2026-01-16T18:39:24.282382,172.20.10.5,21,0
2026-01-16T18:39:24.282382,172.20.10.5,22,0
2026-01-16T18:39:24.282382,172.20.10.5,23,0
2026-01-16T18:39:24.282382,172.20.10.5,0,0
2026-01-16T18:39:24.282382,172.20.10.5,1,0
2026-01-16T18:39:24.282382,172.20.10.5,2,0
2026-01-16T18:39:24.282382,172.20.10.5,3,0
2026-01-16T18:39:24.282382,172.20.10.5,4,0
2026-01-16T18:39:24.282382,172.20.10.5,5,0
2026-01-16T18:39:24.282382,172.20.10.5,6,0
2026-01-16T18:39:24.282382,172.20.10.5,7,0
2026-01-16T18:39:24.282382,172.20.10.5,8,0.468851
2026-01-16T18:39:24.282382,172.20.10.5,9,0
2026-01-16T18:39:24.282382,172.20.10.5,10,0
2026-01-16T18:39:24.282382,172.20.10.5,11,0
2026-01-16T18:39:24.282382,172.20.10.5,12,0
2026-01-16T18:39:24.282382,172.20.10.5,13,0
2026-01-16T18:39:24.282382,172.20.10.5,14,0
2026-01-16T18:39:24.282382,172.20.10.5,15,0
2026-01-16T18:39:24.282382,172.20.10.5,16,0
2026-01-16T18:39:24.282382,172.20.10.5,17,0
2026-01-16T18:39:24.282382,172.20.10.5,18,0
2026-01-16T18:39:24.282382,172.20.10.5,19,0
2026-01-16T18:39:24.282382,172.20.10.5,20,0
2026-01-16T18:39:24.282382,172.20.10.5,21,0
2026-01-16T18:39:24.282382,172.20.10.5,22,0
2026-01-16T18:39:24.282382,172.20.10.5,23,0
2026-01-16T18:39:24.282382,172.20.10.5,0,0
2026-01-16T18:39:24.282382,172.20.10.5,1,0
2026-01-16T18:39:24.282382,172.20.10.5,2,0
2026-01-16T18:39:24.282382,172.20.10.5,3,0
2026-01-16T18:39:24.282382,172.20.10.5,4,0
2026-01-16T18:39:24.282382,172.20.10.5,5,0
2026-01-16T18:39:24.282382,172.20.10.5,6,0
2026-01-16T18:39:24.282382,172.20.10.5,7,0
2026-01-16T18:39:24.282382,172.20.10.5,8,1.51125
2026-01-16T18:39:24.282382,172.20.10.5,9,0
2026-01-16T18:39:24.282382,172.20.10.5,10,0
2026-01-16T18:39:24.282382,172.20.10.5,11,0
2026-01-16T18:39:24.282382,172.20.10.5,12,0
2026-01-16T18:39:24.282382,172.20.10.5,13,0
2026-01-16T18:39:24.282382,172.20.10.5,14,0
2026-01-16T18:39:24.282382,172.20.10.5,15,0
2026-01-16T18:39:24.282382,172.20.10.5,16,0
2026-01-16T18:39:24.282382,172.20.10.5,17,0
2026-01-16T18:39:24.282382,172.20.10.5,18,0
2026-01-16T18:39:24.282382,172.20.10.5,19,0
2026-01-16T18:39:24.282382,172.20.10.5,20,0
2026-01-16T18:39:24.282382,172.20.10.5,21,0
2026-01-16T18:39:24.282382,172.20.10.5,22,0
2026-01-16T18:39:24.282382,172.20.10.5,23,0
2026-01-16T18:39:24.282382,172.20.10.5,0,0
2026-01-16T18:39:24.282382,172.20.10.5,1,0
2026-01-16T18:39:24.282382,172.20.10.5,2,0
2026-01-16T18:39:24.282382,172.20.10.5,3,0
2026-01-16T18:39:24.282382,172.20.10.5,4,0
2026-01-16T18:39:24.282382,172.20.10.5,5,0
2026-01-16T18:39:24.282382,172.20.10.5,6,0
2026-01-16T18:39:24.282382,172.20.10.5,7,0
2026-01-16T18:39:24.282382,172.20.10.5,8,0.11918
2026-01-16T18:39:24.282382,172.20.10.5,9,0
2026-01-16T18:39:24.282382,172.20.10.5,10,0
2026-01-16T18:39:24.282382,172.20.10.5,11,0
2026-01-16T18:39:24.282382,172.20.10.5,12,0
2026-01-16T18:39:24.282382,172.20.10.5,13,0
2026-01-16T18:39:24.282382,172.20.10.5,14,0
2026-01-16T18:39:24.282382,172.20.10.5,15,0
2026-01-16T18:39:24.282382,172.20.10.5,16,0
2026-01-16T18:39:24.282382,172.20.10.5,17,0
2026-01-16T18:39:24.282382,172.20.10.5,18,0
2026-01-16T18:39:24.282382,172.20.10.5,19,0
2026-01-16T18:39:24.282382,172.20.10.5,20,0
2026-01-16T18:39:24.282382,172.20.10.5,21,0
2026-01-16T18:39:24.282382,172.20.10.5,22,0
2026-01-16T18:39:24.282382,172.20.10.5,23,0
2026-01-16T18:39:24.282382,172.20.10.5,0,0
2026-01-16T18:39:24.282382,172.20.10.5,1,0
2026-01-16T18:39:24.282382,172.20.10.5,2,0
2026-01-16T18:39:24.282382,172.20.10.5,3,0
2026-01-16T18:39:24.282382,172.20.10.5,4,0
2026-01-16T18:39:24.282382,172.20.10.5,5,0
2026-01-16T18:39:24.282382,172.20.10.5,6,0
2026-01-16T18:39:24.282382,172.20.10.5,7,0
2026-01-16T18:39:24.282382,172.20.10.5,8,0.752919
2026-01-16T18:39:24.282382,172.20.10.5,9,0
2026-01-16T18:39:24.282382,172.20.10.5,10,0
2026-01-16T18:39:24.282382,172.20.10.5,11,0
2026-01-16T18:39:24.282382,172.20.10.5,12,0
2026-01-16T18:39:24.282382,172.20.10.5,13,0
2026-01-16T18:39:24.282382,172.20.10.5,14,0
2026-01-16T18:39:24.282382,172.20.10.5,15,0
2026-01-16T18:39:24.282382,172.20.10.5,16,0
2026-01-16T18:39:24.282382,172.20.10.5,17,0
2026-01-16T18:39:24.282382,172.20.10.5,18,0
2026-01-16T18:39:24.282382,172.20.10.5,19,0
2026-01-16T18:39:24.282382,172.20.10.5,20,0
2026-01-16T18:39:24.282382,172.20.10.5,21,0
2026-01-16T18:39:24.282382,172.20.10.5,22,0
2026-01-16T18:39:24.282382,172.20.10.5,23,0
2026-01-16T18:39:24.282382,172.20.10.5,0,0
2026-01-16T18:39:24.282382,172.20.10.5,1,0
2026-01-16T18:39:24.282382,172.20.10.5,2,0
2026-01-16T18:39:24.282382,172.20.10.5,3,0
2026-01-16T18:39:24.282382,172.20.10.5,4,0
2026-01-16T18:39:24.282382,172.20.10.5,5,0
2026-01-16T18:39:24.282382,172.20.10.5,6,0
2026-01-16T18:39:24.282382,172.20.10.5,7,0
2026-01-16T18:39:24.282382,172.20.10.5,8,0.0425557
2026-01-16T18:39:24.282382,172.20.10.5,9,0
2026-01-16T18:39:24.282382,172.20.10.5,10,0
2026-01-16T18:39:24.282382,172.20.10.5,11,0
2026-01-16T18:39:24.282382,172.20.10.5,12,0
2026-01-16T18:39:24.282382,172.20.10.5,13,0
2026-01-16T18:39:24.282382,172.20.10.5,14,0
2026-01-16T18:39:24.282382,172.20.10.5,15,0
2026-01-16T18:39:24.282382,172.20.10.5,16,0
2026-01-16T18:39:24.282382,172.20.10.5,17,0
2026-01-16T18:39:24.282382,172.20.10.5,18,0
2026-01-16T18:39:24.282382,172.20.10.5,19,0
2026-01-16T18:39:24.282382,172.20.10.5,20,0
2026-01-16T18:39:24.282382,172.20.10.5,21,0
2026-01-16T18:39:24.282382,172.20.10.5,22,0
2026-01-16T18:39:24.282382,172.20.10.5,23,0
2026-01-16T18:39:24.282382,172.20.10.5,0,0
2026-01-16T18:39:24.282382,172.20.10.5,1,0
2026-01-16T18:39:24.282382,172.20.10.5,2,0
2026-01-16T18:39:24.282382,172.20.10.5,3,0
2026-01-16T18:39:24.282382,172.20.10.5,4,0
2026-01-16T18:39:24.282382,172.20.10.5,5,0
2026-01-16T18:39:24.282382,172.20.10.5,6,0
2026-01-16T18:39:24.282382,172.20.10.5,7,0
2026-01-16T18:39:24.282382,172.20.10.5,8,0.218893
2026-01-16T18:39:24.282382,172.20.10.5,9,0
2026-01-16T18:39:24.282382,172.20.10.5,10,0
2026-01-16T18:39:24.282382,172.20.10.5,11,0
2026-01-16T18:39:24.282382,172.20.10.5,12,0
2026-01-16T18:39:24.282382,172.20.10.5,13,0
2026-01-16T18:39:24.282382,172.20.10.5,14,0
2026-01-16T18:39:24.282382,172.20.10.5,15,0
2026-01-16T18:39:24.282382,172.20.10.5,16,0
2026-01-16T18:39:24.282382,172.20.10.5,17,0
2026-01-16T18:39:24.282382,172.20.10.5,18,0
2026-01-16T18:39:24.282382,172.20.10.5,19,0
2026-01-16T18:39:24.282382,172.20.10.5,20,0
2026-01-16T18:39:24.282382,172.20.10.5,21,0
2026-01-16T18:39:24.282382,172.20.10.5,22,0
2026-01-16T18:39:24.282382,172.20.10.5,23,0
2026-01-16T18:39:24.282382,172.20.10.5,0,0
2026-01-16T18:39:24.282382,172.20.10.5,1,0
2026-01-16T18:39:24.282382,172.20.10.5,2,0
2026-01-16T18:39:24.282382,172.20.10.5,3,0
2026-01-16T18:39:24.282382,172.20.10.5,4,0
2026-01-16T18:39:24.282382,172.20.10.5,5,0
2026-01-16T18:39:24.282382,172.20.10.5,6,0
2026-01-16T18:39:24.282382,172.20.10.5,7,0
2026-01-16T18:39:24.282382,172.20.10.5,8,5.3773
2026-01-16T18:39:24.282382,172.20.10.5,9,0
2026-01-16T18:39:24.282382,172.20.10.5,10,0
2026-01-16T18:39:24.282382,172.20.10.5,11,0
2026-01-16T18:39:24.282382,172.20.10.5,12,0
2026-01-16T18:39:24.282382,172.20.10.5,13,0
2026-01-16T18:39:24.282382,172.20.10.5,14,0
2026-01-16T18:39:24.282382,172.20.10.5,15,0
2026-01-16T18:39:24.282382,172.20.10.5,16,0
2026-01-16T18:39:24.282382,172.20.10.5,17,0
2026-01-16T18:39:24.282382,172.20.10.5,18,0
2026-01-16T18:39:24.282382,172.20.10.5,19,0
2026-01-16T18:39:24.282382,172.20.10.5,20,0
2026-01-16T18:39:24.282382,172.20.10.5,21,0
2026-01-16T18:39:24.282382,172.20.10.5,22,0
2026-01-16T18:39:24.282382,172.20.10.5,23,0
2026-01-16T18:39:24.282382,172.20.10.5,0,0
2026-01-16T18:39:24.282382,172.20.10.5,1,0
2026-01-16T18:39:24.282382,172.20.10.5,2,0
2026-01-16T18:39:24.282382,172.20.10.5,3,0
2026-01-16T18:39:24.282382,172.20.10.5,4,0
2026-01-16T18:39:24.282382,172.20.10.5,5,0
2026-01-16T18:39:24.282382,172.20.10.5,6,0
2026-01-16T18:39:24.282382,172.20.10.5,7,0
2026-01-16T18:39:24.282382,172.20.10.5,8,0.289981
2026-01-16T18:39:24.282382,172.20.10.5,9,0
2026-01-16T18:39:24.282382,172.20.10.5,10,0
2026-01-16T18:39:24.282382,172.20.10.5,11,0
2026-01-16T18:39:24.282382,172.20.10.5,12,0
2026-01-16T18:39:24.282382,172.20.10.5,13,0
2026-01-16T18:39:24.282382,172.20.10.5,14,0
2026-01-16T18:39:24.282382,172.20.10.5,15,0
2026-01-16T18:39:24.282382,172.20.10.5,16,0
2026-01-16T18:39:24.282382,172.20.10.5,17,0
2026-01-16T18:39:24.282382,172.20.10.5,18,0
2026-01-16T18:39:24.282382,172.20.10.5,19,0
2026-01-16T18:39:24.282382,172.20.10.5,20,0
2026-01-16T18:39:24.282382,172.20.10.5,21,0
2026-01-16T18:39:24.282382,172.20.10.5,22,0
2026-01-16T18:39:24.282382,172.20.10.5,23,0
2026-01-16T18:39:24.282382,172.20.10.5,0,0
2026-01-16T18:39:24.282382,172.20.10.5,1,0
2026-01-16T18:39:24.282382,172.20.10.5,2,0
2026-01-16T18:39:24.282382,172.20.10.5,3,0
2026-01-16T18:39:24.282382,172.20.10.5,4,0
2026-01-16T18:39:24.282382,172.20.10.5,5,0
2026-01-16T18:39:24.282382,172.20.10.5,6,0
2026-01-16T18:39:24.282382,172.20.10.5,7,0
2026-01-16T18:39:24.282382,172.20.10.5,8,0.112295
2026-01-16T18:39:24.282382,172.20.10.5,9,0
2026-01-16T18:39:24.282382,172.20.10.5,10,0
2026-01-16T18:39:24.282382,172.20.10.5,11,0
2026-01-16T18:39:24.282382,172.20.10.5,12,0
2026-01-16T18:39:24.282382,172.20.10.5,13,0
2026-01-16T18:39:24.282382,172.20.10.5,14,0
2026-01-16T18:39:24.282382,172.20.10.5,15,0
2026-01-16T18:39:24.282382,172.20.10.5,16,0
2026-01-16T18:39:24.282382,172.20.10.5,17,0
2026-01-16T18:39:24.282382,172.20.10.5,18,0
2026-01-16T18:39:24.282382,172.20.10.5,19,0
2026-01-16T18:39:24.282382,172.20.10.5,20,0
2026-01-16T18:39:24.282382,172.20.10.5,21,0
2026-01-16T18:39:24.282382,172.20.10.5,22,0
2026-01-16T18:39:24.282382,172.20.10.5,23,0
2026-01-16T18:39:24.282382,172.20.10.5,0,0
2026-01-16T18:39:24.282382,172.20.10.5,1,0
2026-01-16T18:39:24.282382,172.20.10.5,2,0
2026-01-16T18:39:24.282382,172.20.10.5,3,0
2026-01-16T18:39:24.282382,172.20.10.5,4,0
2026-01-16T18:39:24.282382,172.20.10.5,5,0
2026-01-16T18:39:24.282382,172.20.10.5,6,0
2026-01-16T18:39:24.282382,172.20.10.5,7,0
2026-01-16T18:39:24.282382,172.20.10.5,8,0.0916373
2026-01-16T18:39:24.282382,172.20.10.5,9,0
2026-01-16T18:39:24.282382,172.20.10.5,10,0
2026-01-16T18:39:24.282382,172.20.10.5,11,0
2026-01-16T18:39:24.282382,172.20.10.5,12,0
2026-01-16T18:39:24.282382,172.20.10.5,13,0
2026-01-16T18:39:24.282382,172.20.10.5,14,0
2026-01-16T18:39:24.282382,172.20.10.5,15,0
2026-01-16T18:39:24.282382,172.20.10.5,16,0
2026-01-16T18:39:24.282382,172.20.10.5,17,0
2026-01-16T18:39:24.282382,172.20.10.5,18,0
2026-01-16T18:39:24.282382,172.20.10.5,19,0
2026-01-16T18:39:24.282382,172.20.10.5,20,0
2026-01-16T18:39:24.282382,172.20.10.5,21,0
2026-01-16T18:39:24.282382,172.20.10.5,22,0
2026-01-16T18:39:24.282382,172.20.10.5,23,0
2026-01-16T18:39:24.282382,172.20.10.5,0,0
2026-01-16T18:39:24.282382,172.20.10.5,1,0
2026-01-16T18:39:24.282382,172.20.10.5,2,0
2026-01-16T18:39:24.282382,172.20.10.5,3,0
2026-01-16T18:39:24.282382,172.20.10.5,4,0
2026-01-16T18:39:24.282382,172.20.10.5,5,0
2026-01-16T18:39:24.282382,172.20.10.5,6,0
2026-01-16T18:39:24.282382,172.20.10.5,7,0
2026-01-16T18:39:24.282382,172.20.10.5,8,0.319317
2026-01-16T18:39:24.282382,172.20.10.5,9,0
2026-01-16T18:39:24.282382,172.20.10.5,10,0
2026-01-16T18:39:24.282382,172.20.10.5,11,0
2026-01-16T18:39:24.282382,172.20.10.5,12,0
2026-01-16T18:39:24.282382,172.20.10.5,13,0
2026-01-16T18:39:24.282382,172.20.10.5,14,0
2026-01-16T18:39:24.282382,172.20.10.5,15,0
2026-01-16T18:39:24.282382,172.20.10.5,16,0
2026-01-16T18:39:24.282382,172.20.10.5,17,0
2026-01-16T18:39:24.282382,172.20.10.5,18,0
2026-01-16T18:39:24.282382,172.20.10.5,19,0
2026-01-16T18:39:24.282382,172.20.10.5,20,0
2026-01-16T18:39:24.282382,172.20.10.5,21,0
2026-01-16T18:39:24.282382,172.20.10.5,22,0
2026-01-16T18:39:24.282382,172.20.10.5,23,0
2026-01-16T18:39:24.282382,172.20.10.5,0,0
2026-01-16T18:39:24.282382,172.20.10.5,1,0
2026-01-16T18:39:24.282382,172.20.10.5,2,0
2026-01-16T18:39:24.282382,172.20.10.5,3,0
2026-01-16T18:39:24.282382,172.20.10.5,4,0
2026-01-16T18:39:24.282382,172.20.10.5,5,0
2026-01-16T18:39:24.282382,172.20.10.5,6,0
2026-01-16T18:39:24.282382,172.20.10.5,7,0
2026-01-16T18:39:24.282382,172.20.10.5,8,1.69258
2026-01-16T18:39:24.282382,172.20.10.5,9,0
2026-01-16T18:39:24.282382,172.20.10.5,10,0
2026-01-16T18:39:24.282382,172.20.10.5,11,0
2026-01-16T18:39:24.282382,172.20.10.5,12,0
2026-01-16T18:39:24.282382,172.20.10.5,13,0
2026-01-16T18:39:24.282382,172.20.10.5,14,0
2026-01-16T18:39:24.282382,172.20.10.5,15,0
2026-01-16T18:39:24.282382,172.20.10.5,16,0
2026-01-16T18:39:24.282382,172.20.10.5,17,0
2026-01-16T18:39:24.282382,172.20.10.5,18,0
2026-01-16T18:39:24.282382,172.20.10.5,19,0
2026-01-16T18:39:24.282382,172.20.10.5,20,0
2026-01-16T18:39:24.282382,172.20.10.5,21,0
2026-01-16T18:39:24.282382,172.20.10.5,22,0
2026-01-16T18:39:24.282382,172.20.10.5,23,0
2026-01-16T18:39:24.282382,172.20.10.5,0,0
2026-01-16T18:39:24.282382,172.20.10.5,1,0
2026-01-16T18:39:24.282382,172.20.10.5,2,0
2026-01-16T18:39:24.282382,172.20.10.5,3,0
2026-01-16T18:39:24.282382,172.20.10.5,4,0
2026-01-16T18:39:24.282382,172.20.10.5,5,0
2026-01-16T18:39:24.282382,172.20.10.5,6,0
2026-01-16T18:39:24.282382,172.20.10.5,7,0
2026-01-16T18:39:24.282382,172.20.10.5,8,0.0561748
2026-01-16T18:39:24.282382,172.20.10.5,9,0
2026-01-16T18:39:24.282382,172.20.10.5,10,0
2026-01-16T18:39:24.282382,172.20.10.5,11,0
2026-01-16T18:39:24.282382,172.20.10.5,12,0
2026-01-16T18:39:24.282382,172.20.10.5,13,0
2026-01-16T18:39:24.282382,172.20.10.5,14,0
2026-01-16T18:39:24.282382,172.20.10.5,15,0
2026-01-16T18:39:24.282382,172.20.10.5,16,0
2026-01-16T18:39:24.282382,172.20.10.5,17,0
2026-01-16T18:39:24.282382,172.20.10.5,18,0
2026-01-16T18:39:24.282382,172.20.10.5,19,0
2026-01-16T18:39:24.282382,172.20.10.5,20,0
2026-01-16T18:39:24.282382,172.20.10.5,21,0
2026-01-16T18:39:24.282382,172.20.10.5,22,0
2026-01-16T18:39:24.282382,172.20.10.5,23,0
2026-01-16T18:39:24.282382,172.20.10.5,0,0
2026-01-16T18:39:24.282382,172.20.10.5,1,0
2026-01-16T18:39:24.282382,172.20.10.5,2,0
2026-01-16T18:39:24.282382,172.20.10.5,3,0
2026-01-16T18:39:24.282382,172.20.10.5,4,0
2026-01-16T18:39:24.282382,172.20.10.5,5,0
2026-01-16T18:39:24.282382,172.20.10.5,6,0
2026-01-16T18:39:24.282382,172.20.10.5,7,0
2026-01-16T18:39:24.282382,172.20.10.5,8,0.126988
2026-01-16T18:39:24.282382,172.20.10.5,9,0
2026-01-16T18:39:24.282382,172.20.10.5,10,0
2026-01-16T18:39:24.282382,172.20.10.5,11,0
2026-01-16T18:39:24.282382,172.20.10.5,12,0
2026-01-16T18:39:24.282382,172.20.10.5,13,0
2026-01-16T18:39:24.282382,172.20.10.5,14,0
2026-01-16T18:39:24.282382,172.20.10.5,15,0
2026-01-16T18:39:24.282382,172.20.10.5,16,0
2026-01-16T18:39:24.282382,172.20.10.5,17,0
2026-01-16T18:39:24.282382,172.20.10.5,18,0
2026-01-16T18:39:24.282382,172.20.10.5,19,0
2026-01-16T18:39:24.282382,172.20.10.5,20,0
2026-01-16T18:39:24.282382,172.20.10.5,21,0
2026-01-16T18:39:24.282382,172.20.10.5,22,0
2026-01-16T18:39:24.282382,172.20.10.5,23,0
2026-01-16T18:39:24.282382,172.20.10.5,0,0
2026-01-16T18:39:24.282382,172.20.10.5,1,0
2026-01-16T18:39:24.282382,172.20.10.5,2,0
2026-01-16T18:39:24.282382,172.20.10.5,3,0
2026-01-16T18:39:24.282382,172.20.10.5,4,0
2026-01-16T18:39:24.282382,172.20.10.5,5,0
2026-01-16T18:39:24.282382,172.20.10.5,6,0
2026-01-16T18:39:24.282382,172.20.10.5,7,0
2026-01-16T18:39:24.282382,172.20.10.5,8,0.21873
2026-01-16T18:39:24.282382,172.20.10.5,9,0
2026-01-16T18:39:24.282382,172.20.10.5,10,0
2026-01-16T18:39:24.282382,172.20.10.5,11,0
2026-01-16T18:39:24.282382,172.20.10.5,12,0
2026-01-16T18:39:24.282382,172.20.10.5,13,0
2026-01-16T18:39:24.282382,172.20.10.5,14,0
2026-01-16T18:39:24.282382,172.20.10.5,15,0
2026-01-16T18:39:24.282382,172.20.10.5,16,0
2026-01-16T18:39:24.282382,172.20.10.5,17,0
2026-01-16T18:39:24.282382,172.20.10.5,18,0
2026-01-16T18:39:24.282382,172.20.10.5,19,0
2026-01-16T18:39:24.282382,172.20.10.5,20,0
2026-01-16T18:39:24.282382,172.20.10.5,21,0
2026-01-16T18:39:24.282382,172.20.10.5,22,0
2026-01-16T18:39:24.282382,172.20.10.5,23,0
2026-01-16T18:39:24.282382,172.20.10.5,0,0
2026-01-16T18:39:24.282382,172.20.10.5,1,0
2026-01-16T18:39:24.282382,172.20.10.5,2,0
2026-01-16T18:39:24.282382,172.20.10.5,3,0
2026-01-16T18:39:24.282382,172.20.10.5,4,0
2026-01-16T18:39:24.282382,172.20.10.5,5,0
2026-01-16T18:39:24.282382,172.20.10.5,6,0
2026-01-16T18:39:24.282382,172.20.10.5,7,0
2026-01-16T18:39:24.282382,172.20.10.5,8,0.0916497
2026-01-16T18:39:24.282382,172.20.10.5,9,0
2026-01-16T18:39:24.282382,172.20.10.5,10,0
2026-01-16T18:39:24.282382,172.20.10.5,11,0
2026-01-16T18:39:24.282382,172.20.10.5,12,0
2026-01-16T18:39:24.282382,172.20.10.5,13,0
2026-01-16T18:39:24.282382,172.20.10.5,14,0
2026-01-16T18:39:24.282382,172.20.10.5,15,0
2026-01-16T18:39:24.282382,172.20.10.5,16,0
2026-01-16T18:39:24.282382,172.20.10.5,17,0
2026-01-16T18:39:24.282382,172.20.10.5,18,0
2026-01-16T18:39:24.282382,172.20.10.5,19,0
2026-01-16T18:39:24.282382,172.20.10.5,20,0
2026-01-16T18:39:24.282382,172.20.10.5,21,0
2026-01-16T18:39:24.282382,172.20.10.5,22,0
2026-01-16T18:39:24.282382,172.20.10.5,23,0
2026-01-16T18:39:24.282382,172.20.10.5,0,0
2026-01-16T18:39:24.282382,172.20.10.5,1,0
2026-01-16T18:39:24.282382,172.20.10.5,2,0
2026-01-16T18:39:24.282382,172.20.10.5,3,0
2026-01-16T18:39:24.282382,172.20.10.5,4,0
2026-01-16T18:39:24.282382,172.20.10.5,5,0
2026-01-16T18:39:24.282382,172.20.10.5,6,0
2026-01-16T18:39:24.282382,172.20.10.5,7,0
2026-01-16T18:39:24.282382,172.20.10.5,8,10.2814
2026-01-16T18:39:24.282382,172.20.10.5,9,0
2026-01-16T18:39:24.282382,172.20.10.5,10,0
2026-01-16T18:39:24.282382,172.20.10.5,11,0
2026-01-16T18:39:24.282382,172.20.10.5,12,0
2026-01-16T18:39:24.282382,172.20.10.5,13,0
2026-01-16T18:39:24.282382,172.20.10.5,14,0
2026-01-16T18:39:24.282382,172.20.10.5,15,0
2026-01-16T18:39:24.282382,172.20.10.5,16,0
2026-01-16T18:39:24.282382,172.20.10.5,17,0
2026-01-16T18:39:24.282382,172.20.10.5,18,0
2026-01-16T18:39:24.282382,172.20.10.5,19,0
2026-01-16T18:39:24.282382,172.20.10.5,20,0
2026-01-16T18:39:24.282382,172.20.10.5,21,0
2026-01-16T18:39:24.282382,172.20.10.5,22,0
2026-01-16T18:39:24.282382,172.20.10.5,23,0
2026-01-16T18:39:24.282382,172.20.10.5,0,0
2026-01-16T18:39:24.282382,172.20.10.5,1,0
2026-01-16T18:39:24.282382,172.20.10.5,2,0
2026-01-16T18:39:24.282382,172.20.10.5,3,0
2026-01-16T18:39:24.282382,172.20.10.5,4,0
2026-01-16T18:39:24.282382,172.20.10.5,5,0
2026-01-16T18:39:24.282382,172.20.10.5,6,0
2026-01-16T18:39:24.282382,172.20.10.5,7,0
2026-01-16T18:39:24.282382,172.20.10.5,8,5.38792
2026-01-16T18:39:24.282382,172.20.10.5,9,0
2026-01-16T18:39:24.282382,172.20.10.5,10,0
2026-01-16T18:39:24.282382,172.20.10.5,11,0
2026-01-16T18:39:24.282382,172.20.10.5,12,0
2026-01-16T18:39:24.282382,172.20.10.5,13,0
2026-01-16T18:39:24.282382,172.20.10.5,14,0
2026-01-16T18:39:24.282382,172.20.10.5,15,0
2026-01-16T18:39:24.282382,172.20.10.5,16,0
2026-01-16T18:39:24.282382,172.20.10.5,17,0
2026-01-16T18:39:24.282382,172.20.10.5,18,0
2026-01-16T18:39:24.282382,172.20.10.5,19,0
2026-01-16T18:39:24.282382,172.20.10.5,20,0
2026-01-16T18:39:24.282382,172.20.10.5,21,0
2026-01-16T18:39:24.282382,172.20.10.5,22,0
2026-01-16T18:39:24.282382,172.20.10.5,23,0
2026-01-16T18:39:24.282382,172.20.10.5,0,0
2026-01-16T18:39:24.282382,172.20.10.5,1,0
2026-01-16T18:39:24.282382,172.20.10.5,2,0
2026-01-16T18:39:24.282382,172.20.10.5,3,0
2026-01-16T18:39:24.282382,172.20.10.5,4,0
2026-01-16T18:39:24.282382,172.20.10.5,5,0
2026-01-16T18:39:24.282382,172.20.10.5,6,0
2026-01-16T18:39:24.282382,172.20.10.5,7,0
2026-01-16T18:39:24.282382,172.20.10.5,8,0.0899818
2026-01-16T18:39:24.282382,172.20.10.5,9,0
2026-01-16T18:39:24.282382,172.20.10.5,10,0
2026-01-16T18:39:24.282382,172.20.10.5,11,0
2026-01-16T18:39:24.282382,172.20.10.5,12,0
2026-01-16T18:39:24.282382,172.20.10.5,13,0
2026-01-16T18:39:24.282382,172.20.10.5,14,0
2026-01-16T18:39:24.282382,172.20.10.5,15,0
2026-01-16T18:39:24.282382,172.20.10.5,16,0
2026-01-16T18:39:24.282382,172.20.10.5,17,0
2026-01-16T18:39:24.282382,172.20.10.5,18,0
2026-01-16T18:39:24.282382,172.20.10.5,19,0
2026-01-16T18:39:24.282382,172.20.10.5,20,0
2026-01-16T18:39:24.282382,172.20.10.5,21,0
2026-01-16T18:39:24.282382,172.20.10.5,22,0
2026-01-16T18:39:24.282382,172.20.10.5,23,0
2026-01-16T18:39:24.282382,172.20.10.5,0,0
2026-01-16T18:39:24.282382,172.20.10.5,1,0
2026-01-16T18:39:24.282382,172.20.10.5,2,0
2026-01-16T18:39:24.282382,172.20.10.5,3,0
2026-01-16T18:39:24.282382,172.20.10.5,4,0
2026-01-16T18:39:24.282382,172.20.10.5,5,0
2026-01-16T18:39:24.282382,172.20.10.5,6,0
2026-01-16T18:39:24.282382,172.20.10.5,7,0
2026-01-16T18:39:24.282382,172.20.10.5,8,0.100496
2026-01-16T18:39:24.282382,172.20.10.5,9,0
2026-01-16T18:39:24.282382,172.20.10.5,10,0
2026-01-16T18:39:24.282382,172.20.10.5,11,0
2026-01-16T18:39:24.282382,172.20.10.5,12,0
2026-01-16T18:39:24.282382,172.20.10.5,13,0
2026-01-16T18:39:24.282382,172.20.10.5,14,0
2026-01-16T18:39:24.282382,172.20.10.5,15,0
2026-01-16T18:39:24.282382,172.20.10.5,16,0
2026-01-16T18:39:24.282382,172.20.10.5,17,0
2026-01-16T18:39:24.282382,172.20.10.5,18,0
2026-01-16T18:39:24.282382,172.20.10.5,19,0
2026-01-16T18:39:24.282382,172.20.10.5,20,0
2026-01-16T18:39:24.282382,172.20.10.5,21,0
2026-01-16T18:39:24.282382,172.20.10.5,22,0
2026-01-16T18:39:24.282382,172.20.10.5,23,0
2026-01-16T18:39:24.282382,172.20.10.5,0,0
2026-01-16T18:39:24.282382,172.20.10.5,1,0
2026-01-16T18:39:24.282382,172.20.10.5,2,0
2026-01-16T18:39:24.282382,172.20.10.5,3,0
2026-01-16T18:39:24.282382,172.20.10.5,4,0
2026-01-16T18:39:24.282382,172.20.10.5,5,0
2026-01-16T18:39:24.282382,172.20.10.5,6,0
2026-01-16T18:39:24.282382,172.20.10.5,7,0
2026-01-16T18:39:24.282382,172.20.10.5,8,0.125177
2026-01-16T18:39:24.282382,172.20.10.5,9,0
2026-01-16T18:39:24.282382,172.20.10.5,10,0
2026-01-16T18:39:24.282382,172.20.10.5,11,0
2026-01-16T18:39:24.282382,172.20.10.5,12,0
2026-01-16T18:39:24.282382,172.20.10.5,13,0
2026-01-16T18:39:24.282382,172.20.10.5,14,0
2026-01-16T18:39:24.282382,172.20.10.5,15,0
2026-01-16T18:39:24.282382,172.20.10.5,16,0
2026-01-16T18:39:24.282382,172.20.10.5,17,0
2026-01-16T18:39:24.282382,172.20.10.5,18,0
2026-01-16T18:39:24.282382,172.20.10.5,19,0
2026-01-16T18:39:24.282382,172.20.10.5,20,0
2026-01-16T18:39:24.282382,172.20.10.5,21,0
2026-01-16T18:39:24.282382,172.20.10.5,22,0
2026-01-16T18:39:24.282382,172.20.10.5,23,0
2026-01-16T18:39:24.282382,172.20.10.5,0,0
2026-01-16T18:39:24.282382,172.20.10.5,1,0
2026-01-16T18:39:24.282382,172.20.10.5,2,0
2026-01-16T18:39:24.282382,172.20.10.5,3,0
2026-01-16T18:39:24.282382,172.20.10.5,4,0
2026-01-16T18:39:24.282382,172.20.10.5,5,0
2026-01-16T18:39:24.282382,172.20.10.5,6,0
2026-01-16T18:39:24.282382,172.20.10.5,7,0
2026-01-16T18:39:24.282382,172.20.10.5,8,0.212024
2026-01-16T18:39:24.282382,172.20.10.5,9,0
2026-01-16T18:39:24.282382,172.20.10.5,10,0
2026-01-16T18:39:24.282382,172.20.10.5,11,0
2026-01-16T18:39:24.282382,172.20.10.5,12,0
2026-01-16T18:39:24.282382,172.20.10.5,13,0
2026-01-16T18:39:24.282382,172.20.10.5,14,0
2026-01-16T18:39:24.282382,172.20.10.5,15,0
2026-01-16T18:39:24.282382,172.20.10.5,16,0
2026-01-16T18:39:24.282382,172.20.10.5,17,0
2026-01-16T18:39:24.282382,172.20.10.5,18,0
2026-01-16T18:39:24.282382,172.20.10.5,19,0
2026-01-16T18:39:24.282382,172.20.10.5,20,0
2026-01-16T18:39:24.282382,172.20.10.5,21,0
2026-01-16T18:39:24.282382,172.20.10.5,22,0
2026-01-16T18:39:24.282382,172.20.10.5,23,0
2026-01-16T18:39:24.282382,172.20.10.5,0,0
2026-01-16T18:39:24.282382,172.20.10.5,1,0
2026-01-16T18:39:24.282382,172.20.10.5,2,0
2026-01-16T18:39:24.282382,172.20.10.5,3,0
2026-01-16T18:39:24.282382,172.20.10.5,4,0
2026-01-16T18:39:24.282382,172.20.10.5,5,0
2026-01-16T18:39:24.282382,172.20.10.5,6,0
2026-01-16T18:39:24.282382,172.20.10.5,7,0
2026-01-16T18:39:24.282382,172.20.10.5,8,0.0996749
2026-01-16T18:39:24.282382,172.20.10.5,9,0
2026-01-16T18:39:24.282382,172.20.10.5,10,0
2026-01-16T18:39:24.282382,172.20.10.5,11,0
2026-01-16T18:39:24.282382,172.20.10.5,12,0
2026-01-16T18:39:24.282382,172.20.10.5,13,0
2026-01-16T18:39:24.282382,172.20.10.5,14,0
2026-01-16T18:39:24.282382,172.20.10.5,15,0
2026-01-16T18:39:24.282382,172.20.10.5,16,0
2026-01-16T18:39:24.282382,172.20.10.5,17,0
2026-01-16T18:39:24.282382,172.20.10.5,18,0
2026-01-16T18:39:24.282382,172.20.10.5,19,0
2026-01-16T18:39:24.282382,172.20.10.5,20,0
2026-01-16T18:39:24.282382,172.20.10.5,21,0
2026-01-16T18:39:24.282382,172.20.10.5,22,0
2026-01-16T18:39:24.282382,172.20.10.5,23,0
2026-01-16T18:39:24.282382,172.20.10.5,0,0
2026-01-16T18:39:24.282382,172.20.10.5,1,0
2026-01-16T18:39:24.282382,172.20.10.5,2,0
2026-01-16T18:39:24.282382,172.20.10.5,3,0
2026-01-16T18:39:24.282382,172.20.10.5,4,0
2026-01-16T18:39:24.282382,172.20.10.5,5,0
2026-01-16T18:39:24.282382,172.20.10.5,6,0
2026-01-16T18:39:24.282382,172.20.10.5,7,0
2026-01-16T18:39:24.282382,172.20.10.5,8,0.0909662
2026-01-16T18:39:24.282382,172.20.10.5,9,0
2026-01-16T18:39:24.282382,172.20.10.5,10,0
2026-01-16T18:39:24.282382,172.20.10.5,11,0
2026-01-16T18:39:24.282382,172.20.10.5,12,0
2026-01-16T18:39:24.282382,172.20.10.5,13,0
2026-01-16T18:39:24.282382,172.20.10.5,14,0
2026-01-16T18:39:24.282382,172.20.10.5,15,0
2026-01-16T18:39:24.282382,172.20.10.5,16,0
2026-01-16T18:39:24.282382,172.20.10.5,17,0
2026-01-16T18:39:24.282382,172.20.10.5,18,0
2026-01-16T18:39:24.282382,172.20.10.5,19,0
2026-01-16T18:39:24.282382,172.20.10.5,20,0
2026-01-16T18:39:24.282382,172.20.10.5,21,0
2026-01-16T18:39:24.282382,172.20.10.5,22,0
2026-01-16T18:39:24.282382,172.20.10.5,23,0
2026-01-16T18:39:24.282382,172.20.10.5,0,0
2026-01-16T18:39:24.282382,172.20.10.5,1,0
2026-01-16T18:39:24.282382,172.20.10.5,2,0
2026-01-16T18:39:24.282382,172.20.10.5,3,0
2026-01-16T18:39:24.282382,172.20.10.5,4,0
2026-01-16T18:39:24.282382,172.20.10.5,5,0
2026-01-16T18:39:24.282382,172.20.10.5,6,0
2026-01-16T18:39:24.282382,172.20.10.5,7,0
2026-01-16T18:39:24.282382,172.20.10.5,8,0.195227
2026-01-16T18:39:24.282382,172.20.10.5,9,0
2026-01-16T18:39:24.282382,172.20.10.5,10,0
2026-01-16T18:39:24.282382,172.20.10.5,11,0
2026-01-16T18:39:24.282382,172.20.10.5,12,0
2026-01-16T18:39:24.282382,172.20.10.5,13,0
2026-01-16T18:39:24.282382,172.20.10.5,14,0
2026-01-16T18:39:24.282382,172.20.10.5,15,0
2026-01-16T18:39:24.282382,172.20.10.5,16,0
2026-01-16T18:39:24.282382,172.20.10.5,17,0
2026-01-16T18:39:24.282382,172.20.10.5,18,0
2026-01-16T18:39:24.282382,172.20.10.5,19,0
2026-01-16T18:39:24.282382,172.20.10.5,20,0
2026-01-16T18:39:24.282382,172.20.10.5,21,0
2026-01-16T18:39:24.282382,172.20.10.5,22,0
2026-01-16T18:39:24.282382,172.20.10.5,23,0
2026-01-16T18:39:24.282382,172.20.10.5,0,0
2026-01-16T18:39:24.282382,172.20.10.5,1,0
2026-01-16T18:39:24.282382,172.20.10.5,2,0
2026-01-16T18:39:24.282382,172.20.10.5,3,0
2026-01-16T18:39:24.282382,172.20.10.5,4,0
2026-01-16T18:39:24.282382,172.20.10.5,5,0
2026-01-16T18:39:24.282382,172.20.10.5,6,0
2026-01-16T18:39:24.282382,172.20.10.5,7,0
2026-01-16T18:39:24.282382,172.20.10.5,8,0.138553
2026-01-16T18:39:24.282382,172.20.10.5,9,0
2026-01-16T18:39:24.282382,172.20.10.5,10,0
2026-01-16T18:39:24.282382,172.20.10.5,11,0
2026-01-16T18:39:24.282382,172.20.10.5,12,0
2026-01-16T18:39:24.282382,172.20.10.5,13,0
2026-01-16T18:39:24.282382,172.20.10.5,14,0
2026-01-16T18:39:24.282382,172.20.10.5,15,0
2026-01-16T18:39:24.282382,172.20.10.5,16,0
2026-01-16T18:39:24.282382,172.20.10.5,17,0
2026-01-16T18:39:24.282382,172.20.10.5,18,0
2026-01-16T18:39:24.282382,172.20.10.5,19,0
2026-01-16T18:39:24.282382,172.20.10.5,20,0
2026-01-16T18:39:24.282382,172.20.10.5,21,0
2026-01-16T18:39:24.282382,172.20.10.5,22,0
2026-01-16T18:39:24.282382,172.20.10.5,23,0
2026-01-16T18:39:24.282382,172.20.10.5,0,0
2026-01-16T18:39:24.282382,172.20.10.5,1,0
2026-01-16T18:39:24.282382,172.20.10.5,2,0
2026-01-16T18:39:24.282382,172.20.10.5,3,0
2026-01-16T18:39:24.282382,172.20.10.5,4,0
2026-01-16T18:39:24.282382,172.20.10.5,5,0
2026-01-16T18:39:24.282382,172.20.10.5,6,0
2026-01-16T18:39:24.282382,172.20.10.5,7,0
2026-01-16T18:39:24.282382,172.20.10.5,8,0.041934
2026-01-16T18:39:24.282382,172.20.10.5,9,0
2026-01-16T18:39:24.282382,172.20.10.5,10,0
2026-01-16T18:39:24.282382,172.20.10.5,11,0
2026-01-16T18:39:24.282382,172.20.10.5,12,0
2026-01-16T18:39:24.282382,172.20.10.5,13,0
2026-01-16T18:39:24.282382,172.20.10.5,14,0
2026-01-16T18:39:24.282382,172.20.10.5,15,0
2026-01-16T18:39:24.282382,172.20.10.5,16,0
2026-01-16T18:39:24.282382,172.20.10.5,17,0
2026-01-16T18:39:24.282382,172.20.10.5,18,0
2026-01-16T18:39:24.282382,172.20.10.5,19,0
2026-01-16T18:39:24.282382,172.20.10.5,20,0
2026-01-16T18:39:24.282382,172.20.10.5,21,0
2026-01-16T18:39:24.282382,172.20.10.5,22,0
2026-01-16T18:39:24.282382,172.20.10.5,23,0
2026-01-16T18:39:24.282382,172.20.10.5,0,0
2026-01-16T18:39:24.282382,172.20.10.5,1,0
2026-01-16T18:39:24.282382,172.20.10.5,2,0
2026-01-16T18:39:24.282382,172.20.10.5,3,0
2026-01-16T18:39:24.282382,172.20.10.5,4,0
2026-01-16T18:39:24.282382,172.20.10.5,5,0
2026-01-16T18:39:24.282382,172.20.10.5,6,0
2026-01-16T18:39:24.282382,172.20.10.5,7,0
2026-01-16T18:39:24.282382,172.20.10.5,8,0.290594
2026-01-16T18:39:24.282382,172.20.10.5,9,0
2026-01-16T18:39:24.282382,172.20.10.5,10,0
2026-01-16T18:39:24.282382,172.20.10.5,11,0
2026-01-16T18:39:24.282382,172.20.10.5,12,0
2026-01-16T18:39:24.282382,172.20.10.5,13,0
2026-01-16T18:39:24.282382,172.20.10.5,14,0
2026-01-16T18:39:24.282382,172.20.10.5,15,0
2026-01-16T18:39:24.282382,172.20.10.5,16,0
2026-01-16T18:39:24.282382,172.20.10.5,17,0
2026-01-16T18:39:24.282382,172.20.10.5,18,0
2026-01-16T18:39:24.282382,172.20.10.5,19,0
2026-01-16T18:39:24.282382,172.20.10.5,20,0
2026-01-16T18:39:24.282382,172.20.10.5,21,0
2026-01-16T18:39:24.282382,172.20.10.5,22,0
2026-01-16T18:39:24.282382,172.20.10.5,23,0
2026-01-16T18:39:24.282382,172.20.10.5,0,0
2026-01-16T18:39:24.282382,172.20.10.5,1,0
2026-01-16T18:39:24.282382,172.20.10.5,2,0
2026-01-16T18:39:24.282382,172.20.10.5,3,0
2026-01-16T18:39:24.282382,172.20.10.5,4,0
2026-01-16T18:39:24.282382,172.20.10.5,5,0
2026-01-16T18:39:24.282382,172.20.10.5,6,0
2026-01-16T18:39:24.282382,172.20.10.5,7,0
2026-01-16T18:39:24.282382,172.20.10.5,8,0.0962237
2026-01-16T18:39:24.282382,172.20.10.5,9,0
2026-01-16T18:39:24.282382,172.20.10.5,10,0
2026-01-16T18:39:24.282382,172.20.10.5,11,0
2026-01-16T18:39:24.282382,172.20.10.5,12,0
2026-01-16T18:39:24.282382,172.20.10.5,13,0
2026-01-16T18:39:24.282382,172.20.10.5,14,0
2026-01-16T18:39:24.282382,172.20.10.5,15,0
2026-01-16T18:39:24.282382,172.20.10.5,16,0
2026-01-16T18:39:24.282382,172.20.10.5,17,0
2026-01-16T18:39:24.282382,172.20.10.5,18,0
2026-01-16T18:39:24.282382,172.20.10.5,19,0
2026-01-16T18:39:24.282382,172.20.10.5,20,0
2026-01-16T18:39:24.282382,172.20.10.5,21,0
2026-01-16T18:39:24.282382,172.20.10.5,22,0
2026-01-16T18:39:24.282382,172.20.10.5,23,0
2026-01-16T18:39:24.282382,172.20.10.5,0,0
2026-01-16T18:39:24.282382,172.20.10.5,1,0
2026-01-16T18:39:24.282382,172.20.10.5,2,0
2026-01-16T18:39:24.282382,172.20.10.5,3,0
2026-01-16T18:39:24.282382,172.20.10.5,4,0
2026-01-16T18:39:24.282382,172.20.10.5,5,0
2026-01-16T18:39:24.282382,172.20.10.5,6,0
2026-01-16T18:39:24.282382,172.20.10.5,7,0
2026-01-16T18:39:24.282382,172.20.10.5,8,0.181569
2026-01-16T18:39:24.282382,172.20.10.5,9,0
2026-01-16T18:39:24.282382,172.20.10.5,10,0
2026-01-16T18:39:24.282382,172.20.10.5,11,0
2026-01-16T18:39:24.282382,172.20.10.5,12,0
2026-01-16T18:39:24.282382,172.20.10.5,13,0
2026-01-16T18:39:24.282382,172.20.10.5,14,0
2026-01-16T18:39:24.282382,172.20.10.5,15,0
2026-01-16T18:39:24.282382,172.20.10.5,16,0
2026-01-16T18:39:24.282382,172.20.10.5,17,0
2026-01-16T18:39:24.282382,172.20.10.5,18,0
2026-01-16T18:39:24.282382,172.20.10.5,19,0
2026-01-16T18:39:24.282382,172.20.10.5,20,0
2026-01-16T18:39:24.282382,172.20.10.5,21,0
2026-01-16T18:39:24.282382,172.20.10.5,22,0
2026-01-16T18:39:24.282382,172.20.10.5,23,0
2026-01-16T18:39:24.282382,172.20.10.5,0,0
2026-01-16T18:39:24.282382,172.20.10.5,1,0
2026-01-16T18:39:24.282382,172.20.10.5,2,0
2026-01-16T18:39:24.282382,172.20.10.5,3,0
2026-01-16T18:39:24.282382,172.20.10.5,4,0
2026-01-16T18:39:24.282382,172.20.10.5,5,0
2026-01-16T18:39:24.282382,172.20.10.5,6,0
2026-01-16T18:39:24.282382,172.20.10.5,7,0
2026-01-16T18:39:24.282382,172.20.10.5,8,0.207301
2026-01-16T18:39:24.282382,172.20.10.5,9,0
2026-01-16T18:39:24.282382,172.20.10.5,10,0
2026-01-16T18:39:24.282382,172.20.10.5,11,0
2026-01-16T18:39:24.282382,172.20.10.5,12,0
2026-01-16T18:39:24.282382,172.20.10.5,13,0
2026-01-16T18:39:24.282382,172.20.10.5,14,0
2026-01-16T18:39:24.282382,172.20.10.5,15,0
2026-01-16T18:39:24.282382,172.20.10.5,16,0
2026-01-16T18:39:24.282382,172.20.10.5,17,0
2026-01-16T18:39:24.282382,172.20.10.5,18,0
2026-01-16T18:39:24.282382,172.20.10.5,19,0
2026-01-16T18:39:24.282382,172.20.10.5,20,0
2026-01-16T18:39:24.282382,172.20.10.5,21,0
2026-01-16T18:39:24.282382,172.20.10.5,22,0
2026-01-16T18:39:24.282382,172.20.10.5,23,0
2026-01-16T18:39:24.282382,172.20.10.5,0,0
2026-01-16T18:39:24.282382,172.20.10.5,1,0
2026-01-16T18:39:24.282382,172.20.10.5,2,0
2026-01-16T18:39:24.282382,172.20.10.5,3,0
2026-01-16T18:39:24.282382,172.20.10.5,4,0
2026-01-16T18:39:24.282382,172.20.10.5,5,0
2026-01-16T18:39:24.282382,172.20.10.5,6,0
2026-01-16T18:39:24.282382,172.20.10.5,7,0
2026-01-16T18:39:24.282382,172.20.10.5,8,0.197521
2026-01-16T18:39:24.282382,172.20.10.5,9,0
2026-01-16T18:39:24.282382,172.20.10.5,10,0
2026-01-16T18:39:24.282382,172.20.10.5,11,0
2026-01-16T18:39:24.282382,172.20.10.5,12,0
2026-01-16T18:39:24.282382,172.20.10.5,13,0
2026-01-16T18:39:24.282382,172.20.10.5,14,0
2026-01-16T18:39:24.282382,172.20.10.5,15,0
2026-01-16T18:39:24.282382,172.20.10.5,16,0
2026-01-16T18:39:24.282382,172.20.10.5,17,0
2026-01-16T18:39:24.282382,172.20.10.5,18,0
2026-01-16T18:39:24.282382,172.20.10.5,19,0
2026-01-16T18:39:24.282382,172.20.10.5,20,0
2026-01-16T18:39:24.282382,172.20.10.5,21,0
2026-01-16T18:39:24.282382,172.20.10.5,22,0
2026-01-16T18:39:24.282382,172.20.10.5,23,0
2026-01-16T18:39:24.282382,172.20.10.5,0,0
2026-01-16T18:39:24.282382,172.20.10.5,1,0
2026-01-16T18:39:24.282382,172.20.10.5,2,0
2026-01-16T18:39:24.282382,172.20.10.5,3,0
2026-01-16T18:39:24.282382,172.20.10.5,4,0
2026-01-16T18:39:24.282382,172.20.10.5,5,0
2026-01-16T18:39:24.282382,172.20.10.5,6,0
2026-01-16T18:39:24.282382,172.20.10.5,7,0
2026-01-16T18:39:24.282382,172.20.10.5,8,2.96017
2026-01-16T18:39:24.282382,172.20.10.5,9,0
2026-01-16T18:39:24.282382,172.20.10.5,10,0
2026-01-16T18:39:24.282382,172.20.10.5,11,0
2026-01-16T18:39:24.282382,172.20.10.5,12,0
2026-01-16T18:39:24.282382,172.20.10.5,13,0
2026-01-16T18:39:24.282382,172.20.10.5,14,0
2026-01-16T18:39:24.282382,172.20.10.5,15,0
2026-01-16T18:39:24.282382,172.20.10.5,16,0
2026-01-16T18:39:24.282382,172.20.10.5,17,0
2026-01-16T18:39:24.282382,172.20.10.5,18,0
2026-01-16T18:39:24.282382,172.20.10.5,19,0
2026-01-16T18:39:24.282382,172.20.10.5,20,0
2026-01-16T18:39:24.282382,172.20.10.5,21,0
2026-01-16T18:39:24.282382,172.20.10.5,22,0
2026-01-16T18:39:24.282382,172.20.10.5,23,0
2026-01-16T18:39:24.282382,172.20.10.5,0,0
2026-01-16T18:39:24.282382,172.20.10.5,1,0
2026-01-16T18:39:24.282382,172.20.10.5,2,0
2026-01-16T18:39:24.282382,172.20.10.5,3,0
2026-01-16T18:39:24.282382,172.20.10.5,4,0
2026-01-16T18:39:24.282382,172.20.10.5,5,0
2026-01-16T18:39:24.282382,172.20.10.5,6,0
2026-01-16T18:39:24.282382,172.20.10.5,7,0
2026-01-16T18:39:24.282382,172.20.10.5,8,0.0991214
2026-01-16T18:39:24.282382,172.20.10.5,9,0
2026-01-16T18:39:24.282382,172.20.10.5,10,0
2026-01-16T18:39:24.282382,172.20.10.5,11,0
2026-01-16T18:39:24.282382,172.20.10.5,12,0
2026-01-16T18:39:24.282382,172.20.10.5,13,0
2026-01-16T18:39:24.282382,172.20.10.5,14,0
2026-01-16T18:39:24.282382,172.20.10.5,15,0
2026-01-16T18:39:24.282382,172.20.10.5,16,0
2026-01-16T18:39:24.282382,172.20.10.5,17,0
2026-01-16T18:39:24.282382,172.20.10.5,18,0
2026-01-16T18:39:24.282382,172.20.10.5,19,0
2026-01-16T18:39:24.282382,172.20.10.5,20,0
2026-01-16T18:39:24.282382,172.20.10.5,21,0
2026-01-16T18:39:24.282382,172.20.10.5,22,0
2026-01-16T18:39:24.282382,172.20.10.5,23,0
2026-01-16T18:39:24.282382,172.20.10.5,0,0
2026-01-16T18:39:24.282382,172.20.10.5,1,0
2026-01-16T18:39:24.282382,172.20.10.5,2,0
2026-01-16T18:39:24.282382,172.20.10.5,3,0
2026-01-16T18:39:24.282382,172.20.10.5,4,0
2026-01-16T18:39:24.282382,172.20.10.5,5,0
2026-01-16T18:39:24.282382,172.20.10.5,6,0
2026-01-16T18:39:24.282382,172.20.10.5,7,0
2026-01-16T18:39:24.282382,172.20.10.5,8,0.23588
2026-01-16T18:39:24.282382,172.20.10.5,9,0
2026-01-16T18:39:24.282382,172.20.10.5,10,0
2026-01-16T18:39:24.282382,172.20.10.5,11,0
2026-01-16T18:39:24.282382,172.20.10.5,12,0
2026-01-16T18:39:24.282382,172.20.10.5,13,0
2026-01-16T18:39:24.282382,172.20.10.5,14,0
2026-01-16T18:39:24.282382,172.20.10.5,15,0
2026-01-16T18:39:24.282382,172.20.10.5,16,0
2026-01-16T18:39:24.282382,172.20.10.5,17,0
2026-01-16T18:39:24.282382,172.20.10.5,18,0
2026-01-16T18:39:24.282382,172.20.10.5,19,0
2026-01-16T18:39:24.282382,172.20.10.5,20,0
2026-01-16T18:39:24.282382,172.20.10.5,21,0
2026-01-16T18:39:24.282382,172.20.10.5,22,0
2026-01-16T18:39:24.282382,172.20.10.5,23,0
2026-01-16T18:39:24.282382,172.20.10.5,0,0
2026-01-16T18:39:24.282382,172.20.10.5,1,0
2026-01-16T18:39:24.282382,172.20.10.5,2,0
2026-01-16T18:39:24.282382,172.20.10.5,3,0
2026-01-16T18:39:24.282382,172.20.10.5,4,0
2026-01-16T18:39:24.282382,172.20.10.5,5,0
2026-01-16T18:39:24.282382,172.20.10.5,6,0
2026-01-16T18:39:24.282382,172.20.10.5,7,0
2026-01-16T18:39:24.282382,172.20.10.5,8,2.18429
2026-01-16T18:39:24.282382,172.20.10.5,9,0
2026-01-16T18:39:24.282382,172.20.10.5,10,0
2026-01-16T18:39:24.282382,172.20.10.5,11,0
2026-01-16T18:39:24.282382,172.20.10.5,12,0
2026-01-16T18:39:24.282382,172.20.10.5,13,0
2026-01-16T18:39:24.282382,172.20.10.5,14,0
2026-01-16T18:39:24.282382,172.20.10.5,15,0
2026-01-16T18:39:24.282382,172.20.10.5,16,0
2026-01-16T18:39:24.282382,172.20.10.5,17,0
2026-01-16T18:39:24.282382,172.20.10.5,18,0
2026-01-16T18:39:24.282382,172.20.10.5,19,0
2026-01-16T18:39:24.282382,172.20.10.5,20,0
2026-01-16T18:39:24.282382,172.20.10.5,21,0
2026-01-16T18:39:24.282382,172.20.10.5,22,0
2026-01-16T18:39:24.282382,172.20.10.5,23,0
2026-01-16T18:39:24.282382,172.20.10.5,0,0
2026-01-16T18:39:24.282382,172.20.10.5,1,0
2026-01-16T18:39:24.282382,172.20.10.5,2,0
2026-01-16T18:39:24.282382,172.20.10.5,3,0
2026-01-16T18:39:24.282382,172.20.10.5,4,0
2026-01-16T18:39:24.282382,172.20.10.5,5,0
2026-01-16T18:39:24.282382,172.20.10.5,6,0
2026-01-16T18:39:24.282382,172.20.10.5,7,0
2026-01-16T18:39:24.282382,172.20.10.5,8,7.41459
2026-01-16T18:39:24.282382,172.20.10.5,9,0
2026-01-16T18:39:24.282382,172.20.10.5,10,0
2026-01-16T18:39:24.282382,172.20.10.5,11,0
2026-01-16T18:39:24.282382,172.20.10.5,12,0
2026-01-16T18:39:24.282382,172.20.10.5,13,0
2026-01-16T18:39:24.282382,172.20.10.5,14,0
2026-01-16T18:39:24.282382,172.20.10.5,15,0
2026-01-16T18:39:24.282382,172.20.10.5,16,0
2026-01-16T18:39:24.282382,172.20.10.5,17,0
2026-01-16T18:39:24.282382,172.20.10.5,18,0
2026-01-16T18:39:24.282382,172.20.10.5,19,0
2026-01-16T18:39:24.282382,172.20.10.5,20,0
2026-01-16T18:39:24.282382,172.20.10.5,21,0
2026-01-16T18:39:24.282382,172.20.10.5,22,0
2026-01-16T18:39:24.282382,172.20.10.5,23,0
2026-01-16T18:39:24.282382,172.20.10.5,0,0
2026-01-16T18:39:24.282382,172.20.10.5,1,0
2026-01-16T18:39:24.282382,172.20.10.5,2,0
2026-01-16T18:39:24.282382,172.20.10.5,3,0
2026-01-16T18:39:24.282382,172.20.10.5,4,0
2026-01-16T18:39:24.282382,172.20.10.5,5,0
2026-01-16T18:39:24.282382,172.20.10.5,6,0
2026-01-16T18:39:24.282382,172.20.10.5,7,0
2026-01-16T18:39:24.282382,172.20.10.5,8,0.041292
2026-01-16T18:39:24.282382,172.20.10.5,9,0
2026-01-16T18:39:24.282382,172.20.10.5,10,0
2026-01-16T18:39:24.282382,172.20.10.5,11,0
2026-01-16T18:39:24.282382,172.20.10.5,12,0
2026-01-16T18:39:24.282382,172.20.10.5,13,0
2026-01-16T18:39:24.282382,172.20.10.5,14,0
2026-01-16T18:39:24.282382,172.20.10.5,15,0
2026-01-16T18:39:24.282382,172.20.10.5,16,0
2026-01-16T18:39:24.282382,172.20.10.5,17,0
2026-01-16T18:39:24.282382,172.20.10.5,18,0
2026-01-16T18:39:24.282382,172.20.10.5,19,0
2026-01-16T18:39:24.282382,172.20.10.5,20,0
2026-01-16T18:39:24.282382,172.20.10.5,21,0
2026-01-16T18:39:24.282382,172.20.10.5,22,0
2026-01-16T18:39:24.282382,172.20.10.5,23,0
2026-01-16T18:39:24.282382,172.20.10.5,0,0
2026-01-16T18:39:24.282382,172.20.10.5,1,0
2026-01-16T18:39:24.282382,172.20.10.5,2,0
2026-01-16T18:39:24.282382,172.20.10.5,3,0
2026-01-16T18:39:24.282382,172.20.10.5,4,0
2026-01-16T18:39:24.282382,172.20.10.5,5,0
2026-01-16T18:39:24.282382,172.20.10.5,6,0
2026-01-16T18:39:24.282382,172.20.10.5,7,0
2026-01-16T18:39:24.282382,172.20.10.5,8,12.0597
2026-01-16T18:39:24.282382,172.20.10.5,9,0
2026-01-16T18:39:24.282382,172.20.10.5,10,0
2026-01-16T18:39:24.282382,172.20.10.5,11,0
2026-01-16T18:39:24.282382,172.20.10.5,12,0
2026-01-16T18:39:24.282382,172.20.10.5,13,0
2026-01-16T18:39:24.282382,172.20.10.5,14,0
2026-01-16T18:39:24.282382,172.20.10.5,15,0
2026-01-16T18:39:24.282382,172.20.10.5,16,0
2026-01-16T18:39:24.282382,172.20.10.5,17,0
2026-01-16T18:39:24.282382,172.20.10.5,18,0
2026-01-16T18:39:24.282382,172.20.10.5,19,0
2026-01-16T18:39:24.282382,172.20.10.5,20,0
2026-01-16T18:39:24.282382,172.20.10.5,21,0
2026-01-16T18:39:24.282382,172.20.10.5,22,0
2026-01-16T18:39:24.282382,172.20.10.5,23,0
2026-01-16T18:39:24.282382,172.20.10.5,0,0
2026-01-16T18:39:24.282382,172.20.10.5,1,0
2026-01-16T18:39:24.282382,172.20.10.5,2,0
2026-01-16T18:39:24.282382,172.20.10.5,3,0
2026-01-16T18:39:24.282382,172.20.10.5,4,0
2026-01-16T18:39:24.282382,172.20.10.5,5,0
2026-01-16T18:39:24.282382,172.20.10.5,6,0
2026-01-16T18:39:24.282382,172.20.10.5,7,0
2026-01-16T18:39:24.282382,172.20.10.5,8,0.169294
2026-01-16T18:39:24.282382,172.20.10.5,9,0
2026-01-16T18:39:24.282382,172.20.10.5,10,0
2026-01-16T18:39:24.282382,172.20.10.5,11,0
2026-01-16T18:39:24.282382,172.20.10.5,12,0
2026-01-16T18:39:24.282382,172.20.10.5,13,0
2026-01-16T18:39:24.282382,172.20.10.5,14,0
2026-01-16T18:39:24.282382,172.20.10.5,15,0
2026-01-16T18:39:24.282382,172.20.10.5,16,0
2026-01-16T18:39:24.282382,172.20.10.5,17,0
2026-01-16T18:39:24.282382,172.20.10.5,18,0
2026-01-16T18:39:24.282382,172.20.10.5,19,0
2026-01-16T18:39:24.282382,172.20.10.5,20,0
2026-01-16T18:39:24.282382,172.20.10.5,21,0
2026-01-16T18:39:24.282382,172.20.10.5,22,0
2026-01-16T18:39:24.282382,172.20.10.5,23,0
2026-01-16T18:39:24.282382,172.20.10.5,0,0
2026-01-16T18:39:24.282382,172.20.10.5,1,0
2026-01-16T18:39:24.282382,172.20.10.5,2,0
2026-01-16T18:39:24.282382,172.20.10.5,3,0
2026-01-16T18:39:24.282382,172.20.10.5,4,0
2026-01-16T18:39:24.282382,172.20.10.5,5,0
2026-01-16T18:39:24.282382,172.20.10.5,6,0
2026-01-16T18:39:24.282382,172.20.10.5,7,0
2026-01-16T18:39:24.282382,172.20.10.5,8,0.264243
2026-01-16T18:39:24.282382,172.20.10.5,9,0
2026-01-16T18:39:24.282382,172.20.10.5,10,0
2026-01-16T18:39:24.282382,172.20.10.5,11,0
2026-01-16T18:39:24.282382,172.20.10.5,12,0
2026-01-16T18:39:24.282382,172.20.10.5,13,0
2026-01-16T18:39:24.282382,172.20.10.5,14,0
2026-01-16T18:39:24.282382,172.20.10.5,15,0
2026-01-16T18:39:24.282382,172.20.10.5,16,0
2026-01-16T18:39:24.282382,172.20.10.5,17,0
2026-01-16T18:39:24.282382,172.20.10.5,18,0
2026-01-16T18:39:24.282382,172.20.10.5,19,0
2026-01-16T18:39:24.282382,172.20.10.5,20,0
2026-01-16T18:39:24.282382,172.20.10.5,21,0
2026-01-16T18:39:24.282382,172.20.10.5,22,0
2026-01-16T18:39:24.282382,172.20.10.5,23,0
2026-01-16T18:39:24.282382,172.20.10.5,0,0
2026-01-16T18:39:24.282382,172.20.10.5,1,0
2026-01-16T18:39:24.282382,172.20.10.5,2,0
2026-01-16T18:39:24.282382,172.20.10.5,3,0
2026-01-16T18:39:24.282382,172.20.10.5,4,0
2026-01-16T18:39:24.282382,172.20.10.5,5,0
2026-01-16T18:39:24.282382,172.20.10.5,6,0
2026-01-16T18:39:24.282382,172.20.10.5,7,0
2026-01-16T18:39:24.282382,172.20.10.5,8,0.169407
2026-01-16T18:39:24.282382,172.20.10.5,9,0
2026-01-16T18:39:24.282382,172.20.10.5,10,0
2026-01-16T18:39:24.282382,172.20.10.5,11,0
2026-01-16T18:39:24.282382,172.20.10.5,12,0
2026-01-16T18:39:24.282382,172.20.10.5,13,0
2026-01-16T18:39:24.282382,172.20.10.5,14,0
2026-01-16T18:39:24.282382,172.20.10.5,15,0
2026-01-16T18:39:24.282382,172.20.10.5,16,0
2026-01-16T18:39:24.282382,172.20.10.5,17,0
2026-01-16T18:39:24.282382,172.20.10.5,18,0
2026-01-16T18:39:24.282382,172.20.10.5,19,0
2026-01-16T18:39:24.282382,172.20.10.5,20,0
2026-01-16T18:39:24.282382,172.20.10.5,21,0
2026-01-16T18:39:24.282382,172.20.10.5,22,0
2026-01-16T18:39:24.282382,172.20.10.5,23,0
2026-01-16T18:39:24.282382,172.20.10.5,0,0
2026-01-16T18:39:24.282382,172.20.10.5,1,0
2026-01-16T18:39:24.282382,172.20.10.5,2,0
2026-01-16T18:39:24.282382,172.20.10.5,3,0
2026-01-16T18:39:24.282382,172.20.10.5,4,0
2026-01-16T18:39:24.282382,172.20.10.5,5,0
2026-01-16T18:39:24.282382,172.20.10.5,6,0
2026-01-16T18:39:24.282382,172.20.10.5,7,0
2026-01-16T18:39:24.282382,172.20.10.5,8,0.120536
2026-01-16T18:39:24.282382,172.20.10.5,9,0
2026-01-16T18:39:24.282382,172.20.10.5,10,0
2026-01-16T18:39:24.282382,172.20.10.5,11,0
2026-01-16T18:39:24.282382,172.20.10.5,12,0
2026-01-16T18:39:24.282382,172.20.10.5,13,0
2026-01-16T18:39:24.282382,172.20.10.5,14,0
2026-01-16T18:39:24.282382,172.20.10.5,15,0
2026-01-16T18:39:24.282382,172.20.10.5,16,0
2026-01-16T18:39:24.282382,172.20.10.5,17,0
2026-01-16T18:39:24.282382,172.20.10.5,18,0
2026-01-16T18:39:24.282382,172.20.10.5,19,0
2026-01-16T18:39:24.282382,172.20.10.5,20,0
2026-01-16T18:39:24.282382,172.20.10.5,21,0
2026-01-16T18:39:24.282382,172.20.10.5,22,0
2026-01-16T18:39:24.282382,172.20.10.5,23,0
2026-01-16T18:39:24.282382,172.20.10.5,0,0
2026-01-16T18:39:24.282382,172.20.10.5,1,0
2026-01-16T18:39:24.282382,172.20.10.5,2,0
2026-01-16T18:39:24.282382,172.20.10.5,3,0
2026-01-16T18:39:24.282382,172.20.10.5,4,0
2026-01-16T18:39:24.282382,172.20.10.5,5,0
2026-01-16T18:39:24.282382,172.20.10.5,6,0
2026-01-16T18:39:24.282382,172.20.10.5,7,0
2026-01-16T18:39:24.282382,172.20.10.5,8,0.0768635
2026-01-16T18:39:24.282382,172.20.10.5,9,0
2026-01-16T18:39:24.282382,172.20.10.5,10,0
2026-01-16T18:39:24.282382,172.20.10.5,11,0
2026-01-16T18:39:24.282382,172.20.10.5,12,0
2026-01-16T18:39:24.282382,172.20.10.5,13,0
2026-01-16T18:39:24.282382,172.20.10.5,14,0
2026-01-16T18:39:24.282382,172.20.10.5,15,0
2026-01-16T18:39:24.282382,172.20.10.5,16,0
2026-01-16T18:39:24.282382,172.20.10.5,17,0
2026-01-16T18:39:24.282382,172.20.10.5,18,0
2026-01-16T18:39:24.282382,172.20.10.5,19,0
2026-01-16T18:39:24.282382,172.20.10.5,20,0
2026-01-16T18:39:24.282382,172.20.10.5,21,0
2026-01-16T18:39:24.282382,172.20.10.5,22,0
2026-01-16T18:39:24.282382,172.20.10.5,23,0
2026-01-16T18:39:24.282382,172.20.10.5,0,0
2026-01-16T18:39:24.282382,172.20.10.5,1,0
2026-01-16T18:39:24.282382,172.20.10.5,2,0
2026-01-16T18:39:24.282382,172.20.10.5,3,0
2026-01-16T18:39:24.282382,172.20.10.5,4,0
2026-01-16T18:39:24.282382,172.20.10.5,5,0
2026-01-16T18:39:24.282382,172.20.10.5,6,0
2026-01-16T18:39:24.282382,172.20.10.5,7,0
2026-01-16T18:39:24.282382,172.20.10.5,8,0.138663
2026-01-16T18:39:24.282382,172.20.10.5,9,0
2026-01-16T18:39:24.282382,172.20.10.5,10,0
2026-01-16T18:39:24.282382,172.20.10.5,11,0
2026-01-16T18:39:24.282382,172.20.10.5,12,0
2026-01-16T18:39:24.282382,172.20.10.5,13,0
2026-01-16T18:39:24.282382,172.20.10.5,14,0
2026-01-16T18:39:24.282382,172.20.10.5,15,0
2026-01-16T18:39:24.282382,172.20.10.5,16,0
2026-01-16T18:39:24.282382,172.20.10.5,17,0
2026-01-16T18:39:24.282382,172.20.10.5,18,0
2026-01-16T18:39:24.282382,172.20.10.5,19,0
2026-01-16T18:39:24.282382,172.20.10.5,20,0
2026-01-16T18:39:24.282382,172.20.10.5,21,0
2026-01-16T18:39:24.282382,172.20.10.5,22,0
2026-01-16T18:39:24.282382,172.20.10.5,23,0
2026-01-16T18:39:24.282382,172.20.10.5,0,0
2026-01-16T18:39:24.282382,172.20.10.5,1,0
2026-01-16T18:39:24.282382,172.20.10.5,2,0
2026-01-16T18:39:24.282382,172.20.10.5,3,0
2026-01-16T18:39:24.282382,172.20.10.5,4,0
2026-01-16T18:39:24.282382,172.20.10.5,5,0
2026-01-16T18:39:24.282382,172.20.10.5,6,0
2026-01-16T18:39:24.282382,172.20.10.5,7,0
2026-01-16T18:39:24.282382,172.20.10.5,8,0.125326
2026-01-16T18:39:24.282382,172.20.10.5,9,0
2026-01-16T18:39:24.282382,172.20.10.5,10,0
2026-01-16T18:39:24.282382,172.20.10.5,11,0
2026-01-16T18:39:24.282382,172.20.10.5,12,0
2026-01-16T18:39:24.282382,172.20.10.5,13,0
2026-01-16T18:39:24.282382,172.20.10.5,14,0
2026-01-16T18:39:24.282382,172.20.10.5,15,0
2026-01-16T18:39:24.282382,172.20.10.5,16,0
2026-01-16T18:39:24.282382,172.20.10.5,17,0
2026-01-16T18:39:24.282382,172.20.10.5,18,0
2026-01-16T18:39:24.282382,172.20.10.5,19,0
2026-01-16T18:39:24.282382,172.20.10.5,20,0
2026-01-16T18:39:24.282382,172.20.10.5,21,0
2026-01-16T18:39:24.282382,172.20.10.5,22,0
2026-01-16T18:39:24.282382,172.20.10.5,23,0
2026-01-16T18:39:24.282382,172.20.10.5,0,0
2026-01-16T18:39:24.282382,172.20.10.5,1,0
2026-01-16T18:39:24.282382,172.20.10.5,2,0
2026-01-16T18:39:24.282382,172.20.10.5,3,0
2026-01-16T18:39:24.282382,172.20.10.5,4,0
2026-01-16T18:39:24.282382,172.20.10.5,5,0
2026-01-16T18:39:24.282382,172.20.10.5,6,0
2026-01-16T18:39:24.282382,172.20.10.5,7,0
2026-01-16T18:39:24.282382,172.20.10.5,8,5.97404
2026-01-16T18:39:24.282382,172.20.10.5,9,0
2026-01-16T18:39:24.282382,172.20.10.5,10,0
2026-01-16T18:39:24.282382,172.20.10.5,11,0
2026-01-16T18:39:24.282382,172.20.10.5,12,0
2026-01-16T18:39:24.282382,172.20.10.5,13,0
2026-01-16T18:39:24.282382,172.20.10.5,14,0
2026-01-16T18:39:24.282382,172.20.10.5,15,0
2026-01-16T18:39:24.282382,172.20.10.5,16,0
2026-01-16T18:39:24.282382,172.20.10.5,17,0
2026-01-16T18:39:24.282382,172.20.10.5,18,0
2026-01-16T18:39:24.282382,172.20.10.5,19,0
2026-01-16T18:39:24.282382,172.20.10.5,20,0
2026-01-16T18:39:24.282382,172.20.10.5,21,0
2026-01-16T18:39:24.282382,172.20.10.5,22,0
2026-01-16T18:39:24.282382,172.20.10.5,23,0
2026-01-16T18:39:24.282382,172.20.10.5,0,0
2026-01-16T18:39:24.282382,172.20.10.5,1,0
2026-01-16T18:39:24.282382,172.20.10.5,2,0
2026-01-16T18:39:24.282382,172.20.10.5,3,0
2026-01-16T18:39:24.282382,172.20.10.5,4,0
2026-01-16T18:39:24.282382,172.20.10.5,5,0
2026-01-16T18:39:24.282382,172.20.10.5,6,0
2026-01-16T18:39:24.282382,172.20.10.5,7,0
2026-01-16T18:39:24.282382,172.20.10.5,8,0.333898
2026-01-16T18:39:24.282382,172.20.10.5,9,0
2026-01-16T18:39:24.282382,172.20.10.5,10,0
2026-01-16T18:39:24.282382,172.20.10.5,11,0
2026-01-16T18:39:24.282382,172.20.10.5,12,0
2026-01-16T18:39:24.282382,172.20.10.5,13,0
2026-01-16T18:39:24.282382,172.20.10.5,14,0
2026-01-16T18:39:24.282382,172.20.10.5,15,0
2026-01-16T18:39:24.282382,172.20.10.5,16,0
2026-01-16T18:39:24.282382,172.20.10.5,17,0
2026-01-16T18:39:24.282382,172.20.10.5,18,0
2026-01-16T18:39:24.282382,172.20.10.5,19,0
2026-01-16T18:39:24.282382,172.20.10.5,20,0
2026-01-16T18:39:24.282382,172.20.10.5,21,0
2026-01-16T18:39:24.282382,172.20.10.5,22,0
2026-01-16T18:39:24.282382,172.20.10.5,23,0
2026-01-16T18:39:24.282382,172.20.10.5,0,0
2026-01-16T18:39:24.282382,172.20.10.5,1,0
2026-01-16T18:39:24.282382,172.20.10.5,2,0
2026-01-16T18:39:24.282382,172.20.10.5,3,0
2026-01-16T18:39:24.282382,172.20.10.5,4,0
2026-01-16T18:39:24.282382,172.20.10.5,5,0
2026-01-16T18:39:24.282382,172.20.10.5,6,0
2026-01-16T18:39:24.282382,172.20.10.5,7,0
2026-01-16T18:39:24.282382,172.20.10.5,8,0.118425
2026-01-16T18:39:24.282382,172.20.10.5,9,0
2026-01-16T18:39:24.282382,172.20.10.5,10,0
2026-01-16T18:39:24.282382,172.20.10.5,11,0
2026-01-16T18:39:24.282382,172.20.10.5,12,0
2026-01-16T18:39:24.282382,172.20.10.5,13,0
2026-01-16T18:39:24.282382,172.20.10.5,14,0
2026-01-16T18:39:24.282382,172.20.10.5,15,0
2026-01-16T18:39:24.282382,172.20.10.5,16,0
2026-01-16T18:39:24.282382,172.20.10.5,17,0
2026-01-16T18:39:24.282382,172.20.10.5,18,0
2026-01-16T18:39:24.282382,172.20.10.5,19,0
2026-01-16T18:39:24.282382,172.20.10.5,20,0
2026-01-16T18:39:24.282382,172.20.10.5,21,0
2026-01-16T18:39:24.282382,172.20.10.5,22,0
2026-01-16T18:39:24.282382,172.20.10.5,23,0
2026-01-16T18:39:24.282382,172.20.10.5,0,0
2026-01-16T18:39:24.282382,172.20.10.5,1,0
2026-01-16T18:39:24.282382,172.20.10.5,2,0
2026-01-16T18:39:24.282382,172.20.10.5,3,0
2026-01-16T18:39:24.282382,172.20.10.5,4,0
2026-01-16T18:39:24.282382,172.20.10.5,5,0
2026-01-16T18:39:24.282382,172.20.10.5,6,0
2026-01-16T18:39:24.282382,172.20.10.5,7,0
2026-01-16T18:39:24.282382,172.20.10.5,8,0.596621
2026-01-16T18:39:24.282382,172.20.10.5,9,0
2026-01-16T18:39:24.282382,172.20.10.5,10,0
2026-01-16T18:39:24.282382,172.20.10.5,11,0
2026-01-16T18:39:24.282382,172.20.10.5,12,0
2026-01-16T18:39:24.282382,172.20.10.5,13,0
2026-01-16T18:39:24.282382,172.20.10.5,14,0
2026-01-16T18:39:24.282382,172.20.10.5,15,0
2026-01-16T18:39:24.282382,172.20.10.5,16,0
2026-01-16T18:39:24.282382,172.20.10.5,17,0
2026-01-16T18:39:24.282382,172.20.10.5,18,0
2026-01-16T18:39:24.282382,172.20.10.5,19,0
2026-01-16T18:39:24.282382,172.20.10.5,20,0
2026-01-16T18:39:24.282382,172.20.10.5,21,0
2026-01-16T18:39:24.282382,172.20.10.5,22,0
2026-01-16T18:39:24.282382,172.20.10.5,23,0
2026-01-16T18:39:24.282382,172.20.10.5,0,0
2026-01-16T18:39:24.282382,172.20.10.5,1,0
2026-01-16T18:39:24.282382,172.20.10.5,2,0
2026-01-16T18:39:24.282382,172.20.10.5,3,0
2026-01-16T18:39:24.282382,172.20.10.5,4,0
2026-01-16T18:39:24.282382,172.20.10.5,5,0
2026-01-16T18:39:24.282382,172.20.10.5,6,0
2026-01-16T18:39:24.282382,172.20.10.5,7,0
2026-01-16T18:39:24.282382,172.20.10.5,8,4.11995
2026-01-16T18:39:24.282382,172.20.10.5,9,0
2026-01-16T18:39:24.282382,172.20.10.5,10,0
2026-01-16T18:39:24.282382,172.20.10.5,11,0
2026-01-16T18:39:24.282382,172.20.10.5,12,0
2026-01-16T18:39:24.282382,172.20.10.5,13,0
2026-01-16T18:39:24.282382,172.20.10.5,14,0
2026-01-16T18:39:24.282382,172.20.10.5,15,0
2026-01-16T18:39:24.282382,172.20.10.5,16,0
2026-01-16T18:39:24.282382,172.20.10.5,17,0
2026-01-16T18:39:24.282382,172.20.10.5,18,0
2026-01-16T18:39:24.282382,172.20.10.5,19,0
2026-01-16T18:39:24.282382,172.20.10.5,20,0
2026-01-16T18:39:24.282382,172.20.10.5,21,0
2026-01-16T18:39:24.282382,172.20.10.5,22,0
2026-01-16T18:39:24.282382,172.20.10.5,23,0
2026-01-16T18:39:24.282382,172.20.10.5,0,0
2026-01-16T18:39:24.282382,172.20.10.5,1,0
2026-01-16T18:39:24.282382,172.20.10.5,2,0
2026-01-16T18:39:24.282382,172.20.10.5,3,0
2026-01-16T18:39:24.282382,172.20.10.5,4,0
2026-01-16T18:39:24.282382,172.20.10.5,5,0
2026-01-16T18:39:24.282382,172.20.10.5,6,0
2026-01-16T18:39:24.282382,172.20.10.5,7,0
2026-01-16T18:39:24.282382,172.20.10.5,8,0.127327
2026-01-16T18:39:24.282382,172.20.10.5,9,0
2026-01-16T18:39:24.282382,172.20.10.5,10,0
2026-01-16T18:39:24.282382,172.20.10.5,11,0
2026-01-16T18:39:24.282382,172.20.10.5,12,0
2026-01-16T18:39:24.282382,172.20.10.5,13,0
2026-01-16T18:39:24.282382,172.20.10.5,14,0
2026-01-16T18:39:24.282382,172.20.10.5,15,0
2026-01-16T18:39:24.282382,172.20.10.5,16,0
2026-01-16T18:39:24.282382,172.20.10.5,17,0
2026-01-16T18:39:24.282382,172.20.10.5,18,0
2026-01-16T18:39:24.282382,172.20.10.5,19,0
2026-01-16T18:39:24.282382,172.20.10.5,20,0
2026-01-16T18:39:24.282382,172.20.10.5,21,0
2026-01-16T18:39:24.282382,172.20.10.5,22,0
2026-01-16T18:39:24.282382,172.20.10.5,23,0
2026-01-16T18:39:24.282382,172.20.10.5,0,0
2026-01-16T18:39:24.282382,172.20.10.5,1,0
2026-01-16T18:39:24.282382,172.20.10.5,2,0
2026-01-16T18:39:24.282382,172.20.10.5,3,0
2026-01-16T18:39:24.282382,172.20.10.5,4,0
2026-01-16T18:39:24.282382,172.20.10.5,5,0
2026-01-16T18:39:24.282382,172.20.10.5,6,0
2026-01-16T18:39:24.282382,172.20.10.5,7,0
2026-01-16T18:39:24.282382,172.20.10.5,8,0.101696
2026-01-16T18:39:24.282382,172.20.10.5,9,0
2026-01-16T18:39:24.282382,172.20.10.5,10,0
2026-01-16T18:39:24.282382,172.20.10.5,11,0
2026-01-16T18:39:24.282382,172.20.10.5,12,0
2026-01-16T18:39:24.282382,172.20.10.5,13,0
2026-01-16T18:39:24.282382,172.20.10.5,14,0
2026-01-16T18:39:24.282382,172.20.10.5,15,0
2026-01-16T18:39:24.282382,172.20.10.5,16,0
2026-01-16T18:39:24.282382,172.20.10.5,17,0
2026-01-16T18:39:24.282382,172.20.10.5,18,0
2026-01-16T18:39:24.282382,172.20.10.5,19,0
2026-01-16T18:39:24.282382,172.20.10.5,20,0
2026-01-16T18:39:24.282382,172.20.10.5,21,0
2026-01-16T18:39:24.282382,172.20.10.5,22,0
2026-01-16T18:39:24.282382,172.20.10.5,23,0
2026-01-16T18:39:24.282382,172.20.10.5,0,0
2026-01-16T18:39:24.282382,172.20.10.5,1,0
2026-01-16T18:39:24.282382,172.20.10.5,2,0
2026-01-16T18:39:24.282382,172.20.10.5,3,0
2026-01-16T18:39:24.282382,172.20.10.5,4,0
2026-01-16T18:39:24.282382,172.20.10.5,5,0
2026-01-16T18:39:24.282382,172.20.10.5,6,0
2026-01-16T18:39:24.282382,172.20.10.5,7,0
2026-01-16T18:39:24.282382,172.20.10.5,8,3.40744
2026-01-16T18:39:24.282382,172.20.10.5,9,0
2026-01-16T18:39:24.282382,172.20.10.5,10,0
2026-01-16T18:39:24.282382,172.20.10.5,11,0
2026-01-16T18:39:24.282382,172.20.10.5,12,0
2026-01-16T18:39:24.282382,172.20.10.5,13,0
2026-01-16T18:39:24.282382,172.20.10.5,14,0
2026-01-16T18:39:24.282382,172.20.10.5,15,0
2026-01-16T18:39:24.282382,172.20.10.5,16,0
2026-01-16T18:39:24.282382,172.20.10.5,17,0
2026-01-16T18:39:24.282382,172.20.10.5,18,0
2026-01-16T18:39:24.282382,172.20.10.5,19,0
2026-01-16T18:39:24.282382,172.20.10.5,20,0
2026-01-16T18:39:24.282382,172.20.10.5,21,0
2026-01-16T18:39:24.282382,172.20.10.5,22,0
2026-01-16T18:39:24.282382,172.20.10.5,23,0
2026-01-16T18:39:24.282382,172.20.10.5,0,0
2026-01-16T18:39:24.282382,172.20.10.5,1,0
2026-01-16T18:39:24.282382,172.20.10.5,2,0
2026-01-16T18:39:24.282382,172.20.10.5,3,0
2026-01-16T18:39:24.282382,172.20.10.5,4,0
2026-01-16T18:39:24.282382,172.20.10.5,5,0
2026-01-16T18:39:24.282382,172.20.10.5,6,0
2026-01-16T18:39:24.282382,172.20.10.5,7,0
2026-01-16T18:39:24.282382,172.20.10.5,8,0.964303
2026-01-16T18:39:24.282382,172.20.10.5,9,0
2026-01-16T18:39:24.282382,172.20.10.5,10,0
2026-01-16T18:39:24.282382,172.20.10.5,11,0
2026-01-16T18:39:24.282382,172.20.10.5,12,0
2026-01-16T18:39:24.282382,172.20.10.5,13,0
2026-01-16T18:39:24.282382,172.20.10.5,14,0
2026-01-16T18:39:24.282382,172.20.10.5,15,0
2026-01-16T18:39:24.282382,172.20.10.5,16,0
2026-01-16T18:39:24.282382,172.20.10.5,17,0
2026-01-16T18:39:24.282382,172.20.10.5,18,0
2026-01-16T18:39:24.282382,172.20.10.5,19,0
2026-01-16T18:39:24.282382,172.20.10.5,20,0
2026-01-16T18:39:24.282382,172.20.10.5,21,0
2026-01-16T18:39:24.282382,172.20.10.5,22,0
2026-01-16T18:39:24.282382,172.20.10.5,23,0
2026-01-16T18:39:24.282382,172.20.10.5,0,0
2026-01-16T18:39:24.282382,172.20.10.5,1,0
2026-01-16T18:39:24.282382,172.20.10.5,2,0
2026-01-16T18:39:24.282382,172.20.10.5,3,0
2026-01-16T18:39:24.282382,172.20.10.5,4,0
2026-01-16T18:39:24.282382,172.20.10.5,5,0
2026-01-16T18:39:24.282382,172.20.10.5,6,0
2026-01-16T18:39:24.282382,172.20.10.5,7,0
2026-01-16T18:39:24.282382,172.20.10.5,8,0.0635823
2026-01-16T18:39:24.282382,172.20.10.5,9,0
2026-01-16T18:39:24.282382,172.20.10.5,10,0
2026-01-16T18:39:24.282382,172.20.10.5,11,0
2026-01-16T18:39:24.282382,172.20.10.5,12,0
2026-01-16T18:39:24.282382,172.20.10.5,13,0
2026-01-16T18:39:24.282382,172.20.10.5,14,0
2026-01-16T18:39:24.282382,172.20.10.5,15,0
2026-01-16T18:39:24.282382,172.20.10.5,16,0
2026-01-16T18:39:24.282382,172.20.10.5,17,0
2026-01-16T18:39:24.282382,172.20.10.5,18,0
2026-01-16T18:39:24.282382,172.20.10.5,19,0
2026-01-16T18:39:24.282382,172.20.10.5,20,0
2026-01-16T18:39:24.282382,172.20.10.5,21,0
2026-01-16T18:39:24.282382,172.20.10.5,22,0
2026-01-16T18:39:24.282382,172.20.10.5,23,0
2026-01-16T18:39:24.282382,172.20.10.5,0,0
2026-01-16T18:39:24.282382,172.20.10.5,1,0
2026-01-16T18:39:24.282382,172.20.10.5,2,0
2026-01-16T18:39:24.282382,172.20.10.5,3,0
2026-01-16T18:39:24.282382,172.20.10.5,4,0
2026-01-16T18:39:24.282382,172.20.10.5,5,0
2026-01-16T18:39:24.282382,172.20.10.5,6,0
2026-01-16T18:39:24.282382,172.20.10.5,7,0
2026-01-16T18:39:24.282382,172.20.10.5,8,7.95901
2026-01-16T18:39:24.282382,172.20.10.5,9,0
2026-01-16T18:39:24.282382,172.20.10.5,10,0
2026-01-16T18:39:24.282382,172.20.10.5,11,0
2026-01-16T18:39:24.282382,172.20.10.5,12,0
2026-01-16T18:39:24.282382,172.20.10.5,13,0
2026-01-16T18:39:24.282382,172.20.10.5,14,0
2026-01-16T18:39:24.282382,172.20.10.5,15,0
2026-01-16T18:39:24.282382,172.20.10.5,16,0
2026-01-16T18:39:24.282382,172.20.10.5,17,0
2026-01-16T18:39:24.282382,172.20.10.5,18,0
2026-01-16T18:39:24.282382,172.20.10.5,19,0
2026-01-16T18:39:24.282382,172.20.10.5,20,0
2026-01-16T18:39:24.282382,172.20.10.5,21,0
2026-01-16T18:39:24.282382,172.20.10.5,22,0
2026-01-16T18:39:24.282382,172.20.10.5,23,0
2026-01-16T18:39:24.282382,172.20.10.5,0,0
2026-01-16T18:39:24.282382,172.20.10.5,1,0
2026-01-16T18:39:24.282382,172.20.10.5,2,0
2026-01-16T18:39:24.282382,172.20.10.5,3,0
2026-01-16T18:39:24.282382,172.20.10.5,4,0
2026-01-16T18:39:24.282382,172.20.10.5,5,0
2026-01-16T18:39:24.282382,172.20.10.5,6,0
2026-01-16T18:39:24.282382,172.20.10.5,7,0
2026-01-16T18:39:24.282382,172.20.10.5,8,0.186876
2026-01-16T18:39:24.282382,172.20.10.5,9,0
2026-01-16T18:39:24.282382,172.20.10.5,10,0
2026-01-16T18:39:24.282382,172.20.10.5,11,0
2026-01-16T18:39:24.282382,172.20.10.5,12,0
2026-01-16T18:39:24.282382,172.20.10.5,13,0
2026-01-16T18:39:24.282382,172.20.10.5,14,0
2026-01-16T18:39:24.282382,172.20.10.5,15,0
2026-01-16T18:39:24.282382,172.20.10.5,16,0
2026-01-16T18:39:24.282382,172.20.10.5,17,0
2026-01-16T18:39:24.282382,172.20.10.5,18,0
2026-01-16T18:39:24.282382,172.20.10.5,19,0
2026-01-16T18:39:24.282382,172.20.10.5,20,0
2026-01-16T18:39:24.282382,172.20.10.5,21,0
2026-01-16T18:39:24.282382,172.20.10.5,22,0
2026-01-16T18:39:24.282382,172.20.10.5,23,0
2026-01-16T18:39:24.282382,172.20.10.5,0,0
2026-01-16T18:39:24.282382,172.20.10.5,1,0
2026-01-16T18:39:24.282382,172.20.10.5,2,0
2026-01-16T18:39:24.282382,172.20.10.5,3,0
2026-01-16T18:39:24.282382,172.20.10.5,4,0
2026-01-16T18:39:24.282382,172.20.10.5,5,0
2026-01-16T18:39:24.282382,172.20.10.5,6,0
2026-01-16T18:39:24.282382,172.20.10.5,7,0
2026-01-16T18:39:24.282382,172.20.10.5,8,0.291931
2026-01-16T18:39:24.282382,172.20.10.5,9,0
2026-01-16T18:39:24.282382,172.20.10.5,10,0
2026-01-16T18:39:24.282382,172.20.10.5,11,0
2026-01-16T18:39:24.282382,172.20.10.5,12,0
2026-01-16T18:39:24.282382,172.20.10.5,13,0
2026-01-16T18:39:24.282382,172.20.10.5,14,0
2026-01-16T18:39:24.282382,172.20.10.5,15,0
2026-01-16T18:39:24.282382,172.20.10.5,16,0
2026-01-16T18:39:24.282382,172.20.10.5,17,0
2026-01-16T18:39:24.282382,172.20.10.5,18,0
2026-01-16T18:39:24.282382,172.20.10.5,19,0
2026-01-16T18:39:24.282382,172.20.10.5,20,0
2026-01-16T18:39:24.282382,172.20.10.5,21,0
2026-01-16T18:39:24.282382,172.20.10.5,22,0
2026-01-16T18:39:24.282382,172.20.10.5,23,0
2026-01-16T18:39:24.282382,172.20.10.5,0,0
2026-01-16T18:39:24.282382,172.20.10.5,1,0
2026-01-16T18:39:24.282382,172.20.10.5,2,0
2026-01-16T18:39:24.282382,172.20.10.5,3,0
2026-01-16T18:39:24.282382,172.20.10.5,4,0
2026-01-16T18:39:24.282382,172.20.10.5,5,0
2026-01-16T18:39:24.282382,172.20.10.5,6,0
2026-01-16T18:39:24.282382,172.20.10.5,7,0
2026-01-16T18:39:24.282382,172.20.10.5,8,7.77673
2026-01-16T18:39:24.282382,172.20.10.5,9,0
2026-01-16T18:39:24.282382,172.20.10.5,10,0
2026-01-16T18:39:24.282382,172.20.10.5,11,0
2026-01-16T18:39:24.282382,172.20.10.5,12,0
2026-01-16T18:39:24.282382,172.20.10.5,13,0
2026-01-16T18:39:24.282382,172.20.10.5,14,0
2026-01-16T18:39:24.282382,172.20.10.5,15,0
2026-01-16T18:39:24.282382,172.20.10.5,16,0
2026-01-16T18:39:24.282382,172.20.10.5,17,0
2026-01-16T18:39:24.282382,172.20.10.5,18,0
2026-01-16T18:39:24.282382,172.20.10.5,19,0
2026-01-16T18:39:24.282382,172.20.10.5,20,0
2026-01-16T18:39:24.282382,172.20.10.5,21,0
2026-01-16T18:39:24.282382,172.20.10.5,22,0
2026-01-16T18:39:24.282382,172.20.10.5,23,0
2026-01-16T18:39:24.282382,172.20.10.5,0,0
2026-01-16T18:39:24.282382,172.20.10.5,1,0
2026-01-16T18:39:24.282382,172.20.10.5,2,0
2026-01-16T18:39:24.282382,172.20.10.5,3,0
2026-01-16T18:39:24.282382,172.20.10.5,4,0
2026-01-16T18:39:24.282382,172.20.10.5,5,0
2026-01-16T18:39:24.282382,172.20.10.5,6,0
2026-01-16T18:39:24.282382,172.20.10.5,7,0
2026-01-16T18:39:24.282382,172.20.10.5,8,0.200954
2026-01-16T18:39:24.282382,172.20.10.5,9,0
2026-01-16T18:39:24.282382,172.20.10.5,10,0
2026-01-16T18:39:24.282382,172.20.10.5,11,0
2026-01-16T18:39:24.282382,172.20.10.5,12,0
2026-01-16T18:39:24.282382,172.20.10.5,13,0
2026-01-16T18:39:24.282382,172.20.10.5,14,0
2026-01-16T18:39:24.282382,172.20.10.5,15,0
2026-01-16T18:39:24.282382,172.20.10.5,16,0
2026-01-16T18:39:24.282382,172.20.10.5,17,0
2026-01-16T18:39:24.282382,172.20.10.5,18,0
2026-01-16T18:39:24.282382,172.20.10.5,19,0
2026-01-16T18:39:24.282382,172.20.10.5,20,0
2026-01-16T18:39:24.282382,172.20.10.5,21,0
2026-01-16T18:39:24.282382,172.20.10.5,22,0
2026-01-16T18:39:24.282382,172.20.10.5,23,0
2026-01-16T18:39:24.282382,172.20.10.5,0,0
2026-01-16T18:39:24.282382,172.20.10.5,1,0
2026-01-16T18:39:24.282382,172.20.10.5,2,0
2026-01-16T18:39:24.282382,172.20.10.5,3,0
2026-01-16T18:39:24.282382,172.20.10.5,4,0
2026-01-16T18:39:24.282382,172.20.10.5,5,0
2026-01-16T18:39:24.282382,172.20.10.5,6,0
2026-01-16T18:39:24.282382,172.20.10.5,7,0
2026-01-16T18:39:24.282382,172.20.10.5,8,0.0977141
2026-01-16T18:39:24.282382,172.20.10.5,9,0
2026-01-16T18:39:24.282382,172.20.10.5,10,0
2026-01-16T18:39:24.282382,172.20.10.5,11,0
2026-01-16T18:39:24.282382,172.20.10.5,12,0
2026-01-16T18:39:24.282382,172.20.10.5,13,0
2026-01-16T18:39:24.282382,172.20.10.5,14,0
2026-01-16T18:39:24.282382,172.20.10.5,15,0
2026-01-16T18:39:24.282382,172.20.10.5,16,0
2026-01-16T18:39:24.282382,172.20.10.5,17,0
2026-01-16T18:39:24.282382,172.20.10.5,18,0
2026-01-16T18:39:24.282382,172.20.10.5,19,0
2026-01-16T18:39:24.282382,172.20.10.5,20,0
2026-01-16T18:39:24.282382,172.20.10.5,21,0
2026-01-16T18:39:24.282382,172.20.10.5,22,0
2026-01-16T18:39:24.282382,172.20.10.5,23,0
2026-01-16T18:39:24.282382,172.20.10.5,0,0
2026-01-16T18:39:24.282382,172.20.10.5,1,0
2026-01-16T18:39:24.282382,172.20.10.5,2,0
2026-01-16T18:39:24.282382,172.20.10.5,3,0
2026-01-16T18:39:24.282382,172.20.10.5,4,0
2026-01-16T18:39:24.282382,172.20.10.5,5,0
2026-01-16T18:39:24.282382,172.20.10.5,6,0
2026-01-16T18:39:24.282382,172.20.10.5,7,0
2026-01-16T18:39:24.282382,172.20.10.5,8,0.0557983
2026-01-16T18:39:24.282382,172.20.10.5,9,0
2026-01-16T18:39:24.282382,172.20.10.5,10,0
2026-01-16T18:39:24.282382,172.20.10.5,11,0
2026-01-16T18:39:24.282382,172.20.10.5,12,0
2026-01-16T18:39:24.282382,172.20.10.5,13,0
2026-01-16T18:39:24.282382,172.20.10.5,14,0
2026-01-16T18:39:24.282382,172.20.10.5,15,0
2026-01-16T18:39:24.282382,172.20.10.5,16,0
2026-01-16T18:39:24.282382,172.20.10.5,17,0
2026-01-16T18:39:24.282382,172.20.10.5,18,0
2026-01-16T18:39:24.282382,172.20.10.5,19,0
2026-01-16T18:39:24.282382,172.20.10.5,20,0
2026-01-16T18:39:24.282382,172.20.10.5,21,0
2026-01-16T18:39:24.282382,172.20.10.5,22,0
2026-01-16T18:39:24.282382,172.20.10.5,23,0
2026-01-16T18:39:24.282382,172.20.10.5,0,0
2026-01-16T18:39:24.282382,172.20.10.5,1,0
2026-01-16T18:39:24.282382,172.20.10.5,2,0
2026-01-16T18:39:24.282382,172.20.10.5,3,0
2026-01-16T18:39:24.282382,172.20.10.5,4,0
2026-01-16T18:39:24.282382,172.20.10.5,5,0
2026-01-16T18:39:24.282382,172.20.10.5,6,0
2026-01-16T18:39:24.282382,172.20.10.5,7,0
2026-01-16T18:39:24.282382,172.20.10.5,8,0.251487
2026-01-16T18:39:24.282382,172.20.10.5,9,0
2026-01-16T18:39:24.282382,172.20.10.5,10,0
2026-01-16T18:39:24.282382,172.20.10.5,11,0
2026-01-16T18:39:24.282382,172.20.10.5,12,0
2026-01-16T18:39:24.282382,172.20.10.5,13,0
2026-01-16T18:39:24.282382,172.20.10.5,14,0
2026-01-16T18:39:24.282382,172.20.10.5,15,0
2026-01-16T18:39:24.282382,172.20.10.5,16,0
2026-01-16T18:39:24.282382,172.20.10.5,17,0
2026-01-16T18:39:24.282382,172.20.10.5,18,0
2026-01-16T18:39:24.282382,172.20.10.5,19,0
2026-01-16T18:39:24.282382,172.20.10.5,20,0
2026-01-16T18:39:24.282382,172.20.10.5,21,0
2026-01-16T18:39:24.282382,172.20.10.5,22,0
2026-01-16T18:39:24.282382,172.20.10.5,23,0
2026-01-16T18:39:24.282382,172.20.10.5,0,0
2026-01-16T18:39:24.282382,172.20.10.5,1,0
2026-01-16T18:39:24.282382,172.20.10.5,2,0
2026-01-16T18:39:24.282382,172.20.10.5,3,0
2026-01-16T18:39:24.282382,172.20.10.5,4,0
2026-01-16T18:39:24.282382,172.20.10.5,5,0
2026-01-16T18:39:24.282382,172.20.10.5,6,0
2026-01-16T18:39:24.282382,172.20.10.5,7,0
2026-01-16T18:39:24.282382,172.20.10.5,8,0.0978188
2026-01-16T18:39:24.282382,172.20.10.5,9,0
2026-01-16T18:39:24.282382,172.20.10.5,10,0
2026-01-16T18:39:24.282382,172.20.10.5,11,0
2026-01-16T18:39:24.282382,172.20.10.5,12,0
2026-01-16T18:39:24.282382,172.20.10.5,13,0
2026-01-16T18:39:24.282382,172.20.10.5,14,0
2026-01-16T18:39:24.282382,172.20.10.5,15,0
2026-01-16T18:39:24.282382,172.20.10.5,16,0
2026-01-16T18:39:24.282382,172.20.10.5,17,0
2026-01-16T18:39:24.282382,172.20.10.5,18,0
2026-01-16T18:39:24.282382,172.20.10.5,19,0
2026-01-16T18:39:24.282382,172.20.10.5,20,0
2026-01-16T18:39:24.282382,172.20.10.5,21,0
2026-01-16T18:39:24.282382,172.20.10.5,22,0
2026-01-16T18:39:24.282382,172.20.10.5,23,0
2026-01-16T18:39:24.282382,172.20.10.5,0,0
2026-01-16T18:39:24.282382,172.20.10.5,1,0
2026-01-16T18:39:24.282382,172.20.10.5,2,0
2026-01-16T18:39:24.282382,172.20.10.5,3,0
2026-01-16T18:39:24.282382,172.20.10.5,4,0
2026-01-16T18:39:24.282382,172.20.10.5,5,0
2026-01-16T18:39:24.282382,172.20.10.5,6,0
2026-01-16T18:39:24.282382,172.20.10.5,7,0
2026-01-16T18:39:24.282382,172.20.10.5,8,0.313117
2026-01-16T18:39:24.282382,172.20.10.5,9,0
2026-01-16T18:39:24.282382,172.20.10.5,10,0
2026-01-16T18:39:24.282382,172.20.10.5,11,0
2026-01-16T18:39:24.282382,172.20.10.5,12,0
2026-01-16T18:39:24.282382,172.20.10.5,13,0
2026-01-16T18:39:24.282382,172.20.10.5,14,0
2026-01-16T18:39:24.282382,172.20.10.5,15,0
2026-01-16T18:39:24.282382,172.20.10.5,16,0
2026-01-16T18:39:24.282382,172.20.10.5,17,0
2026-01-16T18:39:24.282382,172.20.10.5,18,0
2026-01-16T18:39:24.282382,172.20.10.5,19,0
2026-01-16T18:39:24.282382,172.20.10.5,20,0
2026-01-16T18:39:24.282382,172.20.10.5,21,0
2026-01-16T18:39:24.282382,172.20.10.5,22,0
2026-01-16T18:39:24.282382,172.20.10.5,23,0
2026-01-16T18:39:24.282382,172.20.10.5,0,0
2026-01-16T18:39:24.282382,172.20.10.5,1,0
2026-01-16T18:39:24.282382,172.20.10.5,2,0
2026-01-16T18:39:24.282382,172.20.10.5,3,0
2026-01-16T18:39:24.282382,172.20.10.5,4,0
2026-01-16T18:39:24.282382,172.20.10.5,5,0
2026-01-16T18:39:24.282382,172.20.10.5,6,0
2026-01-16T18:39:24.282382,172.20.10.5,7,0
2026-01-16T18:39:24.282382,172.20.10.5,8,0.144587
2026-01-16T18:39:24.282382,172.20.10.5,9,0
2026-01-16T18:39:24.282382,172.20.10.5,10,0
2026-01-16T18:39:24.282382,172.20.10.5,11,0
2026-01-16T18:39:24.282382,172.20.10.5,12,0
2026-01-16T18:39:24.282382,172.20.10.5,13,0
2026-01-16T18:39:24.282382,172.20.10.5,14,0
2026-01-16T18:39:24.282382,172.20.10.5,15,0
2026-01-16T18:39:24.282382,172.20.10.5,16,0
2026-01-16T18:39:24.282382,172.20.10.5,17,0
2026-01-16T18:39:24.282382,172.20.10.5,18,0
2026-01-16T18:39:24.282382,172.20.10.5,19,0
2026-01-16T18:39:24.282382,172.20.10.5,20,0
2026-01-16T18:39:24.282382,172.20.10.5,21,0
2026-01-16T18:39:24.282382,172.20.10.5,22,0
2026-01-16T18:39:24.282382,172.20.10.5,23,0
2026-01-16T18:39:24.282382,172.20.10.5,0,0
2026-01-16T18:39:24.282382,172.20.10.5,1,0
2026-01-16T18:39:24.282382,172.20.10.5,2,0
2026-01-16T18:39:24.282382,172.20.10.5,3,0
2026-01-16T18:39:24.282382,172.20.10.5,4,0
2026-01-16T18:39:24.282382,172.20.10.5,5,0
2026-01-16T18:39:24.282382,172.20.10.5,6,0
2026-01-16T18:39:24.282382,172.20.10.5,7,0
2026-01-16T18:39:24.282382,172.20.10.5,8,0.11909
2026-01-16T18:39:24.282382,172.20.10.5,9,0
2026-01-16T18:39:24.282382,172.20.10.5,10,0
2026-01-16T18:39:24.282382,172.20.10.5,11,0
2026-01-16T18:39:24.282382,172.20.10.5,12,0
2026-01-16T18:39:24.282382,172.20.10.5,13,0
2026-01-16T18:39:24.282382,172.20.10.5,14,0
2026-01-16T18:39:24.282382,172.20.10.5,15,0
2026-01-16T18:39:24.282382,172.20.10.5,16,0
2026-01-16T18:39:24.282382,172.20.10.5,17,0
2026-01-16T18:39:24.282382,172.20.10.5,18,0
2026-01-16T18:39:24.282382,172.20.10.5,19,0
2026-01-16T18:39:24.282382,172.20.10.5,20,0
2026-01-16T18:39:24.282382,172.20.10.5,21,0
2026-01-16T18:39:24.282382,172.20.10.5,22,0
2026-01-16T18:39:24.282382,172.20.10.5,23,0
2026-01-16T18:39:24.282382,172.20.10.5,0,0
2026-01-16T18:39:24.282382,172.20.10.5,1,0
2026-01-16T18:39:24.282382,172.20.10.5,2,0
2026-01-16T18:39:24.282382,172.20.10.5,3,0
2026-01-16T18:39:24.282382,172.20.10.5,4,0
2026-01-16T18:39:24.282382,172.20.10.5,5,0
2026-01-16T18:39:24.282382,172.20.10.5,6,0
2026-01-16T18:39:24.282382,172.20.10.5,7,0
2026-01-16T18:39:24.282382,172.20.10.5,8,7.82521
2026-01-16T18:39:24.282382,172.20.10.5,9,0
2026-01-16T18:39:24.282382,172.20.10.5,10,0
2026-01-16T18:39:24.282382,172.20.10.5,11,0
2026-01-16T18:39:24.282382,172.20.10.5,12,0
2026-01-16T18:39:24.282382,172.20.10.5,13,0
2026-01-16T18:39:24.282382,172.20.10.5,14,0
2026-01-16T18:39:24.282382,172.20.10.5,15,0
2026-01-16T18:39:24.282382,172.20.10.5,16,0
2026-01-16T18:39:24.282382,172.20.10.5,17,0
2026-01-16T18:39:24.282382,172.20.10.5,18,0
2026-01-16T18:39:24.282382,172.20.10.5,19,0
2026-01-16T18:39:24.282382,172.20.10.5,20,0
2026-01-16T18:39:24.282382,172.20.10.5,21,0
2026-01-16T18:39:24.282382,172.20.10.5,22,0
2026-01-16T18:39:24.282382,172.20.10.5,23,0
2026-01-16T18:39:24.282382,172.20.10.5,0,0
2026-01-16T18:39:24.282382,172.20.10.5,1,0
2026-01-16T18:39:24.282382,172.20.10.5,2,0
2026-01-16T18:39:24.282382,172.20.10.5,3,0
2026-01-16T18:39:24.282382,172.20.10.5,4,0
2026-01-16T18:39:24.282382,172.20.10.5,5,0
2026-01-16T18:39:24.282382,172.20.10.5,6,0
2026-01-16T18:39:24.282382,172.20.10.5,7,0
2026-01-16T18:39:24.282382,172.20.10.5,8,0.0913405
2026-01-16T18:39:24.282382,172.20.10.5,9,0
2026-01-16T18:39:24.282382,172.20.10.5,10,0
2026-01-16T18:39:24.282382,172.20.10.5,11,0
2026-01-16T18:39:24.282382,172.20.10.5,12,0
2026-01-16T18:39:24.282382,172.20.10.5,13,0
2026-01-16T18:39:24.282382,172.20.10.5,14,0
2026-01-16T18:39:24.282382,172.20.10.5,15,0
2026-01-16T18:39:24.282382,172.20.10.5,16,0
2026-01-16T18:39:24.282382,172.20.10.5,17,0
2026-01-16T18:39:24.282382,172.20.10.5,18,0
2026-01-16T18:39:24.282382,172.20.10.5,19,0
2026-01-16T18:39:24.282382,172.20.10.5,20,0
2026-01-16T18:39:24.282382,172.20.10.5,21,0
2026-01-16T18:39:24.282382,172.20.10.5,22,0
2026-01-16T18:39:24.282382,172.20.10.5,23,0
2026-01-16T18:39:24.282382,172.20.10.5,0,0
2026-01-16T18:39:24.282382,172.20.10.5,1,0
2026-01-16T18:39:24.282382,172.20.10.5,2,0
2026-01-16T18:39:24.282382,172.20.10.5,3,0
2026-01-16T18:39:24.282382,172.20.10.5,4,0
2026-01-16T18:39:24.282382,172.20.10.5,5,0
2026-01-16T18:39:24.282382,172.20.10.5,6,0
2026-01-16T18:39:24.282382,172.20.10.5,7,0
2026-01-16T18:39:24.282382,172.20.10.5,8,0.13646
2026-01-16T18:39:24.282382,172.20.10.5,9,0
2026-01-16T18:39:24.282382,172.20.10.5,10,0
2026-01-16T18:39:24.282382,172.20.10.5,11,0
2026-01-16T18:39:24.282382,172.20.10.5,12,0
2026-01-16T18:39:24.282382,172.20.10.5,13,0
2026-01-16T18:39:24.282382,172.20.10.5,14,0
2026-01-16T18:39:24.282382,172.20.10.5,15,0
2026-01-16T18:39:24.282382,172.20.10.5,16,0
2026-01-16T18:39:24.282382,172.20.10.5,17,0
2026-01-16T18:39:24.282382,172.20.10.5,18,0
2026-01-16T18:39:24.282382,172.20.10.5,19,0
2026-01-16T18:39:24.282382,172.20.10.5,20,0
2026-01-16T18:39:24.282382,172.20.10.5,21,0
2026-01-16T18:39:24.282382,172.20.10.5,22,0
2026-01-16T18:39:24.282382,172.20.10.5,23,0
2026-01-16T18:39:24.282382,172.20.10.5,0,0
2026-01-16T18:39:24.282382,172.20.10.5,1,0
2026-01-16T18:39:24.282382,172.20.10.5,2,0
2026-01-16T18:39:24.282382,172.20.10.5,3,0
2026-01-16T18:39:24.282382,172.20.10.5,4,0
2026-01-16T18:39:24.282382,172.20.10.5,5,0
2026-01-16T18:39:24.282382,172.20.10.5,6,0
2026-01-16T18:39:24.282382,172.20.10.5,7,0
2026-01-16T18:39:24.282382,172.20.10.5,8,1.47035
2026-01-16T18:39:24.282382,172.20.10.5,9,0
2026-01-16T18:39:24.282382,172.20.10.5,10,0
2026-01-16T18:39:24.282382,172.20.10.5,11,0
2026-01-16T18:39:24.282382,172.20.10.5,12,0
2026-01-16T18:39:24.282382,172.20.10.5,13,0
2026-01-16T18:39:24.282382,172.20.10.5,14,0
2026-01-16T18:39:24.282382,172.20.10.5,15,0
2026-01-16T18:39:24.282382,172.20.10.5,16,0
2026-01-16T18:39:24.282382,172.20.10.5,17,0
2026-01-16T18:39:24.282382,172.20.10.5,18,0
2026-01-16T18:39:24.282382,172.20.10.5,19,0
2026-01-16T18:39:24.282382,172.20.10.5,20,0
2026-01-16T18:39:24.282382,172.20.10.5,21,0
2026-01-16T18:39:24.282382,172.20.10.5,22,0
2026-01-16T18:39:24.282382,172.20.10.5,23,0
2026-01-16T18:39:24.282382,172.20.10.5,0,0
2026-01-16T18:39:24.282382,172.20.10.5,1,0
2026-01-16T18:39:24.282382,172.20.10.5,2,0
2026-01-16T18:39:24.282382,172.20.10.5,3,0
2026-01-16T18:39:24.282382,172.20.10.5,4,0
2026-01-16T18:39:24.282382,172.20.10.5,5,0
2026-01-16T18:39:24.282382,172.20.10.5,6,0
2026-01-16T18:39:24.282382,172.20.10.5,7,0
2026-01-16T18:39:24.282382,172.20.10.5,8,0.0624534
2026-01-16T18:39:24.282382,172.20.10.5,9,0
2026-01-16T18:39:24.282382,172.20.10.5,10,0
2026-01-16T18:39:24.282382,172.20.10.5,11,0
2026-01-16T18:39:24.282382,172.20.10.5,12,0
2026-01-16T18:39:24.282382,172.20.10.5,13,0
2026-01-16T18:39:24.282382,172.20.10.5,14,0
2026-01-16T18:39:24.282382,172.20.10.5,15,0
2026-01-16T18:39:24.282382,172.20.10.5,16,0
2026-01-16T18:39:24.282382,172.20.10.5,17,0
2026-01-16T18:39:24.282382,172.20.10.5,18,0
2026-01-16T18:39:24.282382,172.20.10.5,19,0
2026-01-16T18:39:24.282382,172.20.10.5,20,0
2026-01-16T18:39:24.282382,172.20.10.5,21,0
2026-01-16T18:39:24.282382,172.20.10.5,22,0
2026-01-16T18:39:24.282382,172.20.10.5,23,0
2026-01-16T18:39:24.282382,172.20.10.5,0,0
2026-01-16T18:39:24.282382,172.20.10.5,1,0
2026-01-16T18:39:24.282382,172.20.10.5,2,0
2026-01-16T18:39:24.282382,172.20.10.5,3,0
2026-01-16T18:39:24.282382,172.20.10.5,4,0
2026-01-16T18:39:24.282382,172.20.10.5,5,0
2026-01-16T18:39:24.282382,172.20.10.5,6,0
2026-01-16T18:39:24.282382,172.20.10.5,7,0
2026-01-16T18:39:24.282382,172.20.10.5,8,2.08113
2026-01-16T18:39:24.282382,172.20.10.5,9,0
2026-01-16T18:39:24.282382,172.20.10.5,10,0
2026-01-16T18:39:24.282382,172.20.10.5,11,0
2026-01-16T18:39:24.282382,172.20.10.5,12,0
2026-01-16T18:39:24.282382,172.20.10.5,13,0
2026-01-16T18:39:24.282382,172.20.10.5,14,0
2026-01-16T18:39:24.282382,172.20.10.5,15,0
2026-01-16T18:39:24.282382,172.20.10.5,16,0
2026-01-16T18:39:24.282382,172.20.10.5,17,0
2026-01-16T18:39:24.282382,172.20.10.5,18,0
2026-01-16T18:39:24.282382,172.20.10.5,19,0
2026-01-16T18:39:24.282382,172.20.10.5,20,0
2026-01-16T18:39:24.282382,172.20.10.5,21,0
2026-01-16T18:39:24.282382,172.20.10.5,22,0
2026-01-16T18:39:24.282382,172.20.10.5,23,0
2026-01-16T18:39:24.282382,172.20.10.5,0,0
2026-01-16T18:39:24.282382,172.20.10.5,1,0
2026-01-16T18:39:24.282382,172.20.10.5,2,0
2026-01-16T18:39:24.282382,172.20.10.5,3,0
2026-01-16T18:39:24.282382,172.20.10.5,4,0
2026-01-16T18:39:24.282382,172.20.10.5,5,0
2026-01-16T18:39:24.282382,172.20.10.5,6,0
2026-01-16T18:39:24.282382,172.20.10.5,7,0
2026-01-16T18:39:24.282382,172.20.10.5,8,0.258649
2026-01-16T18:39:24.282382,172.20.10.5,9,0
2026-01-16T18:39:24.282382,172.20.10.5,10,0
2026-01-16T18:39:24.282382,172.20.10.5,11,0
2026-01-16T18:39:24.282382,172.20.10.5,12,0
2026-01-16T18:39:24.282382,172.20.10.5,13,0
2026-01-16T18:39:24.282382,172.20.10.5,14,0
2026-01-16T18:39:24.282382,172.20.10.5,15,0
2026-01-16T18:39:24.282382,172.20.10.5,16,0
2026-01-16T18:39:24.282382,172.20.10.5,17,0
2026-01-16T18:39:24.282382,172.20.10.5,18,0
2026-01-16T18:39:24.282382,172.20.10.5,19,0
2026-01-16T18:39:24.282382,172.20.10.5,20,0
2026-01-16T18:39:24.282382,172.20.10.5,21,0
2026-01-16T18:39:24.282382,172.20.10.5,22,0
2026-01-16T18:39:24.282382,172.20.10.5,23,0
2026-01-16T18:39:24.282382,172.20.10.5,0,0
2026-01-16T18:39:24.282382,172.20.10.5,1,0
2026-01-16T18:39:24.282382,172.20.10.5,2,0
2026-01-16T18:39:24.282382,172.20.10.5,3,0
2026-01-16T18:39:24.282382,172.20.10.5,4,0
2026-01-16T18:39:24.282382,172.20.10.5,5,0
2026-01-16T18:39:24.282382,172.20.10.5,6,0
2026-01-16T18:39:24.282382,172.20.10.5,7,0
2026-01-16T18:39:24.282382,172.20.10.5,8,0.049715
2026-01-16T18:39:24.282382,172.20.10.5,9,0
2026-01-16T18:39:24.282382,172.20.10.5,10,0
2026-01-16T18:39:24.282382,172.20.10.5,11,0
2026-01-16T18:39:24.282382,172.20.10.5,12,0
2026-01-16T18:39:24.282382,172.20.10.5,13,0
2026-01-16T18:39:24.282382,172.20.10.5,14,0
2026-01-16T18:39:24.282382,172.20.10.5,15,0
2026-01-16T18:39:24.282382,172.20.10.5,16,0
2026-01-16T18:39:24.282382,172.20.10.5,17,0
2026-01-16T18:39:24.282382,172.20.10.5,18,0
2026-01-16T18:39:24.282382,172.20.10.5,19,0
2026-01-16T18:39:24.282382,172.20.10.5,20,0
2026-01-16T18:39:24.282382,172.20.10.5,21,0
2026-01-16T18:39:24.282382,172.20.10.5,22,0
2026-01-16T18:39:24.282382,172.20.10.5,23,0
2026-01-16T18:39:24.282382,172.20.10.5,0,0
2026-01-16T18:39:24.282382,172.20.10.5,1,0
2026-01-16T18:39:24.282382,172.20.10.5,2,0
2026-01-16T18:39:24.282382,172.20.10.5,3,0
2026-01-16T18:39:24.282382,172.20.10.5,4,0
2026-01-16T18:39:24.282382,172.20.10.5,5,0
2026-01-16T18:39:24.282382,172.20.10.5,6,0
2026-01-16T18:39:24.282382,172.20.10.5,7,0
2026-01-16T18:39:24.282382,172.20.10.5,8,0.182941
2026-01-16T18:39:24.282382,172.20.10.5,9,0
2026-01-16T18:39:24.282382,172.20.10.5,10,0
2026-01-16T18:39:24.282382,172.20.10.5,11,0
2026-01-16T18:39:24.282382,172.20.10.5,12,0
2026-01-16T18:39:24.282382,172.20.10.5,13,0
2026-01-16T18:39:24.282382,172.20.10.5,14,0
2026-01-16T18:39:24.282382,172.20.10.5,15,0
2026-01-16T18:39:24.282382,172.20.10.5,16,0
2026-01-16T18:39:24.282382,172.20.10.5,17,0
2026-01-16T18:39:24.282382,172.20.10.5,18,0
2026-01-16T18:39:24.282382,172.20.10.5,19,0
2026-01-16T18:39:24.282382,172.20.10.5,20,0
2026-01-16T18:39:24.282382,172.20.10.5,21,0
2026-01-16T18:39:24.282382,172.20.10.5,22,0
2026-01-16T18:39:24.282382,172.20.10.5,23,0
2026-01-16T18:39:24.282382,172.20.10.5,0,0
2026-01-16T18:39:24.282382,172.20.10.5,1,0
2026-01-16T18:39:24.282382,172.20.10.5,2,0
2026-01-16T18:39:24.282382,172.20.10.5,3,0
2026-01-16T18:39:24.282382,172.20.10.5,4,0
2026-01-16T18:39:24.282382,172.20.10.5,5,0
2026-01-16T18:39:24.282382,172.20.10.5,6,0
2026-01-16T18:39:24.282382,172.20.10.5,7,0
2026-01-16T18:39:24.282382,172.20.10.5,8,0.798162
2026-01-16T18:39:24.282382,172.20.10.5,9,0
2026-01-16T18:39:24.282382,172.20.10.5,10,0
2026-01-16T18:39:24.282382,172.20.10.5,11,0
2026-01-16T18:39:24.282382,172.20.10.5,12,0
2026-01-16T18:39:24.282382,172.20.10.5,13,0
2026-01-16T18:39:24.282382,172.20.10.5,14,0
2026-01-16T18:39:24.282382,172.20.10.5,15,0
2026-01-16T18:39:24.282382,172.20.10.5,16,0
2026-01-16T18:39:24.282382,172.20.10.5,17,0
2026-01-16T18:39:24.282382,172.20.10.5,18,0
2026-01-16T18:39:24.282382,172.20.10.5,19,0
2026-01-16T18:39:24.282382,172.20.10.5,20,0
2026-01-16T18:39:24.282382,172.20.10.5,21,0
2026-01-16T18:39:24.282382,172.20.10.5,22,0
2026-01-16T18:39:24.282382,172.20.10.5,23,0
2026-01-16T18:39:24.282382,172.20.10.5,0,0
2026-01-16T18:39:24.282382,172.20.10.5,1,0
2026-01-16T18:39:24.282382,172.20.10.5,2,0
2026-01-16T18:39:24.282382,172.20.10.5,3,0
2026-01-16T18:39:24.282382,172.20.10.5,4,0
2026-01-16T18:39:24.282382,172.20.10.5,5,0
2026-01-16T18:39:24.282382,172.20.10.5,6,0
2026-01-16T18:39:24.282382,172.20.10.5,7,0
2026-01-16T18:39:24.282382,172.20.10.5,8,0.268483
2026-01-16T18:39:24.282382,172.20.10.5,9,0
2026-01-16T18:39:24.282382,172.20.10.5,10,0
2026-01-16T18:39:24.282382,172.20.10.5,11,0
2026-01-16T18:39:24.282382,172.20.10.5,12,0
2026-01-16T18:39:24.282382,172.20.10.5,13,0
2026-01-16T18:39:24.282382,172.20.10.5,14,0
2026-01-16T18:39:24.282382,172.20.10.5,15,0
2026-01-16T18:39:24.282382,172.20.10.5,16,0
2026-01-16T18:39:24.282382,172.20.10.5,17,0
2026-01-16T18:39:24.282382,172.20.10.5,18,0
2026-01-16T18:39:24.282382,172.20.10.5,19,0
2026-01-16T18:39:24.282382,172.20.10.5,20,0
2026-01-16T18:39:24.282382,172.20.10.5,21,0
2026-01-16T18:39:24.282382,172.20.10.5,22,0
2026-01-16T18:39:24.282382,172.20.10.5,23,0
2026-01-16T18:39:24.282382,172.20.10.5,0,0
2026-01-16T18:39:24.282382,172.20.10.5,1,0
2026-01-16T18:39:24.282382,172.20.10.5,2,0
2026-01-16T18:39:24.282382,172.20.10.5,3,0
2026-01-16T18:39:24.282382,172.20.10.5,4,0
2026-01-16T18:39:24.282382,172.20.10.5,5,0
2026-01-16T18:39:24.282382,172.20.10.5,6,0
2026-01-16T18:39:24.282382,172.20.10.5,7,0
2026-01-16T18:39:24.282382,172.20.10.5,8,2.11342
2026-01-16T18:39:24.282382,172.20.10.5,9,0
2026-01-16T18:39:24.282382,172.20.10.5,10,0
2026-01-16T18:39:24.282382,172.20.10.5,11,0
2026-01-16T18:39:24.282382,172.20.10.5,12,0
2026-01-16T18:39:24.282382,172.20.10.5,13,0
2026-01-16T18:39:24.282382,172.20.10.5,14,0
2026-01-16T18:39:24.282382,172.20.10.5,15,0
2026-01-16T18:39:24.282382,172.20.10.5,16,0
2026-01-16T18:39:24.282382,172.20.10.5,17,0
2026-01-16T18:39:24.282382,172.20.10.5,18,0
2026-01-16T18:39:24.282382,172.20.10.5,19,0
2026-01-16T18:39:24.282382,172.20.10.5,20,0
2026-01-16T18:39:24.282382,172.20.10.5,21,0
2026-01-16T18:39:24.282382,172.20.10.5,22,0
2026-01-16T18:39:24.282382,172.20.10.5,23,0
2026-01-16T18:39:24.282382,172.20.10.5,0,0
2026-01-16T18:39:24.282382,172.20.10.5,1,0
2026-01-16T18:39:24.282382,172.20.10.5,2,0
2026-01-16T18:39:24.282382,172.20.10.5,3,0
2026-01-16T18:39:24.282382,172.20.10.5,4,0
2026-01-16T18:39:24.282382,172.20.10.5,5,0
2026-01-16T18:39:24.282382,172.20.10.5,6,0
2026-01-16T18:39:24.282382,172.20.10.5,7,0
2026-01-16T18:39:24.282382,172.20.10.5,8,0.327119
2026-01-16T18:39:24.282382,172.20.10.5,9,0
2026-01-16T18:39:24.282382,172.20.10.5,10,0
2026-01-16T18:39:24.282382,172.20.10.5,11,0
2026-01-16T18:39:24.282382,172.20.10.5,12,0
2026-01-16T18:39:24.282382,172.20.10.5,13,0
2026-01-16T18:39:24.282382,172.20.10.5,14,0
2026-01-16T18:39:24.282382,172.20.10.5,15,0
2026-01-16T18:39:24.282382,172.20.10.5,16,0
2026-01-16T18:39:24.282382,172.20.10.5,17,0
2026-01-16T18:39:24.282382,172.20.10.5,18,0
2026-01-16T18:39:24.282382,172.20.10.5,19,0
2026-01-16T18:39:24.282382,172.20.10.5,20,0
2026-01-16T18:39:24.282382,172.20.10.5,21,0
2026-01-16T18:39:24.282382,172.20.10.5,22,0
2026-01-16T18:39:24.282382,172.20.10.5,23,0
2026-01-16T18:39:24.282382,172.20.10.5,0,0
2026-01-16T18:39:24.282382,172.20.10.5,1,0
2026-01-16T18:39:24.282382,172.20.10.5,2,0
2026-01-16T18:39:24.282382,172.20.10.5,3,0
2026-01-16T18:39:24.282382,172.20.10.5,4,0
2026-01-16T18:39:24.282382,172.20.10.5,5,0
2026-01-16T18:39:24.282382,172.20.10.5,6,0
2026-01-16T18:39:24.282382,172.20.10.5,7,0
2026-01-16T18:39:24.282382,172.20.10.5,8,0.0880411
2026-01-16T18:39:24.282382,172.20.10.5,9,0
2026-01-16T18:39:24.282382,172.20.10.5,10,0
2026-01-16T18:39:24.282382,172.20.10.5,11,0
2026-01-16T18:39:24.282382,172.20.10.5,12,0
2026-01-16T18:39:24.282382,172.20.10.5,13,0
2026-01-16T18:39:24.282382,172.20.10.5,14,0
2026-01-16T18:39:24.282382,172.20.10.5,15,0
2026-01-16T18:39:24.282382,172.20.10.5,16,0
2026-01-16T18:39:24.282382,172.20.10.5,17,0
2026-01-16T18:39:24.282382,172.20.10.5,18,0
2026-01-16T18:39:24.282382,172.20.10.5,19,0
2026-01-16T18:39:24.282382,172.20.10.5,20,0
2026-01-16T18:39:24.282382,172.20.10.5,21,0
2026-01-16T18:39:24.282382,172.20.10.5,22,0
2026-01-16T18:39:24.282382,172.20.10.5,23,0
2026-01-16T18:39:24.282382,172.20.10.5,0,0
2026-01-16T18:39:24.282382,172.20.10.5,1,0
2026-01-16T18:39:24.282382,172.20.10.5,2,0
2026-01-16T18:39:24.282382,172.20.10.5,3,0
2026-01-16T18:39:24.282382,172.20.10.5,4,0
2026-01-16T18:39:24.282382,172.20.10.5,5,0
2026-01-16T18:39:24.282382,172.20.10.5,6,0
2026-01-16T18:39:24.282382,172.20.10.5,7,0
2026-01-16T18:39:24.282382,172.20.10.5,8,0.427873
2026-01-16T18:39:24.282382,172.20.10.5,9,0
2026-01-16T18:39:24.282382,172.20.10.5,10,0
2026-01-16T18:39:24.282382,172.20.10.5,11,0
2026-01-16T18:39:24.282382,172.20.10.5,12,0
2026-01-16T18:39:24.282382,172.20.10.5,13,0
2026-01-16T18:39:24.282382,172.20.10.5,14,0
2026-01-16T18:39:24.282382,172.20.10.5,15,0
2026-01-16T18:39:24.282382,172.20.10.5,16,0
2026-01-16T18:39:24.282382,172.20.10.5,17,0
2026-01-16T18:39:24.282382,172.20.10.5,18,0
2026-01-16T18:39:24.282382,172.20.10.5,19,0
2026-01-16T18:39:24.282382,172.20.10.5,20,0
2026-01-16T18:39:24.282382,172.20.10.5,21,0
2026-01-16T18:39:24.282382,172.20.10.5,22,0
2026-01-16T18:39:24.282382,172.20.10.5,23,0
2026-01-16T18:39:24.282382,172.20.10.5,0,0
2026-01-16T18:39:24.282382,172.20.10.5,1,0
2026-01-16T18:39:24.282382,172.20.10.5,2,0
2026-01-16T18:39:24.282382,172.20.10.5,3,0
2026-01-16T18:39:24.282382,172.20.10.5,4,0
2026-01-16T18:39:24.282382,172.20.10.5,5,0
2026-01-16T18:39:24.282382,172.20.10.5,6,0
2026-01-16T18:39:24.282382,172.20.10.5,7,0
2026-01-16T18:39:24.282382,172.20.10.5,8,0.0736952
2026-01-16T18:39:24.282382,172.20.10.5,9,0
2026-01-16T18:39:24.282382,172.20.10.5,10,0
2026-01-16T18:39:24.282382,172.20.10.5,11,0
2026-01-16T18:39:24.282382,172.20.10.5,12,0
2026-01-16T18:39:24.282382,172.20.10.5,13,0
2026-01-16T18:39:24.282382,172.20.10.5,14,0
2026-01-16T18:39:24.282382,172.20.10.5,15,0
2026-01-16T18:39:24.282382,172.20.10.5,16,0
2026-01-16T18:39:24.282382,172.20.10.5,17,0
2026-01-16T18:39:24.282382,172.20.10.5,18,0
2026-01-16T18:39:24.282382,172.20.10.5,19,0
2026-01-16T18:39:24.282382,172.20.10.5,20,0
2026-01-16T18:39:24.282382,172.20.10.5,21,0
2026-01-16T18:39:24.282382,172.20.10.5,22,0
2026-01-16T18:39:24.282382,172.20.10.5,23,0
2026-01-16T18:39:24.282382,172.20.10.5,0,0
2026-01-16T18:39:24.282382,172.20.10.5,1,0
2026-01-16T18:39:24.282382,172.20.10.5,2,0
2026-01-16T18:39:24.282382,172.20.10.5,3,0
2026-01-16T18:39:24.282382,172.20.10.5,4,0
2026-01-16T18:39:24.282382,172.20.10.5,5,0
2026-01-16T18:39:24.282382,172.20.10.5,6,0
2026-01-16T18:39:24.282382,172.20.10.5,7,0
2026-01-16T18:39:24.282382,172.20.10.5,8,0.205122
2026-01-16T18:39:24.282382,172.20.10.5,9,0
2026-01-16T18:39:24.282382,172.20.10.5,10,0
2026-01-16T18:39:24.282382,172.20.10.5,11,0
2026-01-16T18:39:24.282382,172.20.10.5,12,0
2026-01-16T18:39:24.282382,172.20.10.5,13,0
2026-01-16T18:39:24.282382,172.20.10.5,14,0
2026-01-16T18:39:24.282382,172.20.10.5,15,0
2026-01-16T18:39:24.282382,172.20.10.5,16,0
2026-01-16T18:39:24.282382,172.20.10.5,17,0
2026-01-16T18:39:24.282382,172.20.10.5,18,0
2026-01-16T18:39:24.282382,172.20.10.5,19,0
2026-01-16T18:39:24.282382,172.20.10.5,20,0
2026-01-16T18:39:24.282382,172.20.10.5,21,0
2026-01-16T18:39:24.282382,172.20.10.5,22,0
2026-01-16T18:39:24.282382,172.20.10.5,23,0
2026-01-16T18:39:24.282382,172.20.10.5,0,0
2026-01-16T18:39:24.282382,172.20.10.5,1,0
2026-01-16T18:39:24.282382,172.20.10.5,2,0
2026-01-16T18:39:24.282382,172.20.10.5,3,0
2026-01-16T18:39:24.282382,172.20.10.5,4,0
2026-01-16T18:39:24.282382,172.20.10.5,5,0
2026-01-16T18:39:24.282382,172.20.10.5,6,0
2026-01-16T18:39:24.282382,172.20.10.5,7,0
2026-01-16T18:39:24.282382,172.20.10.5,8,0.151022
2026-01-16T18:39:24.282382,172.20.10.5,9,0
2026-01-16T18:39:24.282382,172.20.10.5,10,0
2026-01-16T18:39:24.282382,172.20.10.5,11,0
2026-01-16T18:39:24.282382,172.20.10.5,12,0
2026-01-16T18:39:24.282382,172.20.10.5,13,0
2026-01-16T18:39:24.282382,172.20.10.5,14,0
2026-01-16T18:39:24.282382,172.20.10.5,15,0
2026-01-16T18:39:24.282382,172.20.10.5,16,0
2026-01-16T18:39:24.282382,172.20.10.5,17,0
2026-01-16T18:39:24.282382,172.20.10.5,18,0
2026-01-16T18:39:24.282382,172.20.10.5,19,0
2026-01-16T18:39:24.282382,172.20.10.5,20,0
2026-01-16T18:39:24.282382,172.20.10.5,21,0
2026-01-16T18:39:24.282382,172.20.10.5,22,0
2026-01-16T18:39:24.282382,172.20.10.5,23,0
2026-01-16T18:39:24.282382,172.20.10.5,0,0
2026-01-16T18:39:24.282382,172.20.10.5,1,0
2026-01-16T18:39:24.282382,172.20.10.5,2,0
2026-01-16T18:39:24.282382,172.20.10.5,3,0
2026-01-16T18:39:24.282382,172.20.10.5,4,0
2026-01-16T18:39:24.282382,172.20.10.5,5,0
2026-01-16T18:39:24.282382,172.20.10.5,6,0
2026-01-16T18:39:24.282382,172.20.10.5,7,0
2026-01-16T18:39:24.282382,172.20.10.5,8,0.0819317
2026-01-16T18:39:24.282382,172.20.10.5,9,0
2026-01-16T18:39:24.282382,172.20.10.5,10,0
2026-01-16T18:39:24.282382,172.20.10.5,11,0
2026-01-16T18:39:24.282382,172.20.10.5,12,0
2026-01-16T18:39:24.282382,172.20.10.5,13,0
2026-01-16T18:39:24.282382,172.20.10.5,14,0
2026-01-16T18:39:24.282382,172.20.10.5,15,0
2026-01-16T18:39:24.282382,172.20.10.5,16,0
2026-01-16T18:39:24.282382,172.20.10.5,17,0
2026-01-16T18:39:24.282382,172.20.10.5,18,0
2026-01-16T18:39:24.282382,172.20.10.5,19,0
2026-01-16T18:39:24.282382,172.20.10.5,20,0
2026-01-16T18:39:24.282382,172.20.10.5,21,0
2026-01-16T18:39:24.282382,172.20.10.5,22,0
2026-01-16T18:39:24.282382,172.20.10.5,23,0
2026-01-16T18:39:24.282382,172.20.10.5,0,0
2026-01-16T18:39:24.282382,172.20.10.5,1,0
2026-01-16T18:39:24.282382,172.20.10.5,2,0
2026-01-16T18:39:24.282382,172.20.10.5,3,0
2026-01-16T18:39:24.282382,172.20.10.5,4,0
2026-01-16T18:39:24.282382,172.20.10.5,5,0
2026-01-16T18:39:24.282382,172.20.10.5,6,0
2026-01-16T18:39:24.282382,172.20.10.5,7,0
2026-01-16T18:39:24.282382,172.20.10.5,8,0.0655381
2026-01-16T18:39:24.282382,172.20.10.5,9,0
2026-01-16T18:39:24.282382,172.20.10.5,10,0
2026-01-16T18:39:24.282382,172.20.10.5,11,0
2026-01-16T18:39:24.282382,172.20.10.5,12,0
2026-01-16T18:39:24.282382,172.20.10.5,13,0
2026-01-16T18:39:24.282382,172.20.10.5,14,0
2026-01-16T18:39:24.282382,172.20.10.5,15,0
2026-01-16T18:39:24.282382,172.20.10.5,16,0
2026-01-16T18:39:24.282382,172.20.10.5,17,0
2026-01-16T18:39:24.282382,172.20.10.5,18,0
2026-01-16T18:39:24.282382,172.20.10.5,19,0
2026-01-16T18:39:24.282382,172.20.10.5,20,0
2026-01-16T18:39:24.282382,172.20.10.5,21,0
2026-01-16T18:39:24.282382,172.20.10.5,22,0
2026-01-16T18:39:24.282382,172.20.10.5,23,0
2026-01-16T18:39:24.282382,172.20.10.5,0,0
2026-01-16T18:39:24.282382,172.20.10.5,1,0
2026-01-16T18:39:24.282382,172.20.10.5,2,0
2026-01-16T18:39:24.282382,172.20.10.5,3,0
2026-01-16T18:39:24.282382,172.20.10.5,4,0
2026-01-16T18:39:24.282382,172.20.10.5,5,0
2026-01-16T18:39:24.282382,172.20.10.5,6,0
2026-01-16T18:39:24.282382,172.20.10.5,7,0
2026-01-16T18:39:24.282382,172.20.10.5,8,0.10835
2026-01-16T18:39:24.282382,172.20.10.5,9,0
2026-01-16T18:39:24.282382,172.20.10.5,10,0
2026-01-16T18:39:24.282382,172.20.10.5,11,0
2026-01-16T18:39:24.282382,172.20.10.5,12,0
2026-01-16T18:39:24.282382,172.20.10.5,13,0
2026-01-16T18:39:24.282382,172.20.10.5,14,0
2026-01-16T18:39:24.282382,172.20.10.5,15,0
2026-01-16T18:39:24.282382,172.20.10.5,16,0
2026-01-16T18:39:24.282382,172.20.10.5,17,0
2026-01-16T18:39:24.282382,172.20.10.5,18,0
2026-01-16T18:39:24.282382,172.20.10.5,19,0
2026-01-16T18:39:24.282382,172.20.10.5,20,0
2026-01-16T18:39:24.282382,172.20.10.5,21,0
2026-01-16T18:39:24.282382,172.20.10.5,22,0
2026-01-16T18:39:24.282382,172.20.10.5,23,0
2026-01-16T18:39:24.282382,172.20.10.5,0,0
2026-01-16T18:39:24.282382,172.20.10.5,1,0
2026-01-16T18:39:24.282382,172.20.10.5,2,0
2026-01-16T18:39:24.282382,172.20.10.5,3,0
2026-01-16T18:39:24.282382,172.20.10.5,4,0
2026-01-16T18:39:24.282382,172.20.10.5,5,0
2026-01-16T18:39:24.282382,172.20.10.5,6,0
2026-01-16T18:39:24.282382,172.20.10.5,7,0
2026-01-16T18:39:24.282382,172.20.10.5,8,0.168364
2026-01-16T18:39:24.282382,172.20.10.5,9,0
2026-01-16T18:39:24.282382,172.20.10.5,10,0
2026-01-16T18:39:24.282382,172.20.10.5,11,0
2026-01-16T18:39:24.282382,172.20.10.5,12,0
2026-01-16T18:39:24.282382,172.20.10.5,13,0
2026-01-16T18:39:24.282382,172.20.10.5,14,0
2026-01-16T18:39:24.282382,172.20.10.5,15,0
2026-01-16T18:39:24.282382,172.20.10.5,16,0
2026-01-16T18:39:24.282382,172.20.10.5,17,0
2026-01-16T18:39:24.282382,172.20.10.5,18,0
2026-01-16T18:39:24.282382,172.20.10.5,19,0
2026-01-16T18:39:24.282382,172.20.10.5,20,0
2026-01-16T18:39:24.282382,172.20.10.5,21,0
2026-01-16T18:39:24.282382,172.20.10.5,22,0
2026-01-16T18:39:24.282382,172.20.10.5,23,0
2026-01-16T18:39:24.282382,172.20.10.5,0,0
2026-01-16T18:39:24.282382,172.20.10.5,1,0
2026-01-16T18:39:24.282382,172.20.10.5,2,0
2026-01-16T18:39:24.282382,172.20.10.5,3,0
2026-01-16T18:39:24.282382,172.20.10.5,4,0
2026-01-16T18:39:24.282382,172.20.10.5,5,0
2026-01-16T18:39:24.282382,172.20.10.5,6,0
2026-01-16T18:39:24.282382,172.20.10.5,7,0
2026-01-16T18:39:24.282382,172.20.10.5,8,0.126205
2026-01-16T18:39:24.282382,172.20.10.5,9,0
2026-01-16T18:39:24.282382,172.20.10.5,10,0
2026-01-16T18:39:24.282382,172.20.10.5,11,0
2026-01-16T18:39:24.282382,172.20.10.5,12,0
2026-01-16T18:39:24.282382,172.20.10.5,13,0
2026-01-16T18:39:24.282382,172.20.10.5,14,0
2026-01-16T18:39:24.282382,172.20.10.5,15,0
2026-01-16T18:39:24.282382,172.20.10.5,16,0
2026-01-16T18:39:24.282382,172.20.10.5,17,0
2026-01-16T18:39:24.282382,172.20.10.5,18,0
2026-01-16T18:39:24.282382,172.20.10.5,19,0
2026-01-16T18:39:24.282382,172.20.10.5,20,0
2026-01-16T18:39:24.282382,172.20.10.5,21,0
2026-01-16T18:39:24.282382,172.20.10.5,22,0
2026-01-16T18:39:24.282382,172.20.10.5,23,0
2026-01-16T18:39:24.282382,172.20.10.5,0,0
2026-01-16T18:39:24.282382,172.20.10.5,1,0
2026-01-16T18:39:24.282382,172.20.10.5,2,0
2026-01-16T18:39:24.282382,172.20.10.5,3,0
2026-01-16T18:39:24.282382,172.20.10.5,4,0
2026-01-16T18:39:24.282382,172.20.10.5,5,0
2026-01-16T18:39:24.282382,172.20.10.5,6,0
2026-01-16T18:39:24.282382,172.20.10.5,7,0
2026-01-16T18:39:24.282382,172.20.10.5,8,0.535568
2026-01-16T18:39:24.282382,172.20.10.5,9,0
2026-01-16T18:39:24.282382,172.20.10.5,10,0
2026-01-16T18:39:24.282382,172.20.10.5,11,0
2026-01-16T18:39:24.282382,172.20.10.5,12,0
2026-01-16T18:39:24.282382,172.20.10.5,13,0
2026-01-16T18:39:24.282382,172.20.10.5,14,0
2026-01-16T18:39:24.282382,172.20.10.5,15,0
2026-01-16T18:39:24.282382,172.20.10.5,16,0
2026-01-16T18:39:24.282382,172.20.10.5,17,0
2026-01-16T18:39:24.282382,172.20.10.5,18,0
2026-01-16T18:39:24.282382,172.20.10.5,19,0
2026-01-16T18:39:24.282382,172.20.10.5,20,0
2026-01-16T18:39:24.282382,172.20.10.5,21,0
2026-01-16T18:39:24.282382,172.20.10.5,22,0
2026-01-16T18:39:24.282382,172.20.10.5,23,0
2026-01-16T18:39:24.282382,172.20.10.5,0,0
2026-01-16T18:39:24.282382,172.20.10.5,1,0
2026-01-16T18:39:24.282382,172.20.10.5,2,0
2026-01-16T18:39:24.282382,172.20.10.5,3,0
2026-01-16T18:39:24.282382,172.20.10.5,4,0
2026-01-16T18:39:24.282382,172.20.10.5,5,0
2026-01-16T18:39:24.282382,172.20.10.5,6,0
2026-01-16T18:39:24.282382,172.20.10.5,7,0
2026-01-16T18:39:24.282382,172.20.10.5,8,10.9494
2026-01-16T18:39:24.282382,172.20.10.5,9,0
2026-01-16T18:39:24.282382,172.20.10.5,10,0
2026-01-16T18:39:24.282382,172.20.10.5,11,0
2026-01-16T18:39:24.282382,172.20.10.5,12,0
2026-01-16T18:39:24.282382,172.20.10.5,13,0
2026-01-16T18:39:24.282382,172.20.10.5,14,0
2026-01-16T18:39:24.282382,172.20.10.5,15,0
2026-01-16T18:39:24.282382,172.20.10.5,16,0
2026-01-16T18:39:24.282382,172.20.10.5,17,0
2026-01-16T18:39:24.282382,172.20.10.5,18,0
2026-01-16T18:39:24.282382,172.20.10.5,19,0
2026-01-16T18:39:24.282382,172.20.10.5,20,0
2026-01-16T18:39:24.282382,172.20.10.5,21,0
2026-01-16T18:39:24.282382,172.20.10.5,22,0
2026-01-16T18:39:24.282382,172.20.10.5,23,0
2026-01-16T18:39:24.282382,172.20.10.5,0,0
2026-01-16T18:39:24.282382,172.20.10.5,1,0
2026-01-16T18:39:24.282382,172.20.10.5,2,0
2026-01-16T18:39:24.282382,172.20.10.5,3,0
2026-01-16T18:39:24.282382,172.20.10.5,4,0
2026-01-16T18:39:24.282382,172.20.10.5,5,0
2026-01-16T18:39:24.282382,172.20.10.5,6,0
2026-01-16T18:39:24.282382,172.20.10.5,7,0
2026-01-16T18:39:24.282382,172.20.10.5,8,5.97992
2026-01-16T18:39:24.282382,172.20.10.5,9,0
2026-01-16T18:39:24.282382,172.20.10.5,10,0
2026-01-16T18:39:24.282382,172.20.10.5,11,0
2026-01-16T18:39:24.282382,172.20.10.5,12,0
2026-01-16T18:39:24.282382,172.20.10.5,13,0
2026-01-16T18:39:24.282382,172.20.10.5,14,0
2026-01-16T18:39:24.282382,172.20.10.5,15,0
2026-01-16T18:39:24.282382,172.20.10.5,16,0
2026-01-16T18:39:24.282382,172.20.10.5,17,0
2026-01-16T18:39:24.282382,172.20.10.5,18,0
2026-01-16T18:39:24.282382,172.20.10.5,19,0
2026-01-16T18:39:24.282382,172.20.10.5,20,0
2026-01-16T18:39:24.282382,172.20.10.5,21,0
2026-01-16T18:39:24.282382,172.20.10.5,22,0
2026-01-16T18:39:24.282382,172.20.10.5,23,0
2026-01-16T18:39:24.282382,172.20.10.5,0,0
2026-01-16T18:39:24.282382,172.20.10.5,1,0
2026-01-16T18:39:24.282382,172.20.10.5,2,0
2026-01-16T18:39:24.282382,172.20.10.5,3,0
2026-01-16T18:39:24.282382,172.20.10.5,4,0
2026-01-16T18:39:24.282382,172.20.10.5,5,0
2026-01-16T18:39:24.282382,172.20.10.5,6,0
2026-01-16T18:39:24.282382,172.20.10.5,7,0
2026-01-16T18:39:24.282382,172.20.10.5,8,0.550887
2026-01-16T18:39:24.282382,172.20.10.5,9,0
2026-01-16T18:39:24.282382,172.20.10.5,10,0
2026-01-16T18:39:24.282382,172.20.10.5,11,0
2026-01-16T18:39:24.282382,172.20.10.5,12,0
2026-01-16T18:39:24.282382,172.20.10.5,13,0
2026-01-16T18:39:24.282382,172.20.10.5,14,0
2026-01-16T18:39:24.282382,172.20.10.5,15,0
2026-01-16T18:39:24.282382,172.20.10.5,16,0
2026-01-16T18:39:24.282382,172.20.10.5,17,0
2026-01-16T18:39:24.282382,172.20.10.5,18,0
2026-01-16T18:39:24.282382,172.20.10.5,19,0
2026-01-16T18:39:24.282382,172.20.10.5,20,0
2026-01-16T18:39:24.282382,172.20.10.5,21,0
2026-01-16T18:39:24.282382,172.20.10.5,22,0
2026-01-16T18:39:24.282382,172.20.10.5,23,0
2026-01-16T18:39:24.282382,172.20.10.5,0,0
2026-01-16T18:39:24.282382,172.20.10.5,1,0
2026-01-16T18:39:24.282382,172.20.10.5,2,0
2026-01-16T18:39:24.282382,172.20.10.5,3,0
2026-01-16T18:39:24.282382,172.20.10.5,4,0
2026-01-16T18:39:24.282382,172.20.10.5,5,0
2026-01-16T18:39:24.282382,172.20.10.5,6,0
2026-01-16T18:39:24.282382,172.20.10.5,7,0
2026-01-16T18:39:24.282382,172.20.10.5,8,0.47763
2026-01-16T18:39:24.282382,172.20.10.5,9,0
2026-01-16T18:39:24.282382,172.20.10.5,10,0
2026-01-16T18:39:24.282382,172.20.10.5,11,0
2026-01-16T18:39:24.282382,172.20.10.5,12,0
2026-01-16T18:39:24.282382,172.20.10.5,13,0
2026-01-16T18:39:24.282382,172.20.10.5,14,0
2026-01-16T18:39:24.282382,172.20.10.5,15,0
2026-01-16T18:39:24.282382,172.20.10.5,16,0
2026-01-16T18:39:24.282382,172.20.10.5,17,0
2026-01-16T18:39:24.282382,172.20.10.5,18,0
2026-01-16T18:39:24.282382,172.20.10.5,19,0
2026-01-16T18:39:24.282382,172.20.10.5,20,0
2026-01-16T18:39:24.282382,172.20.10.5,21,0
2026-01-16T18:39:24.282382,172.20.10.5,22,0
2026-01-16T18:39:24.282382,172.20.10.5,23,0
2026-01-16T18:39:24.282382,172.20.10.5,0,0
2026-01-16T18:39:24.282382,172.20.10.5,1,0
2026-01-16T18:39:24.282382,172.20.10.5,2,0
2026-01-16T18:39:24.282382,172.20.10.5,3,0
2026-01-16T18:39:24.282382,172.20.10.5,4,0
2026-01-16T18:39:24.282382,172.20.10.5,5,0
2026-01-16T18:39:24.282382,172.20.10.5,6,0
2026-01-16T18:39:24.282382,172.20.10.5,7,0
2026-01-16T18:39:24.282382,172.20.10.5,8,0.240796
2026-01-16T18:39:24.282382,172.20.10.5,9,0
2026-01-16T18:39:24.282382,172.20.10.5,10,0
2026-01-16T18:39:24.282382,172.20.10.5,11,0
2026-01-16T18:39:24.282382,172.20.10.5,12,0
2026-01-16T18:39:24.282382,172.20.10.5,13,0
2026-01-16T18:39:24.282382,172.20.10.5,14,0
2026-01-16T18:39:24.282382,172.20.10.5,15,0
2026-01-16T18:39:24.282382,172.20.10.5,16,0
2026-01-16T18:39:24.282382,172.20.10.5,17,0
2026-01-16T18:39:24.282382,172.20.10.5,18,0
2026-01-16T18:39:24.282382,172.20.10.5,19,0
2026-01-16T18:39:24.282382,172.20.10.5,20,0
2026-01-16T18:39:24.282382,172.20.10.5,21,0
2026-01-16T18:39:24.282382,172.20.10.5,22,0
2026-01-16T18:39:24.282382,172.20.10.5,23,0
2026-01-16T18:39:24.282382,172.20.10.5,0,0
2026-01-16T18:39:24.282382,172.20.10.5,1,0
2026-01-16T18:39:24.282382,172.20.10.5,2,0
2026-01-16T18:39:24.282382,172.20.10.5,3,0
2026-01-16T18:39:24.282382,172.20.10.5,4,0
2026-01-16T18:39:24.282382,172.20.10.5,5,0
2026-01-16T18:39:24.282382,172.20.10.5,6,0
2026-01-16T18:39:24.282382,172.20.10.5,7,0
2026-01-16T18:39:24.282382,172.20.10.5,8,0.169217
2026-01-16T18:39:24.282382,172.20.10.5,9,0
2026-01-16T18:39:24.282382,172.20.10.5,10,0
2026-01-16T18:39:24.282382,172.20.10.5,11,0
2026-01-16T18:39:24.282382,172.20.10.5,12,0
2026-01-16T18:39:24.282382,172.20.10.5,13,0
2026-01-16T18:39:24.282382,172.20.10.5,14,0
2026-01-16T18:39:24.282382,172.20.10.5,15,0
2026-01-16T18:39:24.282382,172.20.10.5,16,0
2026-01-16T18:39:24.282382,172.20.10.5,17,0
2026-01-16T18:39:24.282382,172.20.10.5,18,0
2026-01-16T18:39:24.282382,172.20.10.5,19,0
2026-01-16T18:39:24.282382,172.20.10.5,20,0
2026-01-16T18:39:24.282382,172.20.10.5,21,0
2026-01-16T18:39:24.282382,172.20.10.5,22,0
2026-01-16T18:39:24.282382,172.20.10.5,23,0
2026-01-16T18:39:24.282382,172.20.10.5,0,0
2026-01-16T18:39:24.282382,172.20.10.5,1,0
2026-01-16T18:39:24.282382,172.20.10.5,2,0
2026-01-16T18:39:24.282382,172.20.10.5,3,0
2026-01-16T18:39:24.282382,172.20.10.5,4,0
2026-01-16T18:39:24.282382,172.20.10.5,5,0
2026-01-16T18:39:24.282382,172.20.10.5,6,0
2026-01-16T18:39:24.282382,172.20.10.5,7,0
2026-01-16T18:39:24.282382,172.20.10.5,8,4.02469
2026-01-16T18:39:24.282382,172.20.10.5,9,0
2026-01-16T18:39:24.282382,172.20.10.5,10,0
2026-01-16T18:39:24.282382,172.20.10.5,11,0
2026-01-16T18:39:24.282382,172.20.10.5,12,0
2026-01-16T18:39:24.282382,172.20.10.5,13,0
2026-01-16T18:39:24.282382,172.20.10.5,14,0
2026-01-16T18:39:24.282382,172.20.10.5,15,0
2026-01-16T18:39:24.282382,172.20.10.5,16,0
2026-01-16T18:39:24.282382,172.20.10.5,17,0
2026-01-16T18:39:24.282382,172.20.10.5,18,0
2026-01-16T18:39:24.282382,172.20.10.5,19,0
2026-01-16T18:39:24.282382,172.20.10.5,20,0
2026-01-16T18:39:24.282382,172.20.10.5,21,0
2026-01-16T18:39:24.282382,172.20.10.5,22,0
2026-01-16T18:39:24.282382,172.20.10.5,23,0
2026-01-16T18:39:24.282382,172.20.10.5,0,0
2026-01-16T18:39:24.282382,172.20.10.5,1,0
2026-01-16T18:39:24.282382,172.20.10.5,2,0
2026-01-16T18:39:24.282382,172.20.10.5,3,0
2026-01-16T18:39:24.282382,172.20.10.5,4,0
2026-01-16T18:39:24.282382,172.20.10.5,5,0
2026-01-16T18:39:24.282382,172.20.10.5,6,0
2026-01-16T18:39:24.282382,172.20.10.5,7,0
2026-01-16T18:39:24.282382,172.20.10.5,8,0.157063
2026-01-16T18:39:24.282382,172.20.10.5,9,0
2026-01-16T18:39:24.282382,172.20.10.5,10,0
2026-01-16T18:39:24.282382,172.20.10.5,11,0
2026-01-16T18:39:24.282382,172.20.10.5,12,0
2026-01-16T18:39:24.282382,172.20.10.5,13,0
2026-01-16T18:39:24.282382,172.20.10.5,14,0
2026-01-16T18:39:24.282382,172.20.10.5,15,0
2026-01-16T18:39:24.282382,172.20.10.5,16,0
2026-01-16T18:39:24.282382,172.20.10.5,17,0
2026-01-16T18:39:24.282382,172.20.10.5,18,0
2026-01-16T18:39:24.282382,172.20.10.5,19,0
2026-01-16T18:39:24.282382,172.20.10.5,20,0
2026-01-16T18:39:24.282382,172.20.10.5,21,0
2026-01-16T18:39:24.282382,172.20.10.5,22,0
2026-01-16T18:39:24.282382,172.20.10.5,23,0
2026-01-16T18:39:24.282382,172.20.10.5,0,0
2026-01-16T18:39:24.282382,172.20.10.5,1,0
2026-01-16T18:39:24.282382,172.20.10.5,2,0
2026-01-16T18:39:24.282382,172.20.10.5,3,0
2026-01-16T18:39:24.282382,172.20.10.5,4,0
2026-01-16T18:39:24.282382,172.20.10.5,5,0
2026-01-16T18:39:24.282382,172.20.10.5,6,0
2026-01-16T18:39:24.282382,172.20.10.5,7,0
2026-01-16T18:39:24.282382,172.20.10.5,8,9.84022
2026-01-16T18:39:24.282382,172.20.10.5,9,0
2026-01-16T18:39:24.282382,172.20.10.5,10,0
2026-01-16T18:39:24.282382,172.20.10.5,11,0
2026-01-16T18:39:24.282382,172.20.10.5,12,0
2026-01-16T18:39:24.282382,172.20.10.5,13,0
2026-01-16T18:39:24.282382,172.20.10.5,14,0
2026-01-16T18:39:24.282382,172.20.10.5,15,0
2026-01-16T18:39:24.282382,172.20.10.5,16,0
2026-01-16T18:39:24.282382,172.20.10.5,17,0
2026-01-16T18:39:24.282382,172.20.10.5,18,0
2026-01-16T18:39:24.282382,172.20.10.5,19,0
2026-01-16T18:39:24.282382,172.20.10.5,20,0
2026-01-16T18:39:24.282382,172.20.10.5,21,0
2026-01-16T18:39:24.282382,172.20.10.5,22,0
2026-01-16T18:39:24.282382,172.20.10.5,23,0
2026-01-16T18:39:24.282382,172.20.10.5,0,0
2026-01-16T18:39:24.282382,172.20.10.5,1,0
2026-01-16T18:39:24.282382,172.20.10.5,2,0
2026-01-16T18:39:24.282382,172.20.10.5,3,0
2026-01-16T18:39:24.282382,172.20.10.5,4,0
2026-01-16T18:39:24.282382,172.20.10.5,5,0
2026-01-16T18:39:24.282382,172.20.10.5,6,0
2026-01-16T18:39:24.282382,172.20.10.5,7,0
2026-01-16T18:39:24.282382,172.20.10.5,8,0.0670338
2026-01-16T18:39:24.282382,172.20.10.5,9,0
2026-01-16T18:39:24.282382,172.20.10.5,10,0
2026-01-16T18:39:24.282382,172.20.10.5,11,0
2026-01-16T18:39:24.282382,172.20.10.5,12,0
2026-01-16T18:39:24.282382,172.20.10.5,13,0
2026-01-16T18:39:24.282382,172.20.10.5,14,0
2026-01-16T18:39:24.282382,172.20.10.5,15,0
2026-01-16T18:39:24.282382,172.20.10.5,16,0
2026-01-16T18:39:24.282382,172.20.10.5,17,0
2026-01-16T18:39:24.282382,172.20.10.5,18,0
2026-01-16T18:39:24.282382,172.20.10.5,19,0
2026-01-16T18:39:24.282382,172.20.10.5,20,0
2026-01-16T18:39:24.282382,172.20.10.5,21,0
2026-01-16T18:39:24.282382,172.20.10.5,22,0
2026-01-16T18:39:24.282382,172.20.10.5,23,0
2026-01-16T18:39:24.282382,172.20.10.5,0,0
2026-01-16T18:39:24.282382,172.20.10.5,1,0
2026-01-16T18:39:24.282382,172.20.10.5,2,0
2026-01-16T18:39:24.282382,172.20.10.5,3,0
2026-01-16T18:39:24.282382,172.20.10.5,4,0
2026-01-16T18:39:24.282382,172.20.10.5,5,0
2026-01-16T18:39:24.282382,172.20.10.5,6,0
2026-01-16T18:39:24.282382,172.20.10.5,7,0
2026-01-16T18:39:24.282382,172.20.10.5,8,0.421691
2026-01-16T18:39:24.282382,172.20.10.5,9,0
2026-01-16T18:39:24.282382,172.20.10.5,10,0
2026-01-16T18:39:24.282382,172.20.10.5,11,0
2026-01-16T18:39:24.282382,172.20.10.5,12,0
2026-01-16T18:39:24.282382,172.20.10.5,13,0
2026-01-16T18:39:24.282382,172.20.10.5,14,0
2026-01-16T18:39:24.282382,172.20.10.5,15,0
2026-01-16T18:39:24.282382,172.20.10.5,16,0
2026-01-16T18:39:24.282382,172.20.10.5,17,0
2026-01-16T18:39:24.282382,172.20.10.5,18,0
2026-01-16T18:39:24.282382,172.20.10.5,19,0
2026-01-16T18:39:24.282382,172.20.10.5,20,0
2026-01-16T18:39:24.282382,172.20.10.5,21,0
2026-01-16T18:39:24.282382,172.20.10.5,22,0
2026-01-16T18:39:24.282382,172.20.10.5,23,0
2026-01-16T18:39:24.282382,172.20.10.5,0,0
2026-01-16T18:39:24.282382,172.20.10.5,1,0
2026-01-16T18:39:24.282382,172.20.10.5,2,0
2026-01-16T18:39:24.282382,172.20.10.5,3,0
2026-01-16T18:39:24.282382,172.20.10.5,4,0
2026-01-16T18:39:24.282382,172.20.10.5,5,0
2026-01-16T18:39:24.282382,172.20.10.5,6,0
2026-01-16T18:39:24.282382,172.20.10.5,7,0
2026-01-16T18:39:24.282382,172.20.10.5,8,6.6342
2026-01-16T18:39:24.282382,172.20.10.5,9,0
2026-01-16T18:39:24.282382,172.20.10.5,10,0
2026-01-16T18:39:24.282382,172.20.10.5,11,0
2026-01-16T18:39:24.282382,172.20.10.5,12,0
2026-01-16T18:39:24.282382,172.20.10.5,13,0
2026-01-16T18:39:24.282382,172.20.10.5,14,0
2026-01-16T18:39:24.282382,172.20.10.5,15,0
2026-01-16T18:39:24.282382,172.20.10.5,16,0
2026-01-16T18:39:24.282382,172.20.10.5,17,0
2026-01-16T18:39:24.282382,172.20.10.5,18,0
2026-01-16T18:39:24.282382,172.20.10.5,19,0
2026-01-16T18:39:24.282382,172.20.10.5,20,0
2026-01-16T18:39:24.282382,172.20.10.5,21,0
2026-01-16T18:39:24.282382,172.20.10.5,22,0
2026-01-16T18:39:24.282382,172.20.10.5,23,0
2026-01-16T18:39:24.282382,172.20.10.5,0,0
2026-01-16T18:39:24.282382,172.20.10.5,1,0
2026-01-16T18:39:24.282382,172.20.10.5,2,0
2026-01-16T18:39:24.282382,172.20.10.5,3,0
2026-01-16T18:39:24.282382,172.20.10.5,4,0
2026-01-16T18:39:24.282382,172.20.10.5,5,0
2026-01-16T18:39:24.282382,172.20.10.5,6,0
2026-01-16T18:39:24.282382,172.20.10.5,7,0
2026-01-16T18:39:24.282382,172.20.10.5,8,2.02937
2026-01-16T18:39:24.282382,172.20.10.5,9,0
2026-01-16T18:39:24.282382,172.20.10.5,10,0
2026-01-16T18:39:24.282382,172.20.10.5,11,0
2026-01-16T18:39:24.282382,172.20.10.5,12,0
2026-01-16T18:39:24.282382,172.20.10.5,13,0
2026-01-16T18:39:24.282382,172.20.10.5,14,0
2026-01-16T18:39:24.282382,172.20.10.5,15,0
2026-01-16T18:39:24.282382,172.20.10.5,16,0
2026-01-16T18:39:24.282382,172.20.10.5,17,0
2026-01-16T18:39:24.282382,172.20.10.5,18,0
2026-01-16T18:39:24.282382,172.20.10.5,19,0
2026-01-16T18:39:24.282382,172.20.10.5,20,0
2026-01-16T18:39:24.282382,172.20.10.5,21,0
2026-01-16T18:39:24.282382,172.20.10.5,22,0
2026-01-16T18:39:24.282382,172.20.10.5,23,0
2026-01-16T18:39:24.282382,172.20.10.5,0,0
2026-01-16T18:39:24.282382,172.20.10.5,1,0
2026-01-16T18:39:24.282382,172.20.10.5,2,0
2026-01-16T18:39:24.282382,172.20.10.5,3,0
2026-01-16T18:39:24.282382,172.20.10.5,4,0
2026-01-16T18:39:24.282382,172.20.10.5,5,0
2026-01-16T18:39:24.282382,172.20.10.5,6,0
2026-01-16T18:39:24.282382,172.20.10.5,7,0
2026-01-16T18:39:24.282382,172.20.10.5,8,0.108985
2026-01-16T18:39:24.282382,172.20.10.5,9,0
2026-01-16T18:39:24.282382,172.20.10.5,10,0
2026-01-16T18:39:24.282382,172.20.10.5,11,0
2026-01-16T18:39:24.282382,172.20.10.5,12,0
2026-01-16T18:39:24.282382,172.20.10.5,13,0
2026-01-16T18:39:24.282382,172.20.10.5,14,0
2026-01-16T18:39:24.282382,172.20.10.5,15,0
2026-01-16T18:39:24.282382,172.20.10.5,16,0
2026-01-16T18:39:24.282382,172.20.10.5,17,0
2026-01-16T18:39:24.282382,172.20.10.5,18,0
2026-01-16T18:39:24.282382,172.20.10.5,19,0
2026-01-16T18:39:24.282382,172.20.10.5,20,0
2026-01-16T18:39:24.282382,172.20.10.5,21,0
2026-01-16T18:39:24.282382,172.20.10.5,22,0
2026-01-16T18:39:24.282382,172.20.10.5,23,0
2026-01-16T18:39:24.282382,172.20.10.5,0,0
2026-01-16T18:39:24.282382,172.20.10.5,1,0
2026-01-16T18:39:24.282382,172.20.10.5,2,0
2026-01-16T18:39:24.282382,172.20.10.5,3,0
2026-01-16T18:39:24.282382,172.20.10.5,4,0
2026-01-16T18:39:24.282382,172.20.10.5,5,0
2026-01-16T18:39:24.282382,172.20.10.5,6,0
2026-01-16T18:39:24.282382,172.20.10.5,7,0
2026-01-16T18:39:24.282382,172.20.10.5,8,0.152113
2026-01-16T18:39:24.282382,172.20.10.5,9,0
2026-01-16T18:39:24.282382,172.20.10.5,10,0
2026-01-16T18:39:24.282382,172.20.10.5,11,0
2026-01-16T18:39:24.282382,172.20.10.5,12,0
2026-01-16T18:39:24.282382,172.20.10.5,13,0
2026-01-16T18:39:24.282382,172.20.10.5,14,0
2026-01-16T18:39:24.282382,172.20.10.5,15,0
2026-01-16T18:39:24.282382,172.20.10.5,16,0
2026-01-16T18:39:24.282382,172.20.10.5,17,0
2026-01-16T18:39:24.282382,172.20.10.5,18,0
2026-01-16T18:39:24.282382,172.20.10.5,19,0
2026-01-16T18:39:24.282382,172.20.10.5,20,0
2026-01-16T18:39:24.282382,172.20.10.5,21,0
2026-01-16T18:39:24.282382,172.20.10.5,22,0
2026-01-16T18:39:24.282382,172.20.10.5,23,0
2026-01-16T18:39:24.282382,172.20.10.5,0,0
2026-01-16T18:39:24.282382,172.20.10.5,1,0
2026-01-16T18:39:24.282382,172.20.10.5,2,0
2026-01-16T18:39:24.282382,172.20.10.5,3,0
2026-01-16T18:39:24.282382,172.20.10.5,4,0
2026-01-16T18:39:24.282382,172.20.10.5,5,0
2026-01-16T18:39:24.282382,172.20.10.5,6,0
2026-01-16T18:39:24.282382,172.20.10.5,7,0
2026-01-16T18:39:24.282382,172.20.10.5,8,0.181768
2026-01-16T18:39:24.282382,172.20.10.5,9,0
2026-01-16T18:39:24.282382,172.20.10.5,10,0
2026-01-16T18:39:24.282382,172.20.10.5,11,0
2026-01-16T18:39:24.282382,172.20.10.5,12,0
2026-01-16T18:39:24.282382,172.20.10.5,13,0
2026-01-16T18:39:24.282382,172.20.10.5,14,0
2026-01-16T18:39:24.282382,172.20.10.5,15,0
2026-01-16T18:39:24.282382,172.20.10.5,16,0
2026-01-16T18:39:24.282382,172.20.10.5,17,0
2026-01-16T18:39:24.282382,172.20.10.5,18,0
2026-01-16T18:39:24.282382,172.20.10.5,19,0
2026-01-16T18:39:24.282382,172.20.10.5,20,0
2026-01-16T18:39:24.282382,172.20.10.5,21,0
2026-01-16T18:39:24.282382,172.20.10.5,22,0
2026-01-16T18:39:24.282382,172.20.10.5,23,0
2026-01-16T18:39:24.282382,172.20.10.5,0,0
2026-01-16T18:39:24.282382,172.20.10.5,1,0
2026-01-16T18:39:24.282382,172.20.10.5,2,0
2026-01-16T18:39:24.282382,172.20.10.5,3,0
2026-01-16T18:39:24.282382,172.20.10.5,4,0
2026-01-16T18:39:24.282382,172.20.10.5,5,0
2026-01-16T18:39:24.282382,172.20.10.5,6,0
2026-01-16T18:39:24.282382,172.20.10.5,7,0
2026-01-16T18:39:24.282382,172.20.10.5,8,10.1046
2026-01-16T18:39:24.282382,172.20.10.5,9,0
2026-01-16T18:39:24.282382,172.20.10.5,10,0
2026-01-16T18:39:24.282382,172.20.10.5,11,0
2026-01-16T18:39:24.282382,172.20.10.5,12,0
2026-01-16T18:39:24.282382,172.20.10.5,13,0
2026-01-16T18:39:24.282382,172.20.10.5,14,0
2026-01-16T18:39:24.282382,172.20.10.5,15,0
2026-01-16T18:39:24.282382,172.20.10.5,16,0
2026-01-16T18:39:24.282382,172.20.10.5,17,0
2026-01-16T18:39:24.282382,172.20.10.5,18,0
2026-01-16T18:39:24.282382,172.20.10.5,19,0
2026-01-16T18:39:24.282382,172.20.10.5,20,0
2026-01-16T18:39:24.282382,172.20.10.5,21,0
2026-01-16T18:39:24.282382,172.20.10.5,22,0
2026-01-16T18:39:24.282382,172.20.10.5,23,0
2026-01-16T18:39:24.282382,172.20.10.5,0,0
2026-01-16T18:39:24.282382,172.20.10.5,1,0
2026-01-16T18:39:24.282382,172.20.10.5,2,0
2026-01-16T18:39:24.282382,172.20.10.5,3,0
2026-01-16T18:39:24.282382,172.20.10.5,4,0
2026-01-16T18:39:24.282382,172.20.10.5,5,0
2026-01-16T18:39:24.282382,172.20.10.5,6,0
2026-01-16T18:39:24.282382,172.20.10.5,7,0
2026-01-16T18:39:24.282382,172.20.10.5,8,0.311225
2026-01-16T18:39:24.282382,172.20.10.5,9,0
2026-01-16T18:39:24.282382,172.20.10.5,10,0
2026-01-16T18:39:24.282382,172.20.10.5,11,0
2026-01-16T18:39:24.282382,172.20.10.5,12,0
2026-01-16T18:39:24.282382,172.20.10.5,13,0
2026-01-16T18:39:24.282382,172.20.10.5,14,0
2026-01-16T18:39:24.282382,172.20.10.5,15,0
2026-01-16T18:39:24.282382,172.20.10.5,16,0
2026-01-16T18:39:24.282382,172.20.10.5,17,0
2026-01-16T18:39:24.282382,172.20.10.5,18,0
2026-01-16T18:39:24.282382,172.20.10.5,19,0
2026-01-16T18:39:24.282382,172.20.10.5,20,0
2026-01-16T18:39:24.282382,172.20.10.5,21,0
2026-01-16T18:39:24.282382,172.20.10.5,22,0
2026-01-16T18:39:24.282382,172.20.10.5,23,0
2026-01-16T18:39:24.282382,172.20.10.5,0,0
2026-01-16T18:39:24.282382,172.20.10.5,1,0
2026-01-16T18:39:24.282382,172.20.10.5,2,0
2026-01-16T18:39:24.282382,172.20.10.5,3,0
2026-01-16T18:39:24.282382,172.20.10.5,4,0
2026-01-16T18:39:24.282382,172.20.10.5,5,0
2026-01-16T18:39:24.282382,172.20.10.5,6,0
2026-01-16T18:39:24.282382,172.20.10.5,7,0
2026-01-16T18:39:24.282382,172.20.10.5,8,0.152352
2026-01-16T18:39:24.282382,172.20.10.5,9,0
2026-01-16T18:39:24.282382,172.20.10.5,10,0
2026-01-16T18:39:24.282382,172.20.10.5,11,0
2026-01-16T18:39:24.282382,172.20.10.5,12,0
2026-01-16T18:39:24.282382,172.20.10.5,13,0
2026-01-16T18:39:24.282382,172.20.10.5,14,0
2026-01-16T18:39:24.282382,172.20.10.5,15,0
2026-01-16T18:39:24.282382,172.20.10.5,16,0
2026-01-16T18:39:24.282382,172.20.10.5,17,0
2026-01-16T18:39:24.282382,172.20.10.5,18,0
2026-01-16T18:39:24.282382,172.20.10.5,19,0
2026-01-16T18:39:24.282382,172.20.10.5,20,0
2026-01-16T18:39:24.282382,172.20.10.5,21,0
2026-01-16T18:39:24.282382,172.20.10.5,22,0
2026-01-16T18:39:24.282382,172.20.10.5,23,0
2026-01-16T18:39:24.282382,172.20.10.5,0,0
2026-01-16T18:39:24.282382,172.20.10.5,1,0
2026-01-16T18:39:24.282382,172.20.10.5,2,0
2026-01-16T18:39:24.282382,172.20.10.5,3,0
2026-01-16T18:39:24.282382,172.20.10.5,4,0
2026-01-16T18:39:24.282382,172.20.10.5,5,0
2026-01-16T18:39:24.282382,172.20.10.5,6,0
2026-01-16T18:39:24.282382,172.20.10.5,7,0
2026-01-16T18:39:24.282382,172.20.10.5,8,2.5876
2026-01-16T18:39:24.282382,172.20.10.5,9,0
2026-01-16T18:39:24.282382,172.20.10.5,10,0
2026-01-16T18:39:24.282382,172.20.10.5,11,0
2026-01-16T18:39:24.282382,172.20.10.5,12,0
2026-01-16T18:39:24.282382,172.20.10.5,13,0
2026-01-16T18:39:24.282382,172.20.10.5,14,0
2026-01-16T18:39:24.282382,172.20.10.5,15,0
2026-01-16T18:39:24.282382,172.20.10.5,16,0
2026-01-16T18:39:24.282382,172.20.10.5,17,0
2026-01-16T18:39:24.282382,172.20.10.5,18,0
2026-01-16T18:39:24.282382,172.20.10.5,19,0
2026-01-16T18:39:24.282382,172.20.10.5,20,0
2026-01-16T18:39:24.282382,172.20.10.5,21,0
2026-01-16T18:39:24.282382,172.20.10.5,22,0
2026-01-16T18:39:24.282382,172.20.10.5,23,0
2026-01-16T18:39:24.282382,172.20.10.5,0,0
2026-01-16T18:39:24.282382,172.20.10.5,1,0
2026-01-16T18:39:24.282382,172.20.10.5,2,0
2026-01-16T18:39:24.282382,172.20.10.5,3,0
2026-01-16T18:39:24.282382,172.20.10.5,4,0
2026-01-16T18:39:24.282382,172.20.10.5,5,0
2026-01-16T18:39:24.282382,172.20.10.5,6,0
2026-01-16T18:39:24.282382,172.20.10.5,7,0
2026-01-16T18:39:24.282382,172.20.10.5,8,0.0683048
2026-01-16T18:39:24.282382,172.20.10.5,9,0
2026-01-16T18:39:24.282382,172.20.10.5,10,0
2026-01-16T18:39:24.282382,172.20.10.5,11,0
2026-01-16T18:39:24.282382,172.20.10.5,12,0
2026-01-16T18:39:24.282382,172.20.10.5,13,0
2026-01-16T18:39:24.282382,172.20.10.5,14,0
2026-01-16T18:39:24.282382,172.20.10.5,15,0
2026-01-16T18:39:24.282382,172.20.10.5,16,0
2026-01-16T18:39:24.282382,172.20.10.5,17,0
2026-01-16T18:39:24.282382,172.20.10.5,18,0
2026-01-16T18:39:24.282382,172.20.10.5,19,0
2026-01-16T18:39:24.282382,172.20.10.5,20,0
2026-01-16T18:39:24.282382,172.20.10.5,21,0
2026-01-16T18:39:24.282382,172.20.10.5,22,0
2026-01-16T18:39:24.282382,172.20.10.5,23,0
2026-01-16T18:39:24.282382,172.20.10.5,0,0
2026-01-16T18:39:24.282382,172.20.10.5,1,0
2026-01-16T18:39:24.282382,172.20.10.5,2,0
2026-01-16T18:39:24.282382,172.20.10.5,3,0
2026-01-16T18:39:24.282382,172.20.10.5,4,0
2026-01-16T18:39:24.282382,172.20.10.5,5,0
2026-01-16T18:39:24.282382,172.20.10.5,6,0
2026-01-16T18:39:24.282382,172.20.10.5,7,0
2026-01-16T18:39:24.282382,172.20.10.5,8,2.52383
2026-01-16T18:39:24.282382,172.20.10.5,9,0
2026-01-16T18:39:24.282382,172.20.10.5,10,0
2026-01-16T18:39:24.282382,172.20.10.5,11,0
2026-01-16T18:39:24.282382,172.20.10.5,12,0
2026-01-16T18:39:24.282382,172.20.10.5,13,0
2026-01-16T18:39:24.282382,172.20.10.5,14,0
2026-01-16T18:39:24.282382,172.20.10.5,15,0
2026-01-16T18:39:24.282382,172.20.10.5,16,0
2026-01-16T18:39:24.282382,172.20.10.5,17,0
2026-01-16T18:39:24.282382,172.20.10.5,18,0
2026-01-16T18:39:24.282382,172.20.10.5,19,0
2026-01-16T18:39:24.282382,172.20.10.5,20,0
2026-01-16T18:39:24.282382,172.20.10.5,21,0
2026-01-16T18:39:24.282382,172.20.10.5,22,0
2026-01-16T18:39:24.282382,172.20.10.5,23,0
2026-01-16T18:39:24.282382,172.20.10.5,0,0
2026-01-16T18:39:24.282382,172.20.10.5,1,0
2026-01-16T18:39:24.282382,172.20.10.5,2,0
2026-01-16T18:39:24.282382,172.20.10.5,3,0
2026-01-16T18:39:24.282382,172.20.10.5,4,0
2026-01-16T18:39:24.282382,172.20.10.5,5,0
2026-01-16T18:39:24.282382,172.20.10.5,6,0
2026-01-16T18:39:24.282382,172.20.10.5,7,0
2026-01-16T18:39:24.282382,172.20.10.5,8,0.183551
2026-01-16T18:39:24.282382,172.20.10.5,9,0
2026-01-16T18:39:24.282382,172.20.10.5,10,0
2026-01-16T18:39:24.282382,172.20.10.5,11,0
2026-01-16T18:39:24.282382,172.20.10.5,12,0
2026-01-16T18:39:24.282382,172.20.10.5,13,0
2026-01-16T18:39:24.282382,172.20.10.5,14,0
2026-01-16T18:39:24.282382,172.20.10.5,15,0
2026-01-16T18:39:24.282382,172.20.10.5,16,0
2026-01-16T18:39:24.282382,172.20.10.5,17,0
2026-01-16T18:39:24.282382,172.20.10.5,18,0
2026-01-16T18:39:24.282382,172.20.10.5,19,0
2026-01-16T18:39:24.282382,172.20.10.5,20,0
2026-01-16T18:39:24.282382,172.20.10.5,21,0
2026-01-16T18:39:24.282382,172.20.10.5,22,0
2026-01-16T18:39:24.282382,172.20.10.5,23,0
2026-01-16T18:39:24.282382,172.20.10.5,0,0
2026-01-16T18:39:24.282382,172.20.10.5,1,0
2026-01-16T18:39:24.282382,172.20.10.5,2,0
2026-01-16T18:39:24.282382,172.20.10.5,3,0
2026-01-16T18:39:24.282382,172.20.10.5,4,0
2026-01-16T18:39:24.282382,172.20.10.5,5,0
2026-01-16T18:39:24.282382,172.20.10.5,6,0
2026-01-16T18:39:24.282382,172.20.10.5,7,0
2026-01-16T18:39:24.282382,172.20.10.5,8,0.11678
2026-01-16T18:39:24.282382,172.20.10.5,9,0
2026-01-16T18:39:24.282382,172.20.10.5,10,0
2026-01-16T18:39:24.282382,172.20.10.5,11,0
2026-01-16T18:39:24.282382,172.20.10.5,12,0
2026-01-16T18:39:24.282382,172.20.10.5,13,0
2026-01-16T18:39:24.282382,172.20.10.5,14,0
2026-01-16T18:39:24.282382,172.20.10.5,15,0
2026-01-16T18:39:24.282382,172.20.10.5,16,0
2026-01-16T18:39:24.282382,172.20.10.5,17,0
2026-01-16T18:39:24.282382,172.20.10.5,18,0
2026-01-16T18:39:24.282382,172.20.10.5,19,0
2026-01-16T18:39:24.282382,172.20.10.5,20,0
2026-01-16T18:39:24.282382,172.20.10.5,21,0
2026-01-16T18:39:24.282382,172.20.10.5,22,0
2026-01-16T18:39:24.282382,172.20.10.5,23,0
2026-01-16T18:39:24.282382,172.20.10.5,0,0
2026-01-16T18:39:24.282382,172.20.10.5,1,0
2026-01-16T18:39:24.282382,172.20.10.5,2,0
2026-01-16T18:39:24.282382,172.20.10.5,3,0
2026-01-16T18:39:24.282382,172.20.10.5,4,0
2026-01-16T18:39:24.282382,172.20.10.5,5,0
2026-01-16T18:39:24.282382,172.20.10.5,6,0
2026-01-16T18:39:24.282382,172.20.10.5,7,0
2026-01-16T18:39:24.282382,172.20.10.5,8,6.96619
2026-01-16T18:39:24.282382,172.20.10.5,9,0
2026-01-16T18:39:24.282382,172.20.10.5,10,0
2026-01-16T18:39:24.282382,172.20.10.5,11,0
2026-01-16T18:39:24.282382,172.20.10.5,12,0
2026-01-16T18:39:24.282382,172.20.10.5,13,0
2026-01-16T18:39:24.282382,172.20.10.5,14,0
2026-01-16T18:39:24.282382,172.20.10.5,15,0
2026-01-16T18:39:24.282382,172.20.10.5,16,0
2026-01-16T18:39:24.282382,172.20.10.5,17,0
2026-01-16T18:39:24.282382,172.20.10.5,18,0
2026-01-16T18:39:24.282382,172.20.10.5,19,0
2026-01-16T18:39:24.282382,172.20.10.5,20,0
2026-01-16T18:39:24.282382,172.20.10.5,21,0
2026-01-16T18:39:24.282382,172.20.10.5,22,0
2026-01-16T18:39:24.282382,172.20.10.5,23,0
2026-01-16T18:39:24.282382,172.20.10.5,0,0
2026-01-16T18:39:24.282382,172.20.10.5,1,0
2026-01-16T18:39:24.282382,172.20.10.5,2,0
2026-01-16T18:39:24.282382,172.20.10.5,3,0
2026-01-16T18:39:24.282382,172.20.10.5,4,0
2026-01-16T18:39:24.282382,172.20.10.5,5,0
2026-01-16T18:39:24.282382,172.20.10.5,6,0
2026-01-16T18:39:24.282382,172.20.10.5,7,0
2026-01-16T18:39:24.282382,172.20.10.5,8,0.164494
2026-01-16T18:39:24.282382,172.20.10.5,9,0
2026-01-16T18:39:24.282382,172.20.10.5,10,0
2026-01-16T18:39:24.282382,172.20.10.5,11,0
2026-01-16T18:39:24.282382,172.20.10.5,12,0
2026-01-16T18:39:24.282382,172.20.10.5,13,0
2026-01-16T18:39:24.282382,172.20.10.5,14,0
2026-01-16T18:39:24.282382,172.20.10.5,15,0
2026-01-16T18:39:24.282382,172.20.10.5,16,0
2026-01-16T18:39:24.282382,172.20.10.5,17,0
2026-01-16T18:39:24.282382,172.20.10.5,18,0
2026-01-16T18:39:24.282382,172.20.10.5,19,0
2026-01-16T18:39:24.282382,172.20.10.5,20,0
2026-01-16T18:39:24.282382,172.20.10.5,21,0
2026-01-16T18:39:24.282382,172.20.10.5,22,0
2026-01-16T18:39:24.282382,172.20.10.5,23,0
2026-01-16T18:39:24.282382,172.20.10.5,0,0
2026-01-16T18:39:24.282382,172.20.10.5,1,0
2026-01-16T18:39:24.282382,172.20.10.5,2,0
2026-01-16T18:39:24.282382,172.20.10.5,3,0
2026-01-16T18:39:24.282382,172.20.10.5,4,0
2026-01-16T18:39:24.282382,172.20.10.5,5,0
2026-01-16T18:39:24.282382,172.20.10.5,6,0
2026-01-16T18:39:24.282382,172.20.10.5,7,0
2026-01-16T18:39:24.282382,172.20.10.5,8,0.997866
2026-01-16T18:39:24.282382,172.20.10.5,9,0
2026-01-16T18:39:24.282382,172.20.10.5,10,0
2026-01-16T18:39:24.282382,172.20.10.5,11,0
2026-01-16T18:39:24.282382,172.20.10.5,12,0
2026-01-16T18:39:24.282382,172.20.10.5,13,0
2026-01-16T18:39:24.282382,172.20.10.5,14,0
2026-01-16T18:39:24.282382,172.20.10.5,15,0
2026-01-16T18:39:24.282382,172.20.10.5,16,0
2026-01-16T18:39:24.282382,172.20.10.5,17,0
2026-01-16T18:39:24.282382,172.20.10.5,18,0
2026-01-16T18:39:24.282382,172.20.10.5,19,0
2026-01-16T18:39:24.282382,172.20.10.5,20,0
2026-01-16T18:39:24.282382,172.20.10.5,21,0
2026-01-16T18:39:24.282382,172.20.10.5,22,0
2026-01-16T18:39:24.282382,172.20.10.5,23,0
2026-01-16T18:39:24.282382,172.20.10.5,0,0
2026-01-16T18:39:24.282382,172.20.10.5,1,0
2026-01-16T18:39:24.282382,172.20.10.5,2,0
2026-01-16T18:39:24.282382,172.20.10.5,3,0
2026-01-16T18:39:24.282382,172.20.10.5,4,0
2026-01-16T18:39:24.282382,172.20.10.5,5,0
2026-01-16T18:39:24.282382,172.20.10.5,6,0
2026-01-16T18:39:24.282382,172.20.10.5,7,0
2026-01-16T18:39:24.282382,172.20.10.5,8,0.289275
2026-01-16T18:39:24.282382,172.20.10.5,9,0
2026-01-16T18:39:24.282382,172.20.10.5,10,0
2026-01-16T18:39:24.282382,172.20.10.5,11,0
2026-01-16T18:39:24.282382,172.20.10.5,12,0
2026-01-16T18:39:24.282382,172.20.10.5,13,0
2026-01-16T18:39:24.282382,172.20.10.5,14,0
2026-01-16T18:39:24.282382,172.20.10.5,15,0
2026-01-16T18:39:24.282382,172.20.10.5,16,0
2026-01-16T18:39:24.282382,172.20.10.5,17,0
2026-01-16T18:39:24.282382,172.20.10.5,18,0
2026-01-16T18:39:24.282382,172.20.10.5,19,0
2026-01-16T18:39:24.282382,172.20.10.5,20,0
2026-01-16T18:39:24.282382,172.20.10.5,21,0
2026-01-16T18:39:24.282382,172.20.10.5,22,0
2026-01-16T18:39:24.282382,172.20.10.5,23,0
2026-01-16T18:39:24.282382,172.20.10.5,0,0
2026-01-16T18:39:24.282382,172.20.10.5,1,0
2026-01-16T18:39:24.282382,172.20.10.5,2,0
2026-01-16T18:39:24.282382,172.20.10.5,3,0
2026-01-16T18:39:24.282382,172.20.10.5,4,0
2026-01-16T18:39:24.282382,172.20.10.5,5,0
2026-01-16T18:39:24.282382,172.20.10.5,6,0
2026-01-16T18:39:24.282382,172.20.10.5,7,0
2026-01-16T18:39:24.282382,172.20.10.5,8,0.529075
2026-01-16T18:39:24.282382,172.20.10.5,9,0
2026-01-16T18:39:24.282382,172.20.10.5,10,0
2026-01-16T18:39:24.282382,172.20.10.5,11,0
2026-01-16T18:39:24.282382,172.20.10.5,12,0
2026-01-16T18:39:24.282382,172.20.10.5,13,0
2026-01-16T18:39:24.282382,172.20.10.5,14,0
2026-01-16T18:39:24.282382,172.20.10.5,15,0
2026-01-16T18:39:24.282382,172.20.10.5,16,0
2026-01-16T18:39:24.282382,172.20.10.5,17,0
2026-01-16T18:39:24.282382,172.20.10.5,18,0
2026-01-16T18:39:24.282382,172.20.10.5,19,0
2026-01-16T18:39:24.282382,172.20.10.5,20,0
2026-01-16T18:39:24.282382,172.20.10.5,21,0
2026-01-16T18:39:24.282382,172.20.10.5,22,0
2026-01-16T18:39:24.282382,172.20.10.5,23,0
2026-01-16T18:39:24.282382,172.20.10.5,0,0
2026-01-16T18:39:24.282382,172.20.10.5,1,0
2026-01-16T18:39:24.282382,172.20.10.5,2,0
2026-01-16T18:39:24.282382,172.20.10.5,3,0
2026-01-16T18:39:24.282382,172.20.10.5,4,0
2026-01-16T18:39:24.282382,172.20.10.5,5,0
2026-01-16T18:39:24.282382,172.20.10.5,6,0
2026-01-16T18:39:24.282382,172.20.10.5,7,0
2026-01-16T18:39:24.282382,172.20.10.5,8,1.05905
2026-01-16T18:39:24.282382,172.20.10.5,9,0
2026-01-16T18:39:24.282382,172.20.10.5,10,0
2026-01-16T18:39:24.282382,172.20.10.5,11,0
2026-01-16T18:39:24.282382,172.20.10.5,12,0
2026-01-16T18:39:24.282382,172.20.10.5,13,0
2026-01-16T18:39:24.282382,172.20.10.5,14,0
2026-01-16T18:39:24.282382,172.20.10.5,15,0
2026-01-16T18:39:24.282382,172.20.10.5,16,0
2026-01-16T18:39:24.282382,172.20.10.5,17,0
2026-01-16T18:39:24.282382,172.20.10.5,18,0
2026-01-16T18:39:24.282382,172.20.10.5,19,0
2026-01-16T18:39:24.282382,172.20.10.5,20,0
2026-01-16T18:39:24.282382,172.20.10.5,21,0
2026-01-16T18:39:24.282382,172.20.10.5,22,0
2026-01-16T18:39:24.282382,172.20.10.5,23,0
2026-01-16T18:39:24.282382,172.20.10.5,0,0
2026-01-16T18:39:24.282382,172.20.10.5,1,0
2026-01-16T18:39:24.282382,172.20.10.5,2,0
2026-01-16T18:39:24.282382,172.20.10.5,3,0
2026-01-16T18:39:24.282382,172.20.10.5,4,0
2026-01-16T18:39:24.282382,172.20.10.5,5,0
2026-01-16T18:39:24.282382,172.20.10.5,6,0
2026-01-16T18:39:24.282382,172.20.10.5,7,0
2026-01-16T18:39:24.282382,172.20.10.5,8,1.78693
2026-01-16T18:39:24.282382,172.20.10.5,9,0
2026-01-16T18:39:24.282382,172.20.10.5,10,0
2026-01-16T18:39:24.282382,172.20.10.5,11,0
2026-01-16T18:39:24.282382,172.20.10.5,12,0
2026-01-16T18:39:24.282382,172.20.10.5,13,0
2026-01-16T18:39:24.282382,172.20.10.5,14,0
2026-01-16T18:39:24.282382,172.20.10.5,15,0
2026-01-16T18:39:24.282382,172.20.10.5,16,0
2026-01-16T18:39:24.282382,172.20.10.5,17,0
2026-01-16T18:39:24.282382,172.20.10.5,18,0
2026-01-16T18:39:24.282382,172.20.10.5,19,0
2026-01-16T18:39:24.282382,172.20.10.5,20,0
2026-01-16T18:39:24.282382,172.20.10.5,21,0
2026-01-16T18:39:24.282382,172.20.10.5,22,0
2026-01-16T18:39:24.282382,172.20.10.5,23,0
2026-01-16T18:39:24.282382,172.20.10.5,0,0
2026-01-16T18:39:24.282382,172.20.10.5,1,0
2026-01-16T18:39:24.282382,172.20.10.5,2,0
2026-01-16T18:39:24.282382,172.20.10.5,3,0
2026-01-16T18:39:24.282382,172.20.10.5,4,0
2026-01-16T18:39:24.282382,172.20.10.5,5,0
2026-01-16T18:39:24.282382,172.20.10.5,6,0
2026-01-16T18:39:24.282382,172.20.10.5,7,0
2026-01-16T18:39:24.282382,172.20.10.5,8,6.28841
2026-01-16T18:39:24.282382,172.20.10.5,9,0
2026-01-16T18:39:24.282382,172.20.10.5,10,0
2026-01-16T18:39:24.282382,172.20.10.5,11,0
2026-01-16T18:39:24.282382,172.20.10.5,12,0
2026-01-16T18:39:24.282382,172.20.10.5,13,0
2026-01-16T18:39:24.282382,172.20.10.5,14,0
2026-01-16T18:39:24.282382,172.20.10.5,15,0
2026-01-16T18:39:24.282382,172.20.10.5,16,0
2026-01-16T18:39:24.282382,172.20.10.5,17,0
2026-01-16T18:39:24.282382,172.20.10.5,18,0
2026-01-16T18:39:24.282382,172.20.10.5,19,0
2026-01-16T18:39:24.282382,172.20.10.5,20,0
2026-01-16T18:39:24.282382,172.20.10.5,21,0
2026-01-16T18:39:24.282382,172.20.10.5,22,0
2026-01-16T18:39:24.282382,172.20.10.5,23,0
2026-01-16T18:39:24.282382,172.20.10.5,0,0
2026-01-16T18:39:24.282382,172.20.10.5,1,0
2026-01-16T18:39:24.282382,172.20.10.5,2,0
2026-01-16T18:39:24.282382,172.20.10.5,3,0
2026-01-16T18:39:24.282382,172.20.10.5,4,0
2026-01-16T18:39:24.282382,172.20.10.5,5,0
2026-01-16T18:39:24.282382,172.20.10.5,6,0
2026-01-16T18:39:24.282382,172.20.10.5,7,0
2026-01-16T18:39:24.282382,172.20.10.5,8,1.07583
2026-01-16T18:39:24.282382,172.20.10.5,9,0
2026-01-16T18:39:24.282382,172.20.10.5,10,0
2026-01-16T18:39:24.282382,172.20.10.5,11,0
2026-01-16T18:39:24.282382,172.20.10.5,12,0
2026-01-16T18:39:24.282382,172.20.10.5,13,0
2026-01-16T18:39:24.282382,172.20.10.5,14,0
2026-01-16T18:39:24.282382,172.20.10.5,15,0
2026-01-16T18:39:24.282382,172.20.10.5,16,0
2026-01-16T18:39:24.282382,172.20.10.5,17,0
2026-01-16T18:39:24.282382,172.20.10.5,18,0
2026-01-16T18:39:24.282382,172.20.10.5,19,0
2026-01-16T18:39:24.282382,172.20.10.5,20,0
2026-01-16T18:39:24.282382,172.20.10.5,21,0
2026-01-16T18:39:24.282382,172.20.10.5,22,0
2026-01-16T18:39:24.282382,172.20.10.5,23,0
2026-01-16T18:39:24.282382,172.20.10.5,0,0
2026-01-16T18:39:24.282382,172.20.10.5,1,0
2026-01-16T18:39:24.282382,172.20.10.5,2,0
2026-01-16T18:39:24.282382,172.20.10.5,3,0
2026-01-16T18:39:24.282382,172.20.10.5,4,0
2026-01-16T18:39:24.282382,172.20.10.5,5,0
2026-01-16T18:39:24.282382,172.20.10.5,6,0
2026-01-16T18:39:24.282382,172.20.10.5,7,0
2026-01-16T18:39:24.282382,172.20.10.5,8,0.235406
2026-01-16T18:39:24.282382,172.20.10.5,9,0
2026-01-16T18:39:24.282382,172.20.10.5,10,0
2026-01-16T18:39:24.282382,172.20.10.5,11,0
2026-01-16T18:39:24.282382,172.20.10.5,12,0
2026-01-16T18:39:24.282382,172.20.10.5,13,0
2026-01-16T18:39:24.282382,172.20.10.5,14,0
2026-01-16T18:39:24.282382,172.20.10.5,15,0
2026-01-16T18:39:24.282382,172.20.10.5,16,0
2026-01-16T18:39:24.282382,172.20.10.5,17,0
2026-01-16T18:39:24.282382,172.20.10.5,18,0
2026-01-16T18:39:24.282382,172.20.10.5,19,0
2026-01-16T18:39:24.282382,172.20.10.5,20,0
2026-01-16T18:39:24.282382,172.20.10.5,21,0
2026-01-16T18:39:24.282382,172.20.10.5,22,0
2026-01-16T18:39:24.282382,172.20.10.5,23,0
2026-01-16T18:39:24.282382,172.20.10.5,0,0
2026-01-16T18:39:24.282382,172.20.10.5,1,0
2026-01-16T18:39:24.282382,172.20.10.5,2,0
2026-01-16T18:39:24.282382,172.20.10.5,3,0
2026-01-16T18:39:24.282382,172.20.10.5,4,0
2026-01-16T18:39:24.282382,172.20.10.5,5,0
2026-01-16T18:39:24.282382,172.20.10.5,6,0
2026-01-16T18:39:24.282382,172.20.10.5,7,0
2026-01-16T18:39:24.282382,172.20.10.5,8,0.108075
2026-01-16T18:39:24.282382,172.20.10.5,9,0
2026-01-16T18:39:24.282382,172.20.10.5,10,0
2026-01-16T18:39:24.282382,172.20.10.5,11,0
2026-01-16T18:39:24.282382,172.20.10.5,12,0
2026-01-16T18:39:24.282382,172.20.10.5,13,0
2026-01-16T18:39:24.282382,172.20.10.5,14,0
2026-01-16T18:39:24.282382,172.20.10.5,15,0
2026-01-16T18:39:24.282382,172.20.10.5,16,0
2026-01-16T18:39:24.282382,172.20.10.5,17,0
2026-01-16T18:39:24.282382,172.20.10.5,18,0
2026-01-16T18:39:24.282382,172.20.10.5,19,0
2026-01-16T18:39:24.282382,172.20.10.5,20,0
2026-01-16T18:39:24.282382,172.20.10.5,21,0
2026-01-16T18:39:24.282382,172.20.10.5,22,0
2026-01-16T18:39:24.282382,172.20.10.5,23,0
2026-01-16T18:39:24.282382,172.20.10.5,0,0
2026-01-16T18:39:24.282382,172.20.10.5,1,0
2026-01-16T18:39:24.282382,172.20.10.5,2,0
2026-01-16T18:39:24.282382,172.20.10.5,3,0
2026-01-16T18:39:24.282382,172.20.10.5,4,0
2026-01-16T18:39:24.282382,172.20.10.5,5,0
2026-01-16T18:39:24.282382,172.20.10.5,6,0
2026-01-16T18:39:24.282382,172.20.10.5,7,0
2026-01-16T18:39:24.282382,172.20.10.5,8,12.1017
2026-01-16T18:39:24.282382,172.20.10.5,9,0
2026-01-16T18:39:24.282382,172.20.10.5,10,0
2026-01-16T18:39:24.282382,172.20.10.5,11,0
2026-01-16T18:39:24.282382,172.20.10.5,12,0
2026-01-16T18:39:24.282382,172.20.10.5,13,0
2026-01-16T18:39:24.282382,172.20.10.5,14,0
2026-01-16T18:39:24.282382,172.20.10.5,15,0
2026-01-16T18:39:24.282382,172.20.10.5,16,0
2026-01-16T18:39:24.282382,172.20.10.5,17,0
2026-01-16T18:39:24.282382,172.20.10.5,18,0
2026-01-16T18:39:24.282382,172.20.10.5,19,0
2026-01-16T18:39:24.282382,172.20.10.5,20,0
2026-01-16T18:39:24.282382,172.20.10.5,21,0
2026-01-16T18:39:24.282382,172.20.10.5,22,0
2026-01-16T18:39:24.282382,172.20.10.5,23,0
2026-01-16T18:39:24.282382,172.20.10.5,0,0
2026-01-16T18:39:24.282382,172.20.10.5,1,0
2026-01-16T18:39:24.282382,172.20.10.5,2,0
2026-01-16T18:39:24.282382,172.20.10.5,3,0
2026-01-16T18:39:24.282382,172.20.10.5,4,0
2026-01-16T18:39:24.282382,172.20.10.5,5,0
2026-01-16T18:39:24.282382,172.20.10.5,6,0
2026-01-16T18:39:24.282382,172.20.10.5,7,0
2026-01-16T18:39:24.282382,172.20.10.5,8,0.0884707
2026-01-16T18:39:24.282382,172.20.10.5,9,0
2026-01-16T18:39:24.282382,172.20.10.5,10,0
2026-01-16T18:39:24.282382,172.20.10.5,11,0
2026-01-16T18:39:24.282382,172.20.10.5,12,0
2026-01-16T18:39:24.282382,172.20.10.5,13,0
2026-01-16T18:39:24.282382,172.20.10.5,14,0
2026-01-16T18:39:24.282382,172.20.10.5,15,0
2026-01-16T18:39:24.282382,172.20.10.5,16,0
2026-01-16T18:39:24.282382,172.20.10.5,17,0
2026-01-16T18:39:24.282382,172.20.10.5,18,0
2026-01-16T18:39:24.282382,172.20.10.5,19,0
2026-01-16T18:39:24.282382,172.20.10.5,20,0
2026-01-16T18:39:24.282382,172.20.10.5,21,0
2026-01-16T18:39:24.282382,172.20.10.5,22,0
2026-01-16T18:39:24.282382,172.20.10.5,23,0
2026-01-16T18:39:24.282382,172.20.10.5,0,0
2026-01-16T18:39:24.282382,172.20.10.5,1,0
2026-01-16T18:39:24.282382,172.20.10.5,2,0
2026-01-16T18:39:24.282382,172.20.10.5,3,0
2026-01-16T18:39:24.282382,172.20.10.5,4,0
2026-01-16T18:39:24.282382,172.20.10.5,5,0
2026-01-16T18:39:24.282382,172.20.10.5,6,0
2026-01-16T18:39:24.282382,172.20.10.5,7,0
2026-01-16T18:39:24.282382,172.20.10.5,8,0.668595
2026-01-16T18:39:24.282382,172.20.10.5,9,0
2026-01-16T18:39:24.282382,172.20.10.5,10,0
2026-01-16T18:39:24.282382,172.20.10.5,11,0
2026-01-16T18:39:24.282382,172.20.10.5,12,0
2026-01-16T18:39:24.282382,172.20.10.5,13,0
2026-01-16T18:39:24.282382,172.20.10.5,14,0
2026-01-16T18:39:24.282382,172.20.10.5,15,0
2026-01-16T18:39:24.282382,172.20.10.5,16,0
2026-01-16T18:39:24.282382,172.20.10.5,17,0
2026-01-16T18:39:24.282382,172.20.10.5,18,0
2026-01-16T18:39:24.282382,172.20.10.5,19,0
2026-01-16T18:39:24.282382,172.20.10.5,20,0
2026-01-16T18:39:24.282382,172.20.10.5,21,0
2026-01-16T18:39:24.282382,172.20.10.5,22,0
2026-01-16T18:39:24.282382,172.20.10.5,23,0
2026-01-16T18:39:24.282382,172.20.10.5,0,0
2026-01-16T18:39:24.282382,172.20.10.5,1,0
2026-01-16T18:39:24.282382,172.20.10.5,2,0
2026-01-16T18:39:24.282382,172.20.10.5,3,0
2026-01-16T18:39:24.282382,172.20.10.5,4,0
2026-01-16T18:39:24.282382,172.20.10.5,5,0
2026-01-16T18:39:24.282382,172.20.10.5,6,0
2026-01-16T18:39:24.282382,172.20.10.5,7,0
2026-01-16T18:39:24.282382,172.20.10.5,8,0.204246
2026-01-16T18:39:24.282382,172.20.10.5,9,0
2026-01-16T18:39:24.282382,172.20.10.5,10,0
2026-01-16T18:39:24.282382,172.20.10.5,11,0
2026-01-16T18:39:24.282382,172.20.10.5,12,0
2026-01-16T18:39:24.282382,172.20.10.5,13,0
2026-01-16T18:39:24.282382,172.20.10.5,14,0
2026-01-16T18:39:24.282382,172.20.10.5,15,0
2026-01-16T18:39:24.282382,172.20.10.5,16,0
2026-01-16T18:39:24.282382,172.20.10.5,17,0
2026-01-16T18:39:24.282382,172.20.10.5,18,0
2026-01-16T18:39:24.282382,172.20.10.5,19,0
2026-01-16T18:39:24.282382,172.20.10.5,20,0
2026-01-16T18:39:24.282382,172.20.10.5,21,0
2026-01-16T18:39:24.282382,172.20.10.5,22,0
2026-01-16T18:39:24.282382,172.20.10.5,23,0
2026-01-16T18:39:24.282382,172.20.10.5,0,0
2026-01-16T18:39:24.282382,172.20.10.5,1,0
2026-01-16T18:39:24.282382,172.20.10.5,2,0
2026-01-16T18:39:24.282382,172.20.10.5,3,0
2026-01-16T18:39:24.282382,172.20.10.5,4,0
2026-01-16T18:39:24.282382,172.20.10.5,5,0
2026-01-16T18:39:24.282382,172.20.10.5,6,0
2026-01-16T18:39:24.282382,172.20.10.5,7,0
2026-01-16T18:39:24.282382,172.20.10.5,8,8.25624
2026-01-16T18:39:24.282382,172.20.10.5,9,0
2026-01-16T18:39:24.282382,172.20.10.5,10,0
2026-01-16T18:39:24.282382,172.20.10.5,11,0
2026-01-16T18:39:24.282382,172.20.10.5,12,0
2026-01-16T18:39:24.282382,172.20.10.5,13,0
2026-01-16T18:39:24.282382,172.20.10.5,14,0
2026-01-16T18:39:24.282382,172.20.10.5,15,0
2026-01-16T18:39:24.282382,172.20.10.5,16,0
2026-01-16T18:39:24.282382,172.20.10.5,17,0
2026-01-16T18:39:24.282382,172.20.10.5,18,0
2026-01-16T18:39:24.282382,172.20.10.5,19,0
2026-01-16T18:39:24.282382,172.20.10.5,20,0
2026-01-16T18:39:24.282382,172.20.10.5,21,0
2026-01-16T18:39:24.282382,172.20.10.5,22,0
2026-01-16T18:39:24.282382,172.20.10.5,23,0
2026-01-16T18:39:24.282382,172.20.10.5,0,0
2026-01-16T18:39:24.282382,172.20.10.5,1,0
2026-01-16T18:39:24.282382,172.20.10.5,2,0
2026-01-16T18:39:24.282382,172.20.10.5,3,0
2026-01-16T18:39:24.282382,172.20.10.5,4,0
2026-01-16T18:39:24.282382,172.20.10.5,5,0
2026-01-16T18:39:24.282382,172.20.10.5,6,0
2026-01-16T18:39:24.282382,172.20.10.5,7,0
2026-01-16T18:39:24.282382,172.20.10.5,8,0.244052
2026-01-16T18:39:24.282382,172.20.10.5,9,0
2026-01-16T18:39:24.282382,172.20.10.5,10,0
2026-01-16T18:39:24.282382,172.20.10.5,11,0
2026-01-16T18:39:24.282382,172.20.10.5,12,0
2026-01-16T18:39:24.282382,172.20.10.5,13,0
2026-01-16T18:39:24.282382,172.20.10.5,14,0
2026-01-16T18:39:24.282382,172.20.10.5,15,0
2026-01-16T18:39:24.282382,172.20.10.5,16,0
2026-01-16T18:39:24.282382,172.20.10.5,17,0
2026-01-16T18:39:24.282382,172.20.10.5,18,0
2026-01-16T18:39:24.282382,172.20.10.5,19,0
2026-01-16T18:39:24.282382,172.20.10.5,20,0
2026-01-16T18:39:24.282382,172.20.10.5,21,0
2026-01-16T18:39:24.282382,172.20.10.5,22,0
2026-01-16T18:39:24.282382,172.20.10.5,23,0
2026-01-16T18:39:24.282382,172.20.10.5,0,0
2026-01-16T18:39:24.282382,172.20.10.5,1,0
2026-01-16T18:39:24.282382,172.20.10.5,2,0
2026-01-16T18:39:24.282382,172.20.10.5,3,0
2026-01-16T18:39:24.282382,172.20.10.5,4,0
2026-01-16T18:39:24.282382,172.20.10.5,5,0
2026-01-16T18:39:24.282382,172.20.10.5,6,0
2026-01-16T18:39:24.282382,172.20.10.5,7,0
2026-01-16T18:39:24.282382,172.20.10.5,8,1.1811
2026-01-16T18:39:24.282382,172.20.10.5,9,0
2026-01-16T18:39:24.282382,172.20.10.5,10,0
2026-01-16T18:39:24.282382,172.20.10.5,11,0
2026-01-16T18:39:24.282382,172.20.10.5,12,0
2026-01-16T18:39:24.282382,172.20.10.5,13,0
2026-01-16T18:39:24.282382,172.20.10.5,14,0
2026-01-16T18:39:24.282382,172.20.10.5,15,0
2026-01-16T18:39:24.282382,172.20.10.5,16,0
2026-01-16T18:39:24.282382,172.20.10.5,17,0
2026-01-16T18:39:24.282382,172.20.10.5,18,0
2026-01-16T18:39:24.282382,172.20.10.5,19,0
2026-01-16T18:39:24.282382,172.20.10.5,20,0
2026-01-16T18:39:24.282382,172.20.10.5,21,0
2026-01-16T18:39:24.282382,172.20.10.5,22,0
2026-01-16T18:39:24.282382,172.20.10.5,23,0
2026-01-16T18:39:24.282382,172.20.10.5,0,0
2026-01-16T18:39:24.282382,172.20.10.5,1,0
2026-01-16T18:39:24.282382,172.20.10.5,2,0
2026-01-16T18:39:24.282382,172.20.10.5,3,0
2026-01-16T18:39:24.282382,172.20.10.5,4,0
2026-01-16T18:39:24.282382,172.20.10.5,5,0
2026-01-16T18:39:24.282382,172.20.10.5,6,0
2026-01-16T18:39:24.282382,172.20.10.5,7,0
2026-01-16T18:39:24.282382,172.20.10.5,8,3.13578
2026-01-16T18:39:24.282382,172.20.10.5,9,0
2026-01-16T18:39:24.282382,172.20.10.5,10,0
2026-01-16T18:39:24.282382,172.20.10.5,11,0
2026-01-16T18:39:24.282382,172.20.10.5,12,0
2026-01-16T18:39:24.282382,172.20.10.5,13,0
2026-01-16T18:39:24.282382,172.20.10.5,14,0
2026-01-16T18:39:24.282382,172.20.10.5,15,0
2026-01-16T18:39:24.282382,172.20.10.5,16,0
2026-01-16T18:39:24.282382,172.20.10.5,17,0
2026-01-16T18:39:24.282382,172.20.10.5,18,0
2026-01-16T18:39:24.282382,172.20.10.5,19,0
2026-01-16T18:39:24.282382,172.20.10.5,20,0
2026-01-16T18:39:24.282382,172.20.10.5,21,0
2026-01-16T18:39:24.282382,172.20.10.5,22,0
2026-01-16T18:39:24.282382,172.20.10.5,23,0
2026-01-16T18:39:24.282382,172.20.10.5,0,0
2026-01-16T18:39:24.282382,172.20.10.5,1,0
2026-01-16T18:39:24.282382,172.20.10.5,2,0
2026-01-16T18:39:24.282382,172.20.10.5,3,0
2026-01-16T18:39:24.282382,172.20.10.5,4,0
2026-01-16T18:39:24.282382,172.20.10.5,5,0
2026-01-16T18:39:24.282382,172.20.10.5,6,0
2026-01-16T18:39:24.282382,172.20.10.5,7,0
2026-01-16T18:39:24.282382,172.20.10.5,8,0.180211
2026-01-16T18:39:24.282382,172.20.10.5,9,0
2026-01-16T18:39:24.282382,172.20.10.5,10,0
2026-01-16T18:39:24.282382,172.20.10.5,11,0
2026-01-16T18:39:24.282382,172.20.10.5,12,0
2026-01-16T18:39:24.282382,172.20.10.5,13,0
2026-01-16T18:39:24.282382,172.20.10.5,14,0
2026-01-16T18:39:24.282382,172.20.10.5,15,0
2026-01-16T18:39:24.282382,172.20.10.5,16,0
2026-01-16T18:39:24.282382,172.20.10.5,17,0
2026-01-16T18:39:24.282382,172.20.10.5,18,0
2026-01-16T18:39:24.282382,172.20.10.5,19,0
2026-01-16T18:39:24.282382,172.20.10.5,20,0
2026-01-16T18:39:24.282382,172.20.10.5,21,0
2026-01-16T18:39:24.282382,172.20.10.5,22,0
2026-01-16T18:39:24.282382,172.20.10.5,23,0
2026-01-16T18:39:24.282382,172.20.10.5,0,0
2026-01-16T18:39:24.282382,172.20.10.5,1,0
2026-01-16T18:39:24.282382,172.20.10.5,2,0
2026-01-16T18:39:24.282382,172.20.10.5,3,0
2026-01-16T18:39:24.282382,172.20.10.5,4,0
2026-01-16T18:39:24.282382,172.20.10.5,5,0
2026-01-16T18:39:24.282382,172.20.10.5,6,0
2026-01-16T18:39:24.282382,172.20.10.5,7,0
2026-01-16T18:39:24.282382,172.20.10.5,8,0.158884
2026-01-16T18:39:24.282382,172.20.10.5,9,0
2026-01-16T18:39:24.282382,172.20.10.5,10,0
2026-01-16T18:39:24.282382,172.20.10.5,11,0
2026-01-16T18:39:24.282382,172.20.10.5,12,0
2026-01-16T18:39:24.282382,172.20.10.5,13,0
2026-01-16T18:39:24.282382,172.20.10.5,14,0
2026-01-16T18:39:24.282382,172.20.10.5,15,0
2026-01-16T18:39:24.282382,172.20.10.5,16,0
2026-01-16T18:39:24.282382,172.20.10.5,17,0
2026-01-16T18:39:24.282382,172.20.10.5,18,0
2026-01-16T18:39:24.282382,172.20.10.5,19,0
2026-01-16T18:39:24.282382,172.20.10.5,20,0
2026-01-16T18:39:24.282382,172.20.10.5,21,0
2026-01-16T18:39:24.282382,172.20.10.5,22,0
2026-01-16T18:39:24.282382,172.20.10.5,23,0
2026-01-16T18:39:24.282382,172.20.10.5,0,0
2026-01-16T18:39:24.282382,172.20.10.5,1,0
2026-01-16T18:39:24.282382,172.20.10.5,2,0
2026-01-16T18:39:24.282382,172.20.10.5,3,0
2026-01-16T18:39:24.282382,172.20.10.5,4,0
2026-01-16T18:39:24.282382,172.20.10.5,5,0
2026-01-16T18:39:24.282382,172.20.10.5,6,0
2026-01-16T18:39:24.282382,172.20.10.5,7,0
2026-01-16T18:39:24.282382,172.20.10.5,8,0.231798
2026-01-16T18:39:24.282382,172.20.10.5,9,0
2026-01-16T18:39:24.282382,172.20.10.5,10,0
2026-01-16T18:39:24.282382,172.20.10.5,11,0
2026-01-16T18:39:24.282382,172.20.10.5,12,0
2026-01-16T18:39:24.282382,172.20.10.5,13,0
2026-01-16T18:39:24.282382,172.20.10.5,14,0
2026-01-16T18:39:24.282382,172.20.10.5,15,0
2026-01-16T18:39:24.282382,172.20.10.5,16,0
2026-01-16T18:39:24.282382,172.20.10.5,17,0
2026-01-16T18:39:24.282382,172.20.10.5,18,0
2026-01-16T18:39:24.282382,172.20.10.5,19,0
2026-01-16T18:39:24.282382,172.20.10.5,20,0
2026-01-16T18:39:24.282382,172.20.10.5,21,0
2026-01-16T18:39:24.282382,172.20.10.5,22,0
2026-01-16T18:39:24.282382,172.20.10.5,23,0
2026-01-16T18:39:24.282382,172.20.10.5,0,0
2026-01-16T18:39:24.282382,172.20.10.5,1,0
2026-01-16T18:39:24.282382,172.20.10.5,2,0
2026-01-16T18:39:24.282382,172.20.10.5,3,0
2026-01-16T18:39:24.282382,172.20.10.5,4,0
2026-01-16T18:39:24.282382,172.20.10.5,5,0
2026-01-16T18:39:24.282382,172.20.10.5,6,0
2026-01-16T18:39:24.282382,172.20.10.5,7,0
2026-01-16T18:39:24.282382,172.20.10.5,8,1.38971
2026-01-16T18:39:24.282382,172.20.10.5,9,0
2026-01-16T18:39:24.282382,172.20.10.5,10,0
2026-01-16T18:39:24.282382,172.20.10.5,11,0
2026-01-16T18:39:24.282382,172.20.10.5,12,0
2026-01-16T18:39:24.282382,172.20.10.5,13,0
2026-01-16T18:39:24.282382,172.20.10.5,14,0
2026-01-16T18:39:24.282382,172.20.10.5,15,0
2026-01-16T18:39:24.282382,172.20.10.5,16,0
2026-01-16T18:39:24.282382,172.20.10.5,17,0
2026-01-16T18:39:24.282382,172.20.10.5,18,0
2026-01-16T18:39:24.282382,172.20.10.5,19,0
2026-01-16T18:39:24.282382,172.20.10.5,20,0
2026-01-16T18:39:24.282382,172.20.10.5,21,0
2026-01-16T18:39:24.282382,172.20.10.5,22,0
2026-01-16T18:39:24.282382,172.20.10.5,23,0
2026-01-16T18:39:24.282382,172.20.10.5,0,0
2026-01-16T18:39:24.282382,172.20.10.5,1,0
2026-01-16T18:39:24.282382,172.20.10.5,2,0
2026-01-16T18:39:24.282382,172.20.10.5,3,0
2026-01-16T18:39:24.282382,172.20.10.5,4,0
2026-01-16T18:39:24.282382,172.20.10.5,5,0
2026-01-16T18:39:24.282382,172.20.10.5,6,0
2026-01-16T18:39:24.282382,172.20.10.5,7,0
2026-01-16T18:39:24.282382,172.20.10.5,8,0.275513
2026-01-16T18:39:24.282382,172.20.10.5,9,0
2026-01-16T18:39:24.282382,172.20.10.5,10,0
2026-01-16T18:39:24.282382,172.20.10.5,11,0
2026-01-16T18:39:24.282382,172.20.10.5,12,0
2026-01-16T18:39:24.282382,172.20.10.5,13,0
2026-01-16T18:39:24.282382,172.20.10.5,14,0
2026-01-16T18:39:24.282382,172.20.10.5,15,0
2026-01-16T18:39:24.282382,172.20.10.5,16,0
2026-01-16T18:39:24.282382,172.20.10.5,17,0
2026-01-16T18:39:24.282382,172.20.10.5,18,0
2026-01-16T18:39:24.282382,172.20.10.5,19,0
2026-01-16T18:39:24.282382,172.20.10.5,20,0
2026-01-16T18:39:24.282382,172.20.10.5,21,0
2026-01-16T18:39:24.282382,172.20.10.5,22,0
2026-01-16T18:39:24.282382,172.20.10.5,23,0
2026-01-16T18:39:24.282382,172.20.10.5,0,0
2026-01-16T18:39:24.282382,172.20.10.5,1,0
2026-01-16T18:39:24.282382,172.20.10.5,2,0
2026-01-16T18:39:24.282382,172.20.10.5,3,0
2026-01-16T18:39:24.282382,172.20.10.5,4,0
2026-01-16T18:39:24.282382,172.20.10.5,5,0
2026-01-16T18:39:24.282382,172.20.10.5,6,0
2026-01-16T18:39:24.282382,172.20.10.5,7,0
2026-01-16T18:39:24.282382,172.20.10.5,8,0.0885698
2026-01-16T18:39:24.282382,172.20.10.5,9,0
2026-01-16T18:39:24.282382,172.20.10.5,10,0
2026-01-16T18:39:24.282382,172.20.10.5,11,0
2026-01-16T18:39:24.282382,172.20.10.5,12,0
2026-01-16T18:39:24.282382,172.20.10.5,13,0
2026-01-16T18:39:24.282382,172.20.10.5,14,0
2026-01-16T18:39:24.282382,172.20.10.5,15,0
2026-01-16T18:39:24.282382,172.20.10.5,16,0
2026-01-16T18:39:24.282382,172.20.10.5,17,0
2026-01-16T18:39:24.282382,172.20.10.5,18,0
2026-01-16T18:39:24.282382,172.20.10.5,19,0
2026-01-16T18:39:24.282382,172.20.10.5,20,0
2026-01-16T18:39:24.282382,172.20.10.5,21,0
2026-01-16T18:39:24.282382,172.20.10.5,22,0
2026-01-16T18:39:24.282382,172.20.10.5,23,0
2026-01-16T18:39:24.282382,172.20.10.5,0,0
2026-01-16T18:39:24.282382,172.20.10.5,1,0
2026-01-16T18:39:24.282382,172.20.10.5,2,0
2026-01-16T18:39:24.282382,172.20.10.5,3,0
2026-01-16T18:39:24.282382,172.20.10.5,4,0
2026-01-16T18:39:24.282382,172.20.10.5,5,0
2026-01-16T18:39:24.282382,172.20.10.5,6,0
2026-01-16T18:39:24.282382,172.20.10.5,7,0
2026-01-16T18:39:24.282382,172.20.10.5,8,5.7816
2026-01-16T18:39:24.282382,172.20.10.5,9,0
2026-01-16T18:39:24.282382,172.20.10.5,10,0
2026-01-16T18:39:24.282382,172.20.10.5,11,0
2026-01-16T18:39:24.282382,172.20.10.5,12,0
2026-01-16T18:39:24.282382,172.20.10.5,13,0
2026-01-16T18:39:24.282382,172.20.10.5,14,0
2026-01-16T18:39:24.282382,172.20.10.5,15,0
2026-01-16T18:39:24.282382,172.20.10.5,16,0
2026-01-16T18:39:24.282382,172.20.10.5,17,0
2026-01-16T18:39:24.282382,172.20.10.5,18,0
2026-01-16T18:39:24.282382,172.20.10.5,19,0
2026-01-16T18:39:24.282382,172.20.10.5,20,0
2026-01-16T18:39:24.282382,172.20.10.5,21,0
2026-01-16T18:39:24.282382,172.20.10.5,22,0
2026-01-16T18:39:24.282382,172.20.10.5,23,0
2026-01-16T18:39:24.282382,172.20.10.5,0,0
2026-01-16T18:39:24.282382,172.20.10.5,1,0
2026-01-16T18:39:24.282382,172.20.10.5,2,0
2026-01-16T18:39:24.282382,172.20.10.5,3,0
2026-01-16T18:39:24.282382,172.20.10.5,4,0
2026-01-16T18:39:24.282382,172.20.10.5,5,0
2026-01-16T18:39:24.282382,172.20.10.5,6,0
2026-01-16T18:39:24.282382,172.20.10.5,7,0
2026-01-16T18:39:24.282382,172.20.10.5,8,0.112772
2026-01-16T18:39:24.282382,172.20.10.5,9,0
2026-01-16T18:39:24.282382,172.20.10.5,10,0
2026-01-16T18:39:24.282382,172.20.10.5,11,0
2026-01-16T18:39:24.282382,172.20.10.5,12,0
2026-01-16T18:39:24.282382,172.20.10.5,13,0
2026-01-16T18:39:24.282382,172.20.10.5,14,0
2026-01-16T18:39:24.282382,172.20.10.5,15,0
2026-01-16T18:39:24.282382,172.20.10.5,16,0
2026-01-16T18:39:24.282382,172.20.10.5,17,0
2026-01-16T18:39:24.282382,172.20.10.5,18,0
2026-01-16T18:39:24.282382,172.20.10.5,19,0
2026-01-16T18:39:24.282382,172.20.10.5,20,0
2026-01-16T18:39:24.282382,172.20.10.5,21,0
2026-01-16T18:39:24.282382,172.20.10.5,22,0
2026-01-16T18:39:24.282382,172.20.10.5,23,0
2026-01-16T18:39:24.282382,172.20.10.5,0,0
2026-01-16T18:39:24.282382,172.20.10.5,1,0
2026-01-16T18:39:24.282382,172.20.10.5,2,0
2026-01-16T18:39:24.282382,172.20.10.5,3,0
2026-01-16T18:39:24.282382,172.20.10.5,4,0
2026-01-16T18:39:24.282382,172.20.10.5,5,0
2026-01-16T18:39:24.282382,172.20.10.5,6,0
2026-01-16T18:39:24.282382,172.20.10.5,7,0
2026-01-16T18:39:24.282382,172.20.10.5,8,9.04739
2026-01-16T18:39:24.282382,172.20.10.5,9,0
2026-01-16T18:39:24.282382,172.20.10.5,10,0
2026-01-16T18:39:24.282382,172.20.10.5,11,0
2026-01-16T18:39:24.282382,172.20.10.5,12,0
2026-01-16T18:39:24.282382,172.20.10.5,13,0
2026-01-16T18:39:24.282382,172.20.10.5,14,0
2026-01-16T18:39:24.282382,172.20.10.5,15,0
2026-01-16T18:39:24.282382,172.20.10.5,16,0
2026-01-16T18:39:24.282382,172.20.10.5,17,0
2026-01-16T18:39:24.282382,172.20.10.5,18,0
2026-01-16T18:39:24.282382,172.20.10.5,19,0
2026-01-16T18:39:24.282382,172.20.10.5,20,0
2026-01-16T18:39:24.282382,172.20.10.5,21,0
2026-01-16T18:39:24.282382,172.20.10.5,22,0
2026-01-16T18:39:24.282382,172.20.10.5,23,0
2026-01-16T18:39:24.282382,172.20.10.5,0,0
2026-01-16T18:39:24.282382,172.20.10.5,1,0
2026-01-16T18:39:24.282382,172.20.10.5,2,0
2026-01-16T18:39:24.282382,172.20.10.5,3,0
2026-01-16T18:39:24.282382,172.20.10.5,4,0
2026-01-16T18:39:24.282382,172.20.10.5,5,0
2026-01-16T18:39:24.282382,172.20.10.5,6,0
2026-01-16T18:39:24.282382,172.20.10.5,7,0
2026-01-16T18:39:24.282382,172.20.10.5,8,0.787331
2026-01-16T18:39:24.282382,172.20.10.5,9,0
2026-01-16T18:39:24.282382,172.20.10.5,10,0
2026-01-16T18:39:24.282382,172.20.10.5,11,0
2026-01-16T18:39:24.282382,172.20.10.5,12,0
2026-01-16T18:39:24.282382,172.20.10.5,13,0
2026-01-16T18:39:24.282382,172.20.10.5,14,0
2026-01-16T18:39:24.282382,172.20.10.5,15,0
2026-01-16T18:39:24.282382,172.20.10.5,16,0
2026-01-16T18:39:24.282382,172.20.10.5,17,0
2026-01-16T18:39:24.282382,172.20.10.5,18,0
2026-01-16T18:39:24.282382,172.20.10.5,19,0
2026-01-16T18:39:24.282382,172.20.10.5,20,0
2026-01-16T18:39:24.282382,172.20.10.5,21,0
2026-01-16T18:39:24.282382,172.20.10.5,22,0
2026-01-16T18:39:24.282382,172.20.10.5,23,0
2026-01-16T18:39:24.282382,172.20.10.5,0,0
2026-01-16T18:39:24.282382,172.20.10.5,1,0
2026-01-16T18:39:24.282382,172.20.10.5,2,0
2026-01-16T18:39:24.282382,172.20.10.5,3,0
2026-01-16T18:39:24.282382,172.20.10.5,4,0
2026-01-16T18:39:24.282382,172.20.10.5,5,0
2026-01-16T18:39:24.282382,172.20.10.5,6,0
2026-01-16T18:39:24.282382,172.20.10.5,7,0
2026-01-16T18:39:24.282382,172.20.10.5,8,0.100351
2026-01-16T18:39:24.282382,172.20.10.5,9,0
2026-01-16T18:39:24.282382,172.20.10.5,10,0
2026-01-16T18:39:24.282382,172.20.10.5,11,0
2026-01-16T18:39:24.282382,172.20.10.5,12,0
2026-01-16T18:39:24.282382,172.20.10.5,13,0
2026-01-16T18:39:24.282382,172.20.10.5,14,0
2026-01-16T18:39:24.282382,172.20.10.5,15,0
2026-01-16T18:39:24.282382,172.20.10.5,16,0
2026-01-16T18:39:24.282382,172.20.10.5,17,0
2026-01-16T18:39:24.282382,172.20.10.5,18,0
2026-01-16T18:39:24.282382,172.20.10.5,19,0
2026-01-16T18:39:24.282382,172.20.10.5,20,0
2026-01-16T18:39:24.282382,172.20.10.5,21,0
2026-01-16T18:39:24.282382,172.20.10.5,22,0
2026-01-16T18:39:24.282382,172.20.10.5,23,0
2026-01-16T18:39:24.282382,172.20.10.5,0,0
2026-01-16T18:39:24.282382,172.20.10.5,1,0
2026-01-16T18:39:24.282382,172.20.10.5,2,0
2026-01-16T18:39:24.282382,172.20.10.5,3,0
2026-01-16T18:39:24.282382,172.20.10.5,4,0
2026-01-16T18:39:24.282382,172.20.10.5,5,0
2026-01-16T18:39:24.282382,172.20.10.5,6,0
2026-01-16T18:39:24.282382,172.20.10.5,7,0
2026-01-16T18:39:24.282382,172.20.10.5,8,0.168755
2026-01-16T18:39:24.282382,172.20.10.5,9,0
2026-01-16T18:39:24.282382,172.20.10.5,10,0
2026-01-16T18:39:24.282382,172.20.10.5,11,0
2026-01-16T18:39:24.282382,172.20.10.5,12,0
2026-01-16T18:39:24.282382,172.20.10.5,13,0
2026-01-16T18:39:24.282382,172.20.10.5,14,0
2026-01-16T18:39:24.282382,172.20.10.5,15,0
2026-01-16T18:39:24.282382,172.20.10.5,16,0
2026-01-16T18:39:24.282382,172.20.10.5,17,0
2026-01-16T18:39:24.282382,172.20.10.5,18,0
2026-01-16T18:39:24.282382,172.20.10.5,19,0
2026-01-16T18:39:24.282382,172.20.10.5,20,0
2026-01-16T18:39:24.282382,172.20.10.5,21,0
2026-01-16T18:39:24.282382,172.20.10.5,22,0
2026-01-16T18:39:24.282382,172.20.10.5,23,0
2026-01-16T18:39:24.282382,172.20.10.5,0,0
2026-01-16T18:39:24.282382,172.20.10.5,1,0
2026-01-16T18:39:24.282382,172.20.10.5,2,0
2026-01-16T18:39:24.282382,172.20.10.5,3,0
2026-01-16T18:39:24.282382,172.20.10.5,4,0
2026-01-16T18:39:24.282382,172.20.10.5,5,0
2026-01-16T18:39:24.282382,172.20.10.5,6,0
2026-01-16T18:39:24.282382,172.20.10.5,7,0
2026-01-16T18:39:24.282382,172.20.10.5,8,0.0837804
2026-01-16T18:39:24.282382,172.20.10.5,9,0
2026-01-16T18:39:24.282382,172.20.10.5,10,0
2026-01-16T18:39:24.282382,172.20.10.5,11,0
2026-01-16T18:39:24.282382,172.20.10.5,12,0
2026-01-16T18:39:24.282382,172.20.10.5,13,0
2026-01-16T18:39:24.282382,172.20.10.5,14,0
2026-01-16T18:39:24.282382,172.20.10.5,15,0
2026-01-16T18:39:24.282382,172.20.10.5,16,0
2026-01-16T18:39:24.282382,172.20.10.5,17,0
2026-01-16T18:39:24.282382,172.20.10.5,18,0
2026-01-16T18:39:24.282382,172.20.10.5,19,0
2026-01-16T18:39:24.282382,172.20.10.5,20,0
2026-01-16T18:39:24.282382,172.20.10.5,21,0
2026-01-16T18:39:24.282382,172.20.10.5,22,0
2026-01-16T18:39:24.282382,172.20.10.5,23,0
2026-01-16T18:39:24.282382,172.20.10.5,0,0
2026-01-16T18:39:24.282382,172.20.10.5,1,0
2026-01-16T18:39:24.282382,172.20.10.5,2,0
2026-01-16T18:39:24.282382,172.20.10.5,3,0
2026-01-16T18:39:24.282382,172.20.10.5,4,0
2026-01-16T18:39:24.282382,172.20.10.5,5,0
2026-01-16T18:39:24.282382,172.20.10.5,6,0
2026-01-16T18:39:24.282382,172.20.10.5,7,0
2026-01-16T18:39:24.282382,172.20.10.5,8,0.0483753
2026-01-16T18:39:24.282382,172.20.10.5,9,0
2026-01-16T18:39:24.282382,172.20.10.5,10,0
2026-01-16T18:39:24.282382,172.20.10.5,11,0
2026-01-16T18:39:24.282382,172.20.10.5,12,0
2026-01-16T18:39:24.282382,172.20.10.5,13,0
2026-01-16T18:39:24.282382,172.20.10.5,14,0
2026-01-16T18:39:24.282382,172.20.10.5,15,0
2026-01-16T18:39:24.282382,172.20.10.5,16,0
2026-01-16T18:39:24.282382,172.20.10.5,17,0
2026-01-16T18:39:24.282382,172.20.10.5,18,0
2026-01-16T18:39:24.282382,172.20.10.5,19,0
2026-01-16T18:39:24.282382,172.20.10.5,20,0
2026-01-16T18:39:24.282382,172.20.10.5,21,0
2026-01-16T18:39:24.282382,172.20.10.5,22,0
2026-01-16T18:39:24.282382,172.20.10.5,23,0
2026-01-16T18:39:24.282382,172.20.10.5,0,0
2026-01-16T18:39:24.282382,172.20.10.5,1,0
2026-01-16T18:39:24.282382,172.20.10.5,2,0
2026-01-16T18:39:24.282382,172.20.10.5,3,0
2026-01-16T18:39:24.282382,172.20.10.5,4,0
2026-01-16T18:39:24.282382,172.20.10.5,5,0
2026-01-16T18:39:24.282382,172.20.10.5,6,0
2026-01-16T18:39:24.282382,172.20.10.5,7,0
2026-01-16T18:39:24.282382,172.20.10.5,8,0.157006
2026-01-16T18:39:24.282382,172.20.10.5,9,0
2026-01-16T18:39:24.282382,172.20.10.5,10,0
2026-01-16T18:39:24.282382,172.20.10.5,11,0
2026-01-16T18:39:24.282382,172.20.10.5,12,0
2026-01-16T18:39:24.282382,172.20.10.5,13,0
2026-01-16T18:39:24.282382,172.20.10.5,14,0
2026-01-16T18:39:24.282382,172.20.10.5,15,0
2026-01-16T18:39:24.282382,172.20.10.5,16,0
2026-01-16T18:39:24.282382,172.20.10.5,17,0
2026-01-16T18:39:24.282382,172.20.10.5,18,0
2026-01-16T18:39:24.282382,172.20.10.5,19,0
2026-01-16T18:39:24.282382,172.20.10.5,20,0
2026-01-16T18:39:24.282382,172.20.10.5,21,0
2026-01-16T18:39:24.282382,172.20.10.5,22,0
2026-01-16T18:39:24.282382,172.20.10.5,23,0
2026-01-16T18:39:24.282382,172.20.10.5,0,0
2026-01-16T18:39:24.282382,172.20.10.5,1,0
2026-01-16T18:39:24.282382,172.20.10.5,2,0
2026-01-16T18:39:24.282382,172.20.10.5,3,0
2026-01-16T18:39:24.282382,172.20.10.5,4,0
2026-01-16T18:39:24.282382,172.20.10.5,5,0
2026-01-16T18:39:24.282382,172.20.10.5,6,0
2026-01-16T18:39:24.282382,172.20.10.5,7,0
2026-01-16T18:39:24.282382,172.20.10.5,8,0.29802
2026-01-16T18:39:24.282382,172.20.10.5,9,0
2026-01-16T18:39:24.282382,172.20.10.5,10,0
2026-01-16T18:39:24.282382,172.20.10.5,11,0
2026-01-16T18:39:24.282382,172.20.10.5,12,0
2026-01-16T18:39:24.282382,172.20.10.5,13,0
2026-01-16T18:39:24.282382,172.20.10.5,14,0
2026-01-16T18:39:24.282382,172.20.10.5,15,0
2026-01-16T18:39:24.282382,172.20.10.5,16,0
2026-01-16T18:39:24.282382,172.20.10.5,17,0
2026-01-16T18:39:24.282382,172.20.10.5,18,0
2026-01-16T18:39:24.282382,172.20.10.5,19,0
2026-01-16T18:39:24.282382,172.20.10.5,20,0
2026-01-16T18:39:24.282382,172.20.10.5,21,0
2026-01-16T18:39:24.282382,172.20.10.5,22,0
2026-01-16T18:39:24.282382,172.20.10.5,23,0
2026-01-16T18:39:24.282382,172.20.10.5,0,0
2026-01-16T18:39:24.282382,172.20.10.5,1,0
2026-01-16T18:39:24.282382,172.20.10.5,2,0
2026-01-16T18:39:24.282382,172.20.10.5,3,0
2026-01-16T18:39:24.282382,172.20.10.5,4,0
2026-01-16T18:39:24.282382,172.20.10.5,5,0
2026-01-16T18:39:24.282382,172.20.10.5,6,0
2026-01-16T18:39:24.282382,172.20.10.5,7,0
2026-01-16T18:39:24.282382,172.20.10.5,8,0.154353
2026-01-16T18:39:24.282382,172.20.10.5,9,0
2026-01-16T18:39:24.282382,172.20.10.5,10,0
2026-01-16T18:39:24.282382,172.20.10.5,11,0
2026-01-16T18:39:24.282382,172.20.10.5,12,0
2026-01-16T18:39:24.282382,172.20.10.5,13,0
2026-01-16T18:39:24.282382,172.20.10.5,14,0
2026-01-16T18:39:24.282382,172.20.10.5,15,0
2026-01-16T18:39:24.282382,172.20.10.5,16,0
2026-01-16T18:39:24.282382,172.20.10.5,17,0
2026-01-16T18:39:24.282382,172.20.10.5,18,0
2026-01-16T18:39:24.282382,172.20.10.5,19,0
2026-01-16T18:39:24.282382,172.20.10.5,20,0
2026-01-16T18:39:24.282382,172.20.10.5,21,0
2026-01-16T18:39:24.282382,172.20.10.5,22,0
2026-01-16T18:39:24.282382,172.20.10.5,23,0
2026-01-16T18:39:24.282382,172.20.10.5,0,0
2026-01-16T18:39:24.282382,172.20.10.5,1,0
2026-01-16T18:39:24.282382,172.20.10.5,2,0
2026-01-16T18:39:24.282382,172.20.10.5,3,0
2026-01-16T18:39:24.282382,172.20.10.5,4,0
2026-01-16T18:39:24.282382,172.20.10.5,5,0
2026-01-16T18:39:24.282382,172.20.10.5,6,0
2026-01-16T18:39:24.282382,172.20.10.5,7,0
2026-01-16T18:39:24.282382,172.20.10.5,8,0.289864
2026-01-16T18:39:24.282382,172.20.10.5,9,0
2026-01-16T18:39:24.282382,172.20.10.5,10,0
2026-01-16T18:39:24.282382,172.20.10.5,11,0
2026-01-16T18:39:24.282382,172.20.10.5,12,0
2026-01-16T18:39:24.282382,172.20.10.5,13,0
2026-01-16T18:39:24.282382,172.20.10.5,14,0
2026-01-16T18:39:24.282382,172.20.10.5,15,0
2026-01-16T18:39:24.282382,172.20.10.5,16,0
2026-01-16T18:39:24.282382,172.20.10.5,17,0
2026-01-16T18:39:24.282382,172.20.10.5,18,0
2026-01-16T18:39:24.282382,172.20.10.5,19,0
2026-01-16T18:39:24.282382,172.20.10.5,20,0
2026-01-16T18:39:24.282382,172.20.10.5,21,0
2026-01-16T18:39:24.282382,172.20.10.5,22,0
2026-01-16T18:39:24.282382,172.20.10.5,23,0
2026-01-16T18:39:24.282382,172.20.10.5,0,0
2026-01-16T18:39:24.282382,172.20.10.5,1,0
2026-01-16T18:39:24.282382,172.20.10.5,2,0
2026-01-16T18:39:24.282382,172.20.10.5,3,0
2026-01-16T18:39:24.282382,172.20.10.5,4,0
2026-01-16T18:39:24.282382,172.20.10.5,5,0
2026-01-16T18:39:24.282382,172.20.10.5,6,0
2026-01-16T18:39:24.282382,172.20.10.5,7,0
2026-01-16T18:39:24.282382,172.20.10.5,8,0.1252
2026-01-16T18:39:24.282382,172.20.10.5,9,0
2026-01-16T18:39:24.282382,172.20.10.5,10,0
2026-01-16T18:39:24.282382,172.20.10.5,11,0
2026-01-16T18:39:24.282382,172.20.10.5,12,0
2026-01-16T18:39:24.282382,172.20.10.5,13,0
2026-01-16T18:39:24.282382,172.20.10.5,14,0
2026-01-16T18:39:24.282382,172.20.10.5,15,0
2026-01-16T18:39:24.282382,172.20.10.5,16,0
2026-01-16T18:39:24.282382,172.20.10.5,17,0
2026-01-16T18:39:24.282382,172.20.10.5,18,0
2026-01-16T18:39:24.282382,172.20.10.5,19,0
2026-01-16T18:39:24.282382,172.20.10.5,20,0
2026-01-16T18:39:24.282382,172.20.10.5,21,0
2026-01-16T18:39:24.282382,172.20.10.5,22,0
2026-01-16T18:39:24.282382,172.20.10.5,23,0
2026-01-16T18:39:24.282382,172.20.10.5,0,0
2026-01-16T18:39:24.282382,172.20.10.5,1,0
2026-01-16T18:39:24.282382,172.20.10.5,2,0
2026-01-16T18:39:24.282382,172.20.10.5,3,0
2026-01-16T18:39:24.282382,172.20.10.5,4,0
2026-01-16T18:39:24.282382,172.20.10.5,5,0
2026-01-16T18:39:24.282382,172.20.10.5,6,0
2026-01-16T18:39:24.282382,172.20.10.5,7,0
2026-01-16T18:39:24.282382,172.20.10.5,8,0.136004
2026-01-16T18:39:24.282382,172.20.10.5,9,0
2026-01-16T18:39:24.282382,172.20.10.5,10,0
2026-01-16T18:39:24.282382,172.20.10.5,11,0
2026-01-16T18:39:24.282382,172.20.10.5,12,0
2026-01-16T18:39:24.282382,172.20.10.5,13,0
2026-01-16T18:39:24.282382,172.20.10.5,14,0
2026-01-16T18:39:24.282382,172.20.10.5,15,0
2026-01-16T18:39:24.282382,172.20.10.5,16,0
2026-01-16T18:39:24.282382,172.20.10.5,17,0
2026-01-16T18:39:24.282382,172.20.10.5,18,0
2026-01-16T18:39:24.282382,172.20.10.5,19,0
2026-01-16T18:39:24.282382,172.20.10.5,20,0
2026-01-16T18:39:24.282382,172.20.10.5,21,0
2026-01-16T18:39:24.282382,172.20.10.5,22,0
2026-01-16T18:39:24.282382,172.20.10.5,23,0
2026-01-16T18:39:24.282382,172.20.10.5,0,0
2026-01-16T18:39:24.282382,172.20.10.5,1,0
2026-01-16T18:39:24.282382,172.20.10.5,2,0
2026-01-16T18:39:24.282382,172.20.10.5,3,0
2026-01-16T18:39:24.282382,172.20.10.5,4,0
2026-01-16T18:39:24.282382,172.20.10.5,5,0
2026-01-16T18:39:24.282382,172.20.10.5,6,0
2026-01-16T18:39:24.282382,172.20.10.5,7,0
2026-01-16T18:39:24.282382,172.20.10.5,8,0.895679
2026-01-16T18:39:24.282382,172.20.10.5,9,0
2026-01-16T18:39:24.282382,172.20.10.5,10,0
2026-01-16T18:39:24.282382,172.20.10.5,11,0
2026-01-16T18:39:24.282382,172.20.10.5,12,0
2026-01-16T18:39:24.282382,172.20.10.5,13,0
2026-01-16T18:39:24.282382,172.20.10.5,14,0
2026-01-16T18:39:24.282382,172.20.10.5,15,0
2026-01-16T18:39:24.282382,172.20.10.5,16,0
2026-01-16T18:39:24.282382,172.20.10.5,17,0
2026-01-16T18:39:24.282382,172.20.10.5,18,0
2026-01-16T18:39:24.282382,172.20.10.5,19,0
2026-01-16T18:39:24.282382,172.20.10.5,20,0
2026-01-16T18:39:24.282382,172.20.10.5,21,0
2026-01-16T18:39:24.282382,172.20.10.5,22,0
2026-01-16T18:39:24.282382,172.20.10.5,23,0
2026-01-16T18:39:24.282382,172.20.10.5,0,0
2026-01-16T18:39:24.282382,172.20.10.5,1,0
2026-01-16T18:39:24.282382,172.20.10.5,2,0
2026-01-16T18:39:24.282382,172.20.10.5,3,0
2026-01-16T18:39:24.282382,172.20.10.5,4,0
2026-01-16T18:39:24.282382,172.20.10.5,5,0
2026-01-16T18:39:24.282382,172.20.10.5,6,0
2026-01-16T18:39:24.282382,172.20.10.5,7,0
2026-01-16T18:39:24.282382,172.20.10.5,8,0.730548
2026-01-16T18:39:24.282382,172.20.10.5,9,0
2026-01-16T18:39:24.282382,172.20.10.5,10,0
2026-01-16T18:39:24.282382,172.20.10.5,11,0
2026-01-16T18:39:24.282382,172.20.10.5,12,0
2026-01-16T18:39:24.282382,172.20.10.5,13,0
2026-01-16T18:39:24.282382,172.20.10.5,14,0
2026-01-16T18:39:24.282382,172.20.10.5,15,0
2026-01-16T18:39:24.282382,172.20.10.5,16,0
2026-01-16T18:39:24.282382,172.20.10.5,17,0
2026-01-16T18:39:24.282382,172.20.10.5,18,0
2026-01-16T18:39:24.282382,172.20.10.5,19,0
2026-01-16T18:39:24.282382,172.20.10.5,20,0
2026-01-16T18:39:24.282382,172.20.10.5,21,0
2026-01-16T18:39:24.282382,172.20.10.5,22,0
2026-01-16T18:39:24.282382,172.20.10.5,23,0
2026-01-16T18:39:24.282382,172.20.10.5,0,0
2026-01-16T18:39:24.282382,172.20.10.5,1,0
2026-01-16T18:39:24.282382,172.20.10.5,2,0
2026-01-16T18:39:24.282382,172.20.10.5,3,0
2026-01-16T18:39:24.282382,172.20.10.5,4,0
2026-01-16T18:39:24.282382,172.20.10.5,5,0
2026-01-16T18:39:24.282382,172.20.10.5,6,0
2026-01-16T18:39:24.282382,172.20.10.5,7,0
2026-01-16T18:39:24.282382,172.20.10.5,8,2.07106
2026-01-16T18:39:24.282382,172.20.10.5,9,0
2026-01-16T18:39:24.282382,172.20.10.5,10,0
2026-01-16T18:39:24.282382,172.20.10.5,11,0
2026-01-16T18:39:24.282382,172.20.10.5,12,0
2026-01-16T18:39:24.282382,172.20.10.5,13,0
2026-01-16T18:39:24.282382,172.20.10.5,14,0
2026-01-16T18:39:24.282382,172.20.10.5,15,0
2026-01-16T18:39:24.282382,172.20.10.5,16,0
2026-01-16T18:39:24.282382,172.20.10.5,17,0
2026-01-16T18:39:24.282382,172.20.10.5,18,0
2026-01-16T18:39:24.282382,172.20.10.5,19,0
2026-01-16T18:39:24.282382,172.20.10.5,20,0
2026-01-16T18:39:24.282382,172.20.10.5,21,0
2026-01-16T18:39:24.282382,172.20.10.5,22,0
2026-01-16T18:39:24.282382,172.20.10.5,23,0
2026-01-16T18:39:24.282382,172.20.10.5,0,0
2026-01-16T18:39:24.282382,172.20.10.5,1,0
2026-01-16T18:39:24.282382,172.20.10.5,2,0
2026-01-16T18:39:24.282382,172.20.10.5,3,0
2026-01-16T18:39:24.282382,172.20.10.5,4,0
2026-01-16T18:39:24.282382,172.20.10.5,5,0
2026-01-16T18:39:24.282382,172.20.10.5,6,0
2026-01-16T18:39:24.282382,172.20.10.5,7,0
2026-01-16T18:39:24.282382,172.20.10.5,8,0.769877
2026-01-16T18:39:24.282382,172.20.10.5,9,0
2026-01-16T18:39:24.282382,172.20.10.5,10,0
2026-01-16T18:39:24.282382,172.20.10.5,11,0
2026-01-16T18:39:24.282382,172.20.10.5,12,0
2026-01-16T18:39:24.282382,172.20.10.5,13,0
2026-01-16T18:39:24.282382,172.20.10.5,14,0
2026-01-16T18:39:24.282382,172.20.10.5,15,0
2026-01-16T18:39:24.282382,172.20.10.5,16,0
2026-01-16T18:39:24.282382,172.20.10.5,17,0
2026-01-16T18:39:24.282382,172.20.10.5,18,0
2026-01-16T18:39:24.282382,172.20.10.5,19,0
2026-01-16T18:39:24.282382,172.20.10.5,20,0
2026-01-16T18:39:24.282382,172.20.10.5,21,0
2026-01-16T18:39:24.282382,172.20.10.5,22,0
2026-01-16T18:39:24.282382,172.20.10.5,23,0
2026-01-16T18:39:24.282382,172.20.10.5,0,0
2026-01-16T18:39:24.282382,172.20.10.5,1,0
2026-01-16T18:39:24.282382,172.20.10.5,2,0
2026-01-16T18:39:24.282382,172.20.10.5,3,0
2026-01-16T18:39:24.282382,172.20.10.5,4,0
2026-01-16T18:39:24.282382,172.20.10.5,5,0
2026-01-16T18:39:24.282382,172.20.10.5,6,0
2026-01-16T18:39:24.282382,172.20.10.5,7,0
2026-01-16T18:39:24.282382,172.20.10.5,8,0.631925
2026-01-16T18:39:24.282382,172.20.10.5,9,0
2026-01-16T18:39:24.282382,172.20.10.5,10,0
2026-01-16T18:39:24.282382,172.20.10.5,11,0
2026-01-16T18:39:24.282382,172.20.10.5,12,0
2026-01-16T18:39:24.282382,172.20.10.5,13,0
2026-01-16T18:39:24.282382,172.20.10.5,14,0
2026-01-16T18:39:24.282382,172.20.10.5,15,0
2026-01-16T18:39:24.282382,172.20.10.5,16,0
2026-01-16T18:39:24.282382,172.20.10.5,17,0
2026-01-16T18:39:24.282382,172.20.10.5,18,0
2026-01-16T18:39:24.282382,172.20.10.5,19,0
2026-01-16T18:39:24.282382,172.20.10.5,20,0
2026-01-16T18:39:24.282382,172.20.10.5,21,0
2026-01-16T18:39:24.282382,172.20.10.5,22,0
2026-01-16T18:39:24.282382,172.20.10.5,23,0
2026-01-16T18:39:24.282382,172.20.10.5,0,0
2026-01-16T18:39:24.282382,172.20.10.5,1,0
2026-01-16T18:39:24.282382,172.20.10.5,2,0
2026-01-16T18:39:24.282382,172.20.10.5,3,0
2026-01-16T18:39:24.282382,172.20.10.5,4,0
2026-01-16T18:39:24.282382,172.20.10.5,5,0
2026-01-16T18:39:24.282382,172.20.10.5,6,0
2026-01-16T18:39:24.282382,172.20.10.5,7,0
2026-01-16T18:39:24.282382,172.20.10.5,8,0.173707
2026-01-16T18:39:24.282382,172.20.10.5,9,0
2026-01-16T18:39:24.282382,172.20.10.5,10,0
2026-01-16T18:39:24.282382,172.20.10.5,11,0
2026-01-16T18:39:24.282382,172.20.10.5,12,0
2026-01-16T18:39:24.282382,172.20.10.5,13,0
2026-01-16T18:39:24.282382,172.20.10.5,14,0
2026-01-16T18:39:24.282382,172.20.10.5,15,0
2026-01-16T18:39:24.282382,172.20.10.5,16,0
2026-01-16T18:39:24.282382,172.20.10.5,17,0
2026-01-16T18:39:24.282382,172.20.10.5,18,0
2026-01-16T18:39:24.282382,172.20.10.5,19,0
2026-01-16T18:39:24.282382,172.20.10.5,20,0
2026-01-16T18:39:24.282382,172.20.10.5,21,0
2026-01-16T18:39:24.282382,172.20.10.5,22,0
2026-01-16T18:39:24.282382,172.20.10.5,23,0
2026-01-16T18:39:24.282382,172.20.10.5,0,0
2026-01-16T18:39:24.282382,172.20.10.5,1,0
2026-01-16T18:39:24.282382,172.20.10.5,2,0
2026-01-16T18:39:24.282382,172.20.10.5,3,0
2026-01-16T18:39:24.282382,172.20.10.5,4,0
2026-01-16T18:39:24.282382,172.20.10.5,5,0
2026-01-16T18:39:24.282382,172.20.10.5,6,0
2026-01-16T18:39:24.282382,172.20.10.5,7,0
2026-01-16T18:39:24.282382,172.20.10.5,8,0.235444
2026-01-16T18:39:24.282382,172.20.10.5,9,0
2026-01-16T18:39:24.282382,172.20.10.5,10,0
2026-01-16T18:39:24.282382,172.20.10.5,11,0
2026-01-16T18:39:24.282382,172.20.10.5,12,0
2026-01-16T18:39:24.282382,172.20.10.5,13,0
2026-01-16T18:39:24.282382,172.20.10.5,14,0
2026-01-16T18:39:24.282382,172.20.10.5,15,0
2026-01-16T18:39:24.282382,172.20.10.5,16,0
2026-01-16T18:39:24.282382,172.20.10.5,17,0
2026-01-16T18:39:24.282382,172.20.10.5,18,0
2026-01-16T18:39:24.282382,172.20.10.5,19,0
2026-01-16T18:39:24.282382,172.20.10.5,20,0
2026-01-16T18:39:24.282382,172.20.10.5,21,0
2026-01-16T18:39:24.282382,172.20.10.5,22,0
2026-01-16T18:39:24.282382,172.20.10.5,23,0
2026-01-16T18:39:24.282382,172.20.10.5,0,0
2026-01-16T18:39:24.282382,172.20.10.5,1,0
2026-01-16T18:39:24.282382,172.20.10.5,2,0
2026-01-16T18:39:24.282382,172.20.10.5,3,0
2026-01-16T18:39:24.282382,172.20.10.5,4,0
2026-01-16T18:39:24.282382,172.20.10.5,5,0
2026-01-16T18:39:24.282382,172.20.10.5,6,0
2026-01-16T18:39:24.282382,172.20.10.5,7,0
2026-01-16T18:39:24.282382,172.20.10.5,8,5.83693
2026-01-16T18:39:24.282382,172.20.10.5,9,0
2026-01-16T18:39:24.282382,172.20.10.5,10,0
2026-01-16T18:39:24.282382,172.20.10.5,11,0
2026-01-16T18:39:24.282382,172.20.10.5,12,0
2026-01-16T18:39:24.282382,172.20.10.5,13,0
2026-01-16T18:39:24.282382,172.20.10.5,14,0
2026-01-16T18:39:24.282382,172.20.10.5,15,0
2026-01-16T18:39:24.282382,172.20.10.5,16,0
2026-01-16T18:39:24.282382,172.20.10.5,17,0
2026-01-16T18:39:24.282382,172.20.10.5,18,0
2026-01-16T18:39:24.282382,172.20.10.5,19,0
2026-01-16T18:39:24.282382,172.20.10.5,20,0
2026-01-16T18:39:24.282382,172.20.10.5,21,0
2026-01-16T18:39:24.282382,172.20.10.5,22,0
2026-01-16T18:39:24.282382,172.20.10.5,23,0
2026-01-16T18:39:24.282382,172.20.10.5,0,0
2026-01-16T18:39:24.282382,172.20.10.5,1,0
2026-01-16T18:39:24.282382,172.20.10.5,2,0
2026-01-16T18:39:24.282382,172.20.10.5,3,0
2026-01-16T18:39:24.282382,172.20.10.5,4,0
2026-01-16T18:39:24.282382,172.20.10.5,5,0
2026-01-16T18:39:24.282382,172.20.10.5,6,0
2026-01-16T18:39:24.282382,172.20.10.5,7,0
2026-01-16T18:39:24.282382,172.20.10.5,8,0.173071
2026-01-16T18:39:24.282382,172.20.10.5,9,0
2026-01-16T18:39:24.282382,172.20.10.5,10,0
2026-01-16T18:39:24.282382,172.20.10.5,11,0
2026-01-16T18:39:24.282382,172.20.10.5,12,0
2026-01-16T18:39:24.282382,172.20.10.5,13,0
2026-01-16T18:39:24.282382,172.20.10.5,14,0
2026-01-16T18:39:24.282382,172.20.10.5,15,0
2026-01-16T18:39:24.282382,172.20.10.5,16,0
2026-01-16T18:39:24.282382,172.20.10.5,17,0
2026-01-16T18:39:24.282382,172.20.10.5,18,0
2026-01-16T18:39:24.282382,172.20.10.5,19,0
2026-01-16T18:39:24.282382,172.20.10.5,20,0
2026-01-16T18:39:24.282382,172.20.10.5,21,0
2026-01-16T18:39:24.282382,172.20.10.5,22,0
2026-01-16T18:39:24.282382,172.20.10.5,23,0
2026-01-16T18:39:24.282382,172.20.10.5,0,0
2026-01-16T18:39:24.282382,172.20.10.5,1,0
2026-01-16T18:39:24.282382,172.20.10.5,2,0
2026-01-16T18:39:24.282382,172.20.10.5,3,0
2026-01-16T18:39:24.282382,172.20.10.5,4,0
2026-01-16T18:39:24.282382,172.20.10.5,5,0
2026-01-16T18:39:24.282382,172.20.10.5,6,0
2026-01-16T18:39:24.282382,172.20.10.5,7,0
2026-01-16T18:39:24.282382,172.20.10.5,8,8.64798
2026-01-16T18:39:24.282382,172.20.10.5,9,0
2026-01-16T18:39:24.282382,172.20.10.5,10,0
2026-01-16T18:39:24.282382,172.20.10.5,11,0
2026-01-16T18:39:24.282382,172.20.10.5,12,0
2026-01-16T18:39:24.282382,172.20.10.5,13,0
2026-01-16T18:39:24.282382,172.20.10.5,14,0
2026-01-16T18:39:24.282382,172.20.10.5,15,0
2026-01-16T18:39:24.282382,172.20.10.5,16,0
2026-01-16T18:39:24.282382,172.20.10.5,17,0
2026-01-16T18:39:24.282382,172.20.10.5,18,0
2026-01-16T18:39:24.282382,172.20.10.5,19,0
2026-01-16T18:39:24.282382,172.20.10.5,20,0
2026-01-16T18:39:24.282382,172.20.10.5,21,0
2026-01-16T18:39:24.282382,172.20.10.5,22,0
2026-01-16T18:39:24.282382,172.20.10.5,23,0
2026-01-16T18:39:24.282382,172.20.10.5,0,0
2026-01-16T18:39:24.282382,172.20.10.5,1,0
2026-01-16T18:39:24.282382,172.20.10.5,2,0
2026-01-16T18:39:24.282382,172.20.10.5,3,0
2026-01-16T18:39:24.282382,172.20.10.5,4,0
2026-01-16T18:39:24.282382,172.20.10.5,5,0
2026-01-16T18:39:24.282382,172.20.10.5,6,0
2026-01-16T18:39:24.282382,172.20.10.5,7,0
2026-01-16T18:39:24.282382,172.20.10.5,8,0.219931
2026-01-16T18:39:24.282382,172.20.10.5,9,0
2026-01-16T18:39:24.282382,172.20.10.5,10,0
2026-01-16T18:39:24.282382,172.20.10.5,11,0
2026-01-16T18:39:24.282382,172.20.10.5,12,0
2026-01-16T18:39:24.282382,172.20.10.5,13,0
2026-01-16T18:39:24.282382,172.20.10.5,14,0
2026-01-16T18:39:24.282382,172.20.10.5,15,0
2026-01-16T18:39:24.282382,172.20.10.5,16,0
2026-01-16T18:39:24.282382,172.20.10.5,17,0
2026-01-16T18:39:24.282382,172.20.10.5,18,0
2026-01-16T18:39:24.282382,172.20.10.5,19,0
2026-01-16T18:39:24.282382,172.20.10.5,20,0
2026-01-16T18:39:24.282382,172.20.10.5,21,0
2026-01-16T18:39:24.282382,172.20.10.5,22,0
2026-01-16T18:39:24.282382,172.20.10.5,23,0
2026-01-16T18:39:24.282382,172.20.10.5,0,0
2026-01-16T18:39:24.282382,172.20.10.5,1,0
2026-01-16T18:39:24.282382,172.20.10.5,2,0
2026-01-16T18:39:24.282382,172.20.10.5,3,0
2026-01-16T18:39:24.282382,172.20.10.5,4,0
2026-01-16T18:39:24.282382,172.20.10.5,5,0
2026-01-16T18:39:24.282382,172.20.10.5,6,0
2026-01-16T18:39:24.282382,172.20.10.5,7,0
2026-01-16T18:39:24.282382,172.20.10.5,8,3.4664
2026-01-16T18:39:24.282382,172.20.10.5,9,0
2026-01-16T18:39:24.282382,172.20.10.5,10,0
2026-01-16T18:39:24.282382,172.20.10.5,11,0
2026-01-16T18:39:24.282382,172.20.10.5,12,0
2026-01-16T18:39:24.282382,172.20.10.5,13,0
2026-01-16T18:39:24.282382,172.20.10.5,14,0
2026-01-16T18:39:24.282382,172.20.10.5,15,0
2026-01-16T18:39:24.282382,172.20.10.5,16,0
2026-01-16T18:39:24.282382,172.20.10.5,17,0
2026-01-16T18:39:24.282382,172.20.10.5,18,0
2026-01-16T18:39:24.282382,172.20.10.5,19,0
2026-01-16T18:39:24.282382,172.20.10.5,20,0
2026-01-16T18:39:24.282382,172.20.10.5,21,0
2026-01-16T18:39:24.282382,172.20.10.5,22,0
2026-01-16T18:39:24.282382,172.20.10.5,23,0
2026-01-16T18:39:24.282382,172.20.10.5,0,0
2026-01-16T18:39:24.282382,172.20.10.5,1,0
2026-01-16T18:39:24.282382,172.20.10.5,2,0
2026-01-16T18:39:24.282382,172.20.10.5,3,0
2026-01-16T18:39:24.282382,172.20.10.5,4,0
2026-01-16T18:39:24.282382,172.20.10.5,5,0
2026-01-16T18:39:24.282382,172.20.10.5,6,0
2026-01-16T18:39:24.282382,172.20.10.5,7,0
2026-01-16T18:39:24.282382,172.20.10.5,8,0.0673433
2026-01-16T18:39:24.282382,172.20.10.5,9,0
2026-01-16T18:39:24.282382,172.20.10.5,10,0
2026-01-16T18:39:24.282382,172.20.10.5,11,0
2026-01-16T18:39:24.282382,172.20.10.5,12,0
2026-01-16T18:39:24.282382,172.20.10.5,13,0
2026-01-16T18:39:24.282382,172.20.10.5,14,0
2026-01-16T18:39:24.282382,172.20.10.5,15,0
2026-01-16T18:39:24.282382,172.20.10.5,16,0
2026-01-16T18:39:24.282382,172.20.10.5,17,0
2026-01-16T18:39:24.282382,172.20.10.5,18,0
2026-01-16T18:39:24.282382,172.20.10.5,19,0
2026-01-16T18:39:24.282382,172.20.10.5,20,0
2026-01-16T18:39:24.282382,172.20.10.5,21,0
2026-01-16T18:39:24.282382,172.20.10.5,22,0
2026-01-16T18:39:24.282382,172.20.10.5,23,0
2026-01-16T18:39:24.282382,172.20.10.5,0,0
2026-01-16T18:39:24.282382,172.20.10.5,1,0
2026-01-16T18:39:24.282382,172.20.10.5,2,0
2026-01-16T18:39:24.282382,172.20.10.5,3,0
2026-01-16T18:39:24.282382,172.20.10.5,4,0
2026-01-16T18:39:24.282382,172.20.10.5,5,0
2026-01-16T18:39:24.282382,172.20.10.5,6,0
2026-01-16T18:39:24.282382,172.20.10.5,7,0
2026-01-16T18:39:24.282382,172.20.10.5,8,0.0666906
2026-01-16T18:39:24.282382,172.20.10.5,9,0
2026-01-16T18:39:24.282382,172.20.10.5,10,0
2026-01-16T18:39:24.282382,172.20.10.5,11,0
2026-01-16T18:39:24.282382,172.20.10.5,12,0
2026-01-16T18:39:24.282382,172.20.10.5,13,0
2026-01-16T18:39:24.282382,172.20.10.5,14,0
2026-01-16T18:39:24.282382,172.20.10.5,15,0
2026-01-16T18:39:24.282382,172.20.10.5,16,0
2026-01-16T18:39:24.282382,172.20.10.5,17,0
2026-01-16T18:39:24.282382,172.20.10.5,18,0
2026-01-16T18:39:24.282382,172.20.10.5,19,0
2026-01-16T18:39:24.282382,172.20.10.5,20,0
2026-01-16T18:39:24.282382,172.20.10.5,21,0
2026-01-16T18:39:24.282382,172.20.10.5,22,0
2026-01-16T18:39:24.282382,172.20.10.5,23,0
2026-01-16T18:39:24.282382,172.20.10.5,0,0
2026-01-16T18:39:24.282382,172.20.10.5,1,0
2026-01-16T18:39:24.282382,172.20.10.5,2,0
2026-01-16T18:39:24.282382,172.20.10.5,3,0
2026-01-16T18:39:24.282382,172.20.10.5,4,0
2026-01-16T18:39:24.282382,172.20.10.5,5,0
2026-01-16T18:39:24.282382,172.20.10.5,6,0
2026-01-16T18:39:24.282382,172.20.10.5,7,0
2026-01-16T18:39:24.282382,172.20.10.5,8,0.122949
2026-01-16T18:39:24.282382,172.20.10.5,9,0
2026-01-16T18:39:24.282382,172.20.10.5,10,0
2026-01-16T18:39:24.282382,172.20.10.5,11,0
2026-01-16T18:39:24.282382,172.20.10.5,12,0
2026-01-16T18:39:24.282382,172.20.10.5,13,0
2026-01-16T18:39:24.282382,172.20.10.5,14,0
2026-01-16T18:39:24.282382,172.20.10.5,15,0
2026-01-16T18:39:24.282382,172.20.10.5,16,0
2026-01-16T18:39:24.282382,172.20.10.5,17,0
2026-01-16T18:39:24.282382,172.20.10.5,18,0
2026-01-16T18:39:24.282382,172.20.10.5,19,0
2026-01-16T18:39:24.282382,172.20.10.5,20,0
2026-01-16T18:39:24.282382,172.20.10.5,21,0
2026-01-16T18:39:24.282382,172.20.10.5,22,0
2026-01-16T18:39:24.282382,172.20.10.5,23,0
2026-01-16T18:39:24.282382,172.20.10.5,0,0
2026-01-16T18:39:24.282382,172.20.10.5,1,0
2026-01-16T18:39:24.282382,172.20.10.5,2,0
2026-01-16T18:39:24.282382,172.20.10.5,3,0
2026-01-16T18:39:24.282382,172.20.10.5,4,0
2026-01-16T18:39:24.282382,172.20.10.5,5,0
2026-01-16T18:39:24.282382,172.20.10.5,6,0
2026-01-16T18:39:24.282382,172.20.10.5,7,0
2026-01-16T18:39:24.282382,172.20.10.5,8,0.0894014
2026-01-16T18:39:24.282382,172.20.10.5,9,0
2026-01-16T18:39:24.282382,172.20.10.5,10,0
2026-01-16T18:39:24.282382,172.20.10.5,11,0
2026-01-16T18:39:24.282382,172.20.10.5,12,0
2026-01-16T18:39:24.282382,172.20.10.5,13,0
2026-01-16T18:39:24.282382,172.20.10.5,14,0
2026-01-16T18:39:24.282382,172.20.10.5,15,0
2026-01-16T18:39:24.282382,172.20.10.5,16,0
2026-01-16T18:39:24.282382,172.20.10.5,17,0
2026-01-16T18:39:24.282382,172.20.10.5,18,0
2026-01-16T18:39:24.282382,172.20.10.5,19,0
2026-01-16T18:39:24.282382,172.20.10.5,20,0
2026-01-16T18:39:24.282382,172.20.10.5,21,0
2026-01-16T18:39:24.282382,172.20.10.5,22,0
2026-01-16T18:39:24.282382,172.20.10.5,23,0
2026-01-16T18:39:24.282382,172.20.10.5,0,0
2026-01-16T18:39:24.282382,172.20.10.5,1,0
2026-01-16T18:39:24.282382,172.20.10.5,2,0
2026-01-16T18:39:24.282382,172.20.10.5,3,0
2026-01-16T18:39:24.282382,172.20.10.5,4,0
2026-01-16T18:39:24.282382,172.20.10.5,5,0
2026-01-16T18:39:24.282382,172.20.10.5,6,0
2026-01-16T18:39:24.282382,172.20.10.5,7,0
2026-01-16T18:39:24.282382,172.20.10.5,8,2.60126
2026-01-16T18:39:24.282382,172.20.10.5,9,0
2026-01-16T18:39:24.282382,172.20.10.5,10,0
2026-01-16T18:39:24.282382,172.20.10.5,11,0
2026-01-16T18:39:24.282382,172.20.10.5,12,0
2026-01-16T18:39:24.282382,172.20.10.5,13,0
2026-01-16T18:39:24.282382,172.20.10.5,14,0
2026-01-16T18:39:24.282382,172.20.10.5,15,0
2026-01-16T18:39:24.282382,172.20.10.5,16,0
2026-01-16T18:39:24.282382,172.20.10.5,17,0
2026-01-16T18:39:24.282382,172.20.10.5,18,0
2026-01-16T18:39:24.282382,172.20.10.5,19,0
2026-01-16T18:39:24.282382,172.20.10.5,20,0
2026-01-16T18:39:24.282382,172.20.10.5,21,0
2026-01-16T18:39:24.282382,172.20.10.5,22,0
2026-01-16T18:39:24.282382,172.20.10.5,23,0
2026-01-16T18:39:24.282382,172.20.10.5,0,0
2026-01-16T18:39:24.282382,172.20.10.5,1,0
2026-01-16T18:39:24.282382,172.20.10.5,2,0
2026-01-16T18:39:24.282382,172.20.10.5,3,0
2026-01-16T18:39:24.282382,172.20.10.5,4,0
2026-01-16T18:39:24.282382,172.20.10.5,5,0
2026-01-16T18:39:24.282382,172.20.10.5,6,0
2026-01-16T18:39:24.282382,172.20.10.5,7,0
2026-01-16T18:39:24.282382,172.20.10.5,8,0.12322
2026-01-16T18:39:24.282382,172.20.10.5,9,0
2026-01-16T18:39:24.282382,172.20.10.5,10,0
2026-01-16T18:39:24.282382,172.20.10.5,11,0
2026-01-16T18:39:24.282382,172.20.10.5,12,0
2026-01-16T18:39:24.282382,172.20.10.5,13,0
2026-01-16T18:39:24.282382,172.20.10.5,14,0
2026-01-16T18:39:24.282382,172.20.10.5,15,0
2026-01-16T18:39:24.282382,172.20.10.5,16,0
2026-01-16T18:39:24.282382,172.20.10.5,17,0
2026-01-16T18:39:24.282382,172.20.10.5,18,0
2026-01-16T18:39:24.282382,172.20.10.5,19,0
2026-01-16T18:39:24.282382,172.20.10.5,20,0
2026-01-16T18:39:24.282382,172.20.10.5,21,0
2026-01-16T18:39:24.282382,172.20.10.5,22,0
2026-01-16T18:39:24.282382,172.20.10.5,23,0
2026-01-16T18:39:24.282382,172.20.10.5,0,0
2026-01-16T18:39:24.282382,172.20.10.5,1,0
2026-01-16T18:39:24.282382,172.20.10.5,2,0
2026-01-16T18:39:24.282382,172.20.10.5,3,0
2026-01-16T18:39:24.282382,172.20.10.5,4,0
2026-01-16T18:39:24.282382,172.20.10.5,5,0
2026-01-16T18:39:24.282382,172.20.10.5,6,0
2026-01-16T18:39:24.282382,172.20.10.5,7,0
2026-01-16T18:39:24.282382,172.20.10.5,8,0.244091
2026-01-16T18:39:24.282382,172.20.10.5,9,0
2026-01-16T18:39:24.282382,172.20.10.5,10,0
2026-01-16T18:39:24.282382,172.20.10.5,11,0
2026-01-16T18:39:24.282382,172.20.10.5,12,0
2026-01-16T18:39:24.282382,172.20.10.5,13,0
2026-01-16T18:39:24.282382,172.20.10.5,14,0
2026-01-16T18:39:24.282382,172.20.10.5,15,0
2026-01-16T18:39:24.282382,172.20.10.5,16,0
2026-01-16T18:39:24.282382,172.20.10.5,17,0
2026-01-16T18:39:24.282382,172.20.10.5,18,0
2026-01-16T18:39:24.282382,172.20.10.5,19,0
2026-01-16T18:39:24.282382,172.20.10.5,20,0
2026-01-16T18:39:24.282382,172.20.10.5,21,0
2026-01-16T18:39:24.282382,172.20.10.5,22,0
2026-01-16T18:39:24.282382,172.20.10.5,23,0
2026-01-16T18:39:24.282382,172.20.10.5,0,0
2026-01-16T18:39:24.282382,172.20.10.5,1,0
2026-01-16T18:39:24.282382,172.20.10.5,2,0
2026-01-16T18:39:24.282382,172.20.10.5,3,0
2026-01-16T18:39:24.282382,172.20.10.5,4,0
2026-01-16T18:39:24.282382,172.20.10.5,5,0
2026-01-16T18:39:24.282382,172.20.10.5,6,0
2026-01-16T18:39:24.282382,172.20.10.5,7,0
2026-01-16T18:39:24.282382,172.20.10.5,8,0.18534
2026-01-16T18:39:24.282382,172.20.10.5,9,0
2026-01-16T18:39:24.282382,172.20.10.5,10,0
2026-01-16T18:39:24.282382,172.20.10.5,11,0
2026-01-16T18:39:24.282382,172.20.10.5,12,0
2026-01-16T18:39:24.282382,172.20.10.5,13,0
2026-01-16T18:39:24.282382,172.20.10.5,14,0
2026-01-16T18:39:24.282382,172.20.10.5,15,0
2026-01-16T18:39:24.282382,172.20.10.5,16,0
2026-01-16T18:39:24.282382,172.20.10.5,17,0
2026-01-16T18:39:24.282382,172.20.10.5,18,0
2026-01-16T18:39:24.282382,172.20.10.5,19,0
2026-01-16T18:39:24.282382,172.20.10.5,20,0
2026-01-16T18:39:24.282382,172.20.10.5,21,0
2026-01-16T18:39:24.282382,172.20.10.5,22,0
2026-01-16T18:39:24.282382,172.20.10.5,23,0
2026-01-16T18:39:24.282382,172.20.10.5,0,0
2026-01-16T18:39:24.282382,172.20.10.5,1,0
2026-01-16T18:39:24.282382,172.20.10.5,2,0
2026-01-16T18:39:24.282382,172.20.10.5,3,0
2026-01-16T18:39:24.282382,172.20.10.5,4,0
2026-01-16T18:39:24.282382,172.20.10.5,5,0
2026-01-16T18:39:24.282382,172.20.10.5,6,0
2026-01-16T18:39:24.282382,172.20.10.5,7,0
2026-01-16T18:39:24.282382,172.20.10.5,8,0.0750111
2026-01-16T18:39:24.282382,172.20.10.5,9,0
2026-01-16T18:39:24.282382,172.20.10.5,10,0
2026-01-16T18:39:24.282382,172.20.10.5,11,0
2026-01-16T18:39:24.282382,172.20.10.5,12,0
2026-01-16T18:39:24.282382,172.20.10.5,13,0
2026-01-16T18:39:24.282382,172.20.10.5,14,0
2026-01-16T18:39:24.282382,172.20.10.5,15,0
2026-01-16T18:39:24.282382,172.20.10.5,16,0
2026-01-16T18:39:24.282382,172.20.10.5,17,0
2026-01-16T18:39:24.282382,172.20.10.5,18,0
2026-01-16T18:39:24.282382,172.20.10.5,19,0
2026-01-16T18:39:24.282382,172.20.10.5,20,0
2026-01-16T18:39:24.282382,172.20.10.5,21,0
2026-01-16T18:39:24.282382,172.20.10.5,22,0
2026-01-16T18:39:24.282382,172.20.10.5,23,0
2026-01-16T18:39:24.282382,172.20.10.5,0,0
2026-01-16T18:39:24.282382,172.20.10.5,1,0
2026-01-16T18:39:24.282382,172.20.10.5,2,0
2026-01-16T18:39:24.282382,172.20.10.5,3,0
2026-01-16T18:39:24.282382,172.20.10.5,4,0
2026-01-16T18:39:24.282382,172.20.10.5,5,0
2026-01-16T18:39:24.282382,172.20.10.5,6,0
2026-01-16T18:39:24.282382,172.20.10.5,7,0
2026-01-16T18:39:24.282382,172.20.10.5,8,0.130766
2026-01-16T18:39:24.282382,172.20.10.5,9,0
2026-01-16T18:39:24.282382,172.20.10.5,10,0
2026-01-16T18:39:24.282382,172.20.10.5,11,0
2026-01-16T18:39:24.282382,172.20.10.5,12,0
2026-01-16T18:39:24.282382,172.20.10.5,13,0
2026-01-16T18:39:24.282382,172.20.10.5,14,0
2026-01-16T18:39:24.282382,172.20.10.5,15,0
2026-01-16T18:39:24.282382,172.20.10.5,16,0
2026-01-16T18:39:24.282382,172.20.10.5,17,0
2026-01-16T18:39:24.282382,172.20.10.5,18,0
2026-01-16T18:39:24.282382,172.20.10.5,19,0
2026-01-16T18:39:24.282382,172.20.10.5,20,0
2026-01-16T18:39:24.282382,172.20.10.5,21,0
2026-01-16T18:39:24.282382,172.20.10.5,22,0
2026-01-16T18:39:24.282382,172.20.10.5,23,0
2026-01-16T18:39:24.282382,172.20.10.5,0,0
2026-01-16T18:39:24.282382,172.20.10.5,1,0
2026-01-16T18:39:24.282382,172.20.10.5,2,0
2026-01-16T18:39:24.282382,172.20.10.5,3,0
2026-01-16T18:39:24.282382,172.20.10.5,4,0
2026-01-16T18:39:24.282382,172.20.10.5,5,0
2026-01-16T18:39:24.282382,172.20.10.5,6,0
2026-01-16T18:39:24.282382,172.20.10.5,7,0
2026-01-16T18:39:24.282382,172.20.10.5,8,0.134929
2026-01-16T18:39:24.282382,172.20.10.5,9,0
2026-01-16T18:39:24.282382,172.20.10.5,10,0
2026-01-16T18:39:24.282382,172.20.10.5,11,0
2026-01-16T18:39:24.282382,172.20.10.5,12,0
2026-01-16T18:39:24.282382,172.20.10.5,13,0
2026-01-16T18:39:24.282382,172.20.10.5,14,0
2026-01-16T18:39:24.282382,172.20.10.5,15,0
2026-01-16T18:39:24.282382,172.20.10.5,16,0
2026-01-16T18:39:24.282382,172.20.10.5,17,0
2026-01-16T18:39:24.282382,172.20.10.5,18,0
2026-01-16T18:39:24.282382,172.20.10.5,19,0
2026-01-16T18:39:24.282382,172.20.10.5,20,0
2026-01-16T18:39:24.282382,172.20.10.5,21,0
2026-01-16T18:39:24.282382,172.20.10.5,22,0
2026-01-16T18:39:24.282382,172.20.10.5,23,0
2026-01-16T18:39:24.282382,172.20.10.5,0,0
2026-01-16T18:39:24.282382,172.20.10.5,1,0
2026-01-16T18:39:24.282382,172.20.10.5,2,0
2026-01-16T18:39:24.282382,172.20.10.5,3,0
2026-01-16T18:39:24.282382,172.20.10.5,4,0
2026-01-16T18:39:24.282382,172.20.10.5,5,0
2026-01-16T18:39:24.282382,172.20.10.5,6,0
2026-01-16T18:39:24.282382,172.20.10.5,7,0
2026-01-16T18:39:24.282382,172.20.10.5,8,6.35473
2026-01-16T18:39:24.282382,172.20.10.5,9,0
2026-01-16T18:39:24.282382,172.20.10.5,10,0
2026-01-16T18:39:24.282382,172.20.10.5,11,0
2026-01-16T18:39:24.282382,172.20.10.5,12,0
2026-01-16T18:39:24.282382,172.20.10.5,13,0
2026-01-16T18:39:24.282382,172.20.10.5,14,0
2026-01-16T18:39:24.282382,172.20.10.5,15,0
2026-01-16T18:39:24.282382,172.20.10.5,16,0
2026-01-16T18:39:24.282382,172.20.10.5,17,0
2026-01-16T18:39:24.282382,172.20.10.5,18,0
2026-01-16T18:39:24.282382,172.20.10.5,19,0
2026-01-16T18:39:24.282382,172.20.10.5,20,0
2026-01-16T18:39:24.282382,172.20.10.5,21,0
2026-01-16T18:39:24.282382,172.20.10.5,22,0
2026-01-16T18:39:24.282382,172.20.10.5,23,0
2026-01-16T18:39:24.282382,172.20.10.5,0,0
2026-01-16T18:39:24.282382,172.20.10.5,1,0
2026-01-16T18:39:24.282382,172.20.10.5,2,0
2026-01-16T18:39:24.282382,172.20.10.5,3,0
2026-01-16T18:39:24.282382,172.20.10.5,4,0
2026-01-16T18:39:24.282382,172.20.10.5,5,0
2026-01-16T18:39:24.282382,172.20.10.5,6,0
2026-01-16T18:39:24.282382,172.20.10.5,7,0
2026-01-16T18:39:24.282382,172.20.10.5,8,10.4477
2026-01-16T18:39:24.282382,172.20.10.5,9,0
2026-01-16T18:39:24.282382,172.20.10.5,10,0
2026-01-16T18:39:24.282382,172.20.10.5,11,0
2026-01-16T18:39:24.282382,172.20.10.5,12,0
2026-01-16T18:39:24.282382,172.20.10.5,13,0
2026-01-16T18:39:24.282382,172.20.10.5,14,0
2026-01-16T18:39:24.282382,172.20.10.5,15,0
2026-01-16T18:39:24.282382,172.20.10.5,16,0
2026-01-16T18:39:24.282382,172.20.10.5,17,0
2026-01-16T18:39:24.282382,172.20.10.5,18,0
2026-01-16T18:39:24.282382,172.20.10.5,19,0
2026-01-16T18:39:24.282382,172.20.10.5,20,0
2026-01-16T18:39:24.282382,172.20.10.5,21,0
2026-01-16T18:39:24.282382,172.20.10.5,22,0
2026-01-16T18:39:24.282382,172.20.10.5,23,0
2026-01-16T18:39:24.282382,172.20.10.5,0,0
2026-01-16T18:39:24.282382,172.20.10.5,1,0
2026-01-16T18:39:24.282382,172.20.10.5,2,0
2026-01-16T18:39:24.282382,172.20.10.5,3,0
2026-01-16T18:39:24.282382,172.20.10.5,4,0
2026-01-16T18:39:24.282382,172.20.10.5,5,0
2026-01-16T18:39:24.282382,172.20.10.5,6,0
2026-01-16T18:39:24.282382,172.20.10.5,7,0
2026-01-16T18:39:24.282382,172.20.10.5,8,7.6352
2026-01-16T18:39:24.282382,172.20.10.5,9,0
2026-01-16T18:39:24.282382,172.20.10.5,10,0
2026-01-16T18:39:24.282382,172.20.10.5,11,0
2026-01-16T18:39:24.282382,172.20.10.5,12,0
2026-01-16T18:39:24.282382,172.20.10.5,13,0
2026-01-16T18:39:24.282382,172.20.10.5,14,0
2026-01-16T18:39:24.282382,172.20.10.5,15,0
2026-01-16T18:39:24.282382,172.20.10.5,16,0
2026-01-16T18:39:24.282382,172.20.10.5,17,0
2026-01-16T18:39:24.282382,172.20.10.5,18,0
2026-01-16T18:39:24.282382,172.20.10.5,19,0
2026-01-16T18:39:24.282382,172.20.10.5,20,0
2026-01-16T18:39:24.282382,172.20.10.5,21,0
2026-01-16T18:39:24.282382,172.20.10.5,22,0
2026-01-16T18:39:24.282382,172.20.10.5,23,0
2026-01-16T18:39:24.282382,172.20.10.5,0,0
2026-01-16T18:39:24.282382,172.20.10.5,1,0
2026-01-16T18:39:24.282382,172.20.10.5,2,0
2026-01-16T18:39:24.282382,172.20.10.5,3,0
2026-01-16T18:39:24.282382,172.20.10.5,4,0
2026-01-16T18:39:24.282382,172.20.10.5,5,0
2026-01-16T18:39:24.282382,172.20.10.5,6,0
2026-01-16T18:39:24.282382,172.20.10.5,7,0
2026-01-16T18:39:24.282382,172.20.10.5,8,0.053812
2026-01-16T18:39:24.282382,172.20.10.5,9,0
2026-01-16T18:39:24.282382,172.20.10.5,10,0
2026-01-16T18:39:24.282382,172.20.10.5,11,0
2026-01-16T18:39:24.282382,172.20.10.5,12,0
2026-01-16T18:39:24.282382,172.20.10.5,13,0
2026-01-16T18:39:24.282382,172.20.10.5,14,0
2026-01-16T18:39:24.282382,172.20.10.5,15,0
2026-01-16T18:39:24.282382,172.20.10.5,16,0
2026-01-16T18:39:24.282382,172.20.10.5,17,0
2026-01-16T18:39:24.282382,172.20.10.5,18,0
2026-01-16T18:39:24.282382,172.20.10.5,19,0
2026-01-16T18:39:24.282382,172.20.10.5,20,0
2026-01-16T18:39:24.282382,172.20.10.5,21,0
2026-01-16T18:39:24.282382,172.20.10.5,22,0
2026-01-16T18:39:24.282382,172.20.10.5,23,0
2026-01-16T18:39:24.282382,172.20.10.5,0,0
2026-01-16T18:39:24.282382,172.20.10.5,1,0
2026-01-16T18:39:24.282382,172.20.10.5,2,0
2026-01-16T18:39:24.282382,172.20.10.5,3,0
2026-01-16T18:39:24.282382,172.20.10.5,4,0
2026-01-16T18:39:24.282382,172.20.10.5,5,0
2026-01-16T18:39:24.282382,172.20.10.5,6,0
2026-01-16T18:39:24.282382,172.20.10.5,7,0
2026-01-16T18:39:24.282382,172.20.10.5,8,0.30965
2026-01-16T18:39:24.282382,172.20.10.5,9,0
2026-01-16T18:39:24.282382,172.20.10.5,10,0
2026-01-16T18:39:24.282382,172.20.10.5,11,0
2026-01-16T18:39:24.282382,172.20.10.5,12,0
2026-01-16T18:39:24.282382,172.20.10.5,13,0
2026-01-16T18:39:24.282382,172.20.10.5,14,0
2026-01-16T18:39:24.282382,172.20.10.5,15,0
2026-01-16T18:39:24.282382,172.20.10.5,16,0
2026-01-16T18:39:24.282382,172.20.10.5,17,0
2026-01-16T18:39:24.282382,172.20.10.5,18,0
2026-01-16T18:39:24.282382,172.20.10.5,19,0
2026-01-16T18:39:24.282382,172.20.10.5,20,0
2026-01-16T18:39:24.282382,172.20.10.5,21,0
2026-01-16T18:39:24.282382,172.20.10.5,22,0
2026-01-16T18:39:24.282382,172.20.10.5,23,0
2026-01-16T18:39:24.282382,172.20.10.5,0,0
2026-01-16T18:39:24.282382,172.20.10.5,1,0
2026-01-16T18:39:24.282382,172.20.10.5,2,0
2026-01-16T18:39:24.282382,172.20.10.5,3,0
2026-01-16T18:39:24.282382,172.20.10.5,4,0
2026-01-16T18:39:24.282382,172.20.10.5,5,0
2026-01-16T18:39:24.282382,172.20.10.5,6,0
2026-01-16T18:39:24.282382,172.20.10.5,7,0
2026-01-16T18:39:24.282382,172.20.10.5,8,6.41629
2026-01-16T18:39:24.282382,172.20.10.5,9,0
2026-01-16T18:39:24.282382,172.20.10.5,10,0
2026-01-16T18:39:24.282382,172.20.10.5,11,0
2026-01-16T18:39:24.282382,172.20.10.5,12,0
2026-01-16T18:39:24.282382,172.20.10.5,13,0
2026-01-16T18:39:24.282382,172.20.10.5,14,0
2026-01-16T18:39:24.282382,172.20.10.5,15,0
2026-01-16T18:39:24.282382,172.20.10.5,16,0
2026-01-16T18:39:24.282382,172.20.10.5,17,0
2026-01-16T18:39:24.282382,172.20.10.5,18,0
2026-01-16T18:39:24.282382,172.20.10.5,19,0
2026-01-16T18:39:24.282382,172.20.10.5,20,0
2026-01-16T18:39:24.282382,172.20.10.5,21,0
2026-01-16T18:39:24.282382,172.20.10.5,22,0
2026-01-16T18:39:24.282382,172.20.10.5,23,0
2026-01-16T18:39:24.282382,172.20.10.5,0,0
2026-01-16T18:39:24.282382,172.20.10.5,1,0
2026-01-16T18:39:24.282382,172.20.10.5,2,0
2026-01-16T18:39:24.282382,172.20.10.5,3,0
2026-01-16T18:39:24.282382,172.20.10.5,4,0
2026-01-16T18:39:24.282382,172.20.10.5,5,0
2026-01-16T18:39:24.282382,172.20.10.5,6,0
2026-01-16T18:39:24.282382,172.20.10.5,7,0
2026-01-16T18:39:24.282382,172.20.10.5,8,0.0867706
2026-01-16T18:39:24.282382,172.20.10.5,9,0
2026-01-16T18:39:24.282382,172.20.10.5,10,0
2026-01-16T18:39:24.282382,172.20.10.5,11,0
2026-01-16T18:39:24.282382,172.20.10.5,12,0
2026-01-16T18:39:24.282382,172.20.10.5,13,0
2026-01-16T18:39:24.282382,172.20.10.5,14,0
2026-01-16T18:39:24.282382,172.20.10.5,15,0
2026-01-16T18:39:24.282382,172.20.10.5,16,0
2026-01-16T18:39:24.282382,172.20.10.5,17,0
2026-01-16T18:39:24.282382,172.20.10.5,18,0
2026-01-16T18:39:24.282382,172.20.10.5,19,0
2026-01-16T18:39:24.282382,172.20.10.5,20,0
2026-01-16T18:39:24.282382,172.20.10.5,21,0
2026-01-16T18:39:24.282382,172.20.10.5,22,0
2026-01-16T18:39:24.282382,172.20.10.5,23,0
2026-01-16T18:39:24.282382,172.20.10.5,0,0
2026-01-16T18:39:24.282382,172.20.10.5,1,0
2026-01-16T18:39:24.282382,172.20.10.5,2,0
2026-01-16T18:39:24.282382,172.20.10.5,3,0
2026-01-16T18:39:24.282382,172.20.10.5,4,0
2026-01-16T18:39:24.282382,172.20.10.5,5,0
2026-01-16T18:39:24.282382,172.20.10.5,6,0
2026-01-16T18:39:24.282382,172.20.10.5,7,0
2026-01-16T18:39:24.282382,172.20.10.5,8,1.62509
2026-01-16T18:39:24.282382,172.20.10.5,9,0
2026-01-16T18:39:24.282382,172.20.10.5,10,0
2026-01-16T18:39:24.282382,172.20.10.5,11,0
2026-01-16T18:39:24.282382,172.20.10.5,12,0
2026-01-16T18:39:24.282382,172.20.10.5,13,0
2026-01-16T18:39:24.282382,172.20.10.5,14,0
2026-01-16T18:39:24.282382,172.20.10.5,15,0
2026-01-16T18:39:24.282382,172.20.10.5,16,0
2026-01-16T18:39:24.282382,172.20.10.5,17,0
2026-01-16T18:39:24.282382,172.20.10.5,18,0
2026-01-16T18:39:24.282382,172.20.10.5,19,0
2026-01-16T18:39:24.282382,172.20.10.5,20,0
2026-01-16T18:39:24.282382,172.20.10.5,21,0
2026-01-16T18:39:24.282382,172.20.10.5,22,0
2026-01-16T18:39:24.282382,172.20.10.5,23,0
2026-01-16T18:39:24.282382,172.20.10.5,0,0
2026-01-16T18:39:24.282382,172.20.10.5,1,0
2026-01-16T18:39:24.282382,172.20.10.5,2,0
2026-01-16T18:39:24.282382,172.20.10.5,3,0
2026-01-16T18:39:24.282382,172.20.10.5,4,0
2026-01-16T18:39:24.282382,172.20.10.5,5,0
2026-01-16T18:39:24.282382,172.20.10.5,6,0
2026-01-16T18:39:24.282382,172.20.10.5,7,0
2026-01-16T18:39:24.282382,172.20.10.5,8,0.194961
2026-01-16T18:39:24.282382,172.20.10.5,9,0
2026-01-16T18:39:24.282382,172.20.10.5,10,0
2026-01-16T18:39:24.282382,172.20.10.5,11,0
2026-01-16T18:39:24.282382,172.20.10.5,12,0
2026-01-16T18:39:24.282382,172.20.10.5,13,0
2026-01-16T18:39:24.282382,172.20.10.5,14,0
2026-01-16T18:39:24.282382,172.20.10.5,15,0
2026-01-16T18:39:24.282382,172.20.10.5,16,0
2026-01-16T18:39:24.282382,172.20.10.5,17,0
2026-01-16T18:39:24.282382,172.20.10.5,18,0
2026-01-16T18:39:24.282382,172.20.10.5,19,0
2026-01-16T18:39:24.282382,172.20.10.5,20,0
2026-01-16T18:39:24.282382,172.20.10.5,21,0
2026-01-16T18:39:24.282382,172.20.10.5,22,0
2026-01-16T18:39:24.282382,172.20.10.5,23,0
2026-01-16T18:39:24.282382,172.20.10.5,0,0
2026-01-16T18:39:24.282382,172.20.10.5,1,0
2026-01-16T18:39:24.282382,172.20.10.5,2,0
2026-01-16T18:39:24.282382,172.20.10.5,3,0
2026-01-16T18:39:24.282382,172.20.10.5,4,0
2026-01-16T18:39:24.282382,172.20.10.5,5,0
2026-01-16T18:39:24.282382,172.20.10.5,6,0
2026-01-16T18:39:24.282382,172.20.10.5,7,0
2026-01-16T18:39:24.282382,172.20.10.5,8,0.22765
2026-01-16T18:39:24.282382,172.20.10.5,9,0
2026-01-16T18:39:24.282382,172.20.10.5,10,0
2026-01-16T18:39:24.282382,172.20.10.5,11,0
2026-01-16T18:39:24.282382,172.20.10.5,12,0
2026-01-16T18:39:24.282382,172.20.10.5,13,0
2026-01-16T18:39:24.282382,172.20.10.5,14,0
2026-01-16T18:39:24.282382,172.20.10.5,15,0
2026-01-16T18:39:24.282382,172.20.10.5,16,0
2026-01-16T18:39:24.282382,172.20.10.5,17,0
2026-01-16T18:39:24.282382,172.20.10.5,18,0
2026-01-16T18:39:24.282382,172.20.10.5,19,0
2026-01-16T18:39:24.282382,172.20.10.5,20,0
2026-01-16T18:39:24.282382,172.20.10.5,21,0
2026-01-16T18:39:24.282382,172.20.10.5,22,0
2026-01-16T18:39:24.282382,172.20.10.5,23,0
2026-01-16T18:39:24.282382,172.20.10.5,0,0
2026-01-16T18:39:24.282382,172.20.10.5,1,0
2026-01-16T18:39:24.282382,172.20.10.5,2,0
2026-01-16T18:39:24.282382,172.20.10.5,3,0
2026-01-16T18:39:24.282382,172.20.10.5,4,0
2026-01-16T18:39:24.282382,172.20.10.5,5,0
2026-01-16T18:39:24.282382,172.20.10.5,6,0
2026-01-16T18:39:24.282382,172.20.10.5,7,0
2026-01-16T18:39:24.282382,172.20.10.5,8,2.54781
2026-01-16T18:39:24.282382,172.20.10.5,9,0
2026-01-16T18:39:24.282382,172.20.10.5,10,0
2026-01-16T18:39:24.282382,172.20.10.5,11,0
2026-01-16T18:39:24.282382,172.20.10.5,12,0
2026-01-16T18:39:24.282382,172.20.10.5,13,0
2026-01-16T18:39:24.282382,172.20.10.5,14,0
2026-01-16T18:39:24.282382,172.20.10.5,15,0
2026-01-16T18:39:24.282382,172.20.10.5,16,0
2026-01-16T18:39:24.282382,172.20.10.5,17,0
2026-01-16T18:39:24.282382,172.20.10.5,18,0
2026-01-16T18:39:24.282382,172.20.10.5,19,0
2026-01-16T18:39:24.282382,172.20.10.5,20,0
2026-01-16T18:39:24.282382,172.20.10.5,21,0
2026-01-16T18:39:24.282382,172.20.10.5,22,0
2026-01-16T18:39:24.282382,172.20.10.5,23,0
2026-01-16T18:39:24.282382,172.20.10.5,0,0
2026-01-16T18:39:24.282382,172.20.10.5,1,0
2026-01-16T18:39:24.282382,172.20.10.5,2,0
2026-01-16T18:39:24.282382,172.20.10.5,3,0
2026-01-16T18:39:24.282382,172.20.10.5,4,0
2026-01-16T18:39:24.282382,172.20.10.5,5,0
2026-01-16T18:39:24.282382,172.20.10.5,6,0
2026-01-16T18:39:24.282382,172.20.10.5,7,0
2026-01-16T18:39:24.282382,172.20.10.5,8,9.12718
2026-01-16T18:39:24.282382,172.20.10.5,9,0
2026-01-16T18:39:24.282382,172.20.10.5,10,0
2026-01-16T18:39:24.282382,172.20.10.5,11,0
2026-01-16T18:39:24.282382,172.20.10.5,12,0
2026-01-16T18:39:24.282382,172.20.10.5,13,0
2026-01-16T18:39:24.282382,172.20.10.5,14,0
2026-01-16T18:39:24.282382,172.20.10.5,15,0
2026-01-16T18:39:24.282382,172.20.10.5,16,0
2026-01-16T18:39:24.282382,172.20.10.5,17,0
2026-01-16T18:39:24.282382,172.20.10.5,18,0
2026-01-16T18:39:24.282382,172.20.10.5,19,0
2026-01-16T18:39:24.282382,172.20.10.5,20,0
2026-01-16T18:39:24.282382,172.20.10.5,21,0
2026-01-16T18:39:24.282382,172.20.10.5,22,0
2026-01-16T18:39:24.282382,172.20.10.5,23,0
2026-01-16T18:39:24.282382,172.20.10.5,0,0
2026-01-16T18:39:24.282382,172.20.10.5,1,0
2026-01-16T18:39:24.282382,172.20.10.5,2,0
2026-01-16T18:39:24.282382,172.20.10.5,3,0
2026-01-16T18:39:24.282382,172.20.10.5,4,0
2026-01-16T18:39:24.282382,172.20.10.5,5,0
2026-01-16T18:39:24.282382,172.20.10.5,6,0
2026-01-16T18:39:24.282382,172.20.10.5,7,0
2026-01-16T18:39:24.282382,172.20.10.5,8,18.3787
2026-01-16T18:39:24.282382,172.20.10.5,9,0
2026-01-16T18:39:24.282382,172.20.10.5,10,0
2026-01-16T18:39:24.282382,172.20.10.5,11,0
2026-01-16T18:39:24.282382,172.20.10.5,12,0
2026-01-16T18:39:24.282382,172.20.10.5,13,0
2026-01-16T18:39:24.282382,172.20.10.5,14,0
2026-01-16T18:39:24.282382,172.20.10.5,15,0
2026-01-16T18:39:24.282382,172.20.10.5,16,0
2026-01-16T18:39:24.282382,172.20.10.5,17,0
2026-01-16T18:39:24.282382,172.20.10.5,18,0
2026-01-16T18:39:24.282382,172.20.10.5,19,0
2026-01-16T18:39:24.282382,172.20.10.5,20,0
2026-01-16T18:39:24.282382,172.20.10.5,21,0
2026-01-16T18:39:24.282382,172.20.10.5,22,0
2026-01-16T18:39:24.282382,172.20.10.5,23,0
2026-01-16T18:39:24.282382,172.20.10.5,0,0
2026-01-16T18:39:24.282382,172.20.10.5,1,0
2026-01-16T18:39:24.282382,172.20.10.5,2,0
2026-01-16T18:39:24.282382,172.20.10.5,3,0
2026-01-16T18:39:24.282382,172.20.10.5,4,0
2026-01-16T18:39:24.282382,172.20.10.5,5,0
2026-01-16T18:39:24.282382,172.20.10.5,6,0
2026-01-16T18:39:24.282382,172.20.10.5,7,0
2026-01-16T18:39:24.282382,172.20.10.5,8,1.38463
2026-01-16T18:39:24.282382,172.20.10.5,9,0
2026-01-16T18:39:24.282382,172.20.10.5,10,0
2026-01-16T18:39:24.282382,172.20.10.5,11,0
2026-01-16T18:39:24.282382,172.20.10.5,12,0
2026-01-16T18:39:24.282382,172.20.10.5,13,0
2026-01-16T18:39:24.282382,172.20.10.5,14,0
2026-01-16T18:39:24.282382,172.20.10.5,15,0
2026-01-16T18:39:24.282382,172.20.10.5,16,0
2026-01-16T18:39:24.282382,172.20.10.5,17,0
2026-01-16T18:39:24.282382,172.20.10.5,18,0
2026-01-16T18:39:24.282382,172.20.10.5,19,0
2026-01-16T18:39:24.282382,172.20.10.5,20,0
2026-01-16T18:39:24.282382,172.20.10.5,21,0
2026-01-16T18:39:24.282382,172.20.10.5,22,0
2026-01-16T18:39:24.282382,172.20.10.5,23,0
2026-01-16T18:39:24.282382,172.20.10.5,0,0
2026-01-16T18:39:24.282382,172.20.10.5,1,0
2026-01-16T18:39:24.282382,172.20.10.5,2,0
2026-01-16T18:39:24.282382,172.20.10.5,3,0
2026-01-16T18:39:24.282382,172.20.10.5,4,0
2026-01-16T18:39:24.282382,172.20.10.5,5,0
2026-01-16T18:39:24.282382,172.20.10.5,6,0
2026-01-16T18:39:24.282382,172.20.10.5,7,0
2026-01-16T18:39:24.282382,172.20.10.5,8,13.6179
2026-01-16T18:39:24.282382,172.20.10.5,9,0
2026-01-16T18:39:24.282382,172.20.10.5,10,0
2026-01-16T18:39:24.282382,172.20.10.5,11,0
2026-01-16T18:39:24.282382,172.20.10.5,12,0
2026-01-16T18:39:24.282382,172.20.10.5,13,0
2026-01-16T18:39:24.282382,172.20.10.5,14,0
2026-01-16T18:39:24.282382,172.20.10.5,15,0
2026-01-16T18:39:24.282382,172.20.10.5,16,0
2026-01-16T18:39:24.282382,172.20.10.5,17,0
2026-01-16T18:39:24.282382,172.20.10.5,18,0
2026-01-16T18:39:24.282382,172.20.10.5,19,0
2026-01-16T18:39:24.282382,172.20.10.5,20,0
2026-01-16T18:39:24.282382,172.20.10.5,21,0
2026-01-16T18:39:24.282382,172.20.10.5,22,0
2026-01-16T18:39:24.282382,172.20.10.5,23,0
2026-01-16T18:39:24.282382,172.20.10.5,0,0
2026-01-16T18:39:24.282382,172.20.10.5,1,0
2026-01-16T18:39:24.282382,172.20.10.5,2,0
2026-01-16T18:39:24.282382,172.20.10.5,3,0
2026-01-16T18:39:24.282382,172.20.10.5,4,0
2026-01-16T18:39:24.282382,172.20.10.5,5,0
2026-01-16T18:39:24.282382,172.20.10.5,6,0
2026-01-16T18:39:24.282382,172.20.10.5,7,0
2026-01-16T18:39:24.282382,172.20.10.5,8,19.4319
2026-01-16T18:39:24.282382,172.20.10.5,9,0
2026-01-16T18:39:24.282382,172.20.10.5,10,0
2026-01-16T18:39:24.282382,172.20.10.5,11,0
2026-01-16T18:39:24.282382,172.20.10.5,12,0
2026-01-16T18:39:24.282382,172.20.10.5,13,0
2026-01-16T18:39:24.282382,172.20.10.5,14,0
2026-01-16T18:39:24.282382,172.20.10.5,15,0
2026-01-16T18:39:24.282382,172.20.10.5,16,0
2026-01-16T18:39:24.282382,172.20.10.5,17,0
2026-01-16T18:39:24.282382,172.20.10.5,18,0
2026-01-16T18:39:24.282382,172.20.10.5,19,0
2026-01-16T18:39:24.282382,172.20.10.5,20,0
2026-01-16T18:39:24.282382,172.20.10.5,21,0
2026-01-16T18:39:24.282382,172.20.10.5,22,0
2026-01-16T18:39:24.282382,172.20.10.5,23,0
2026-01-16T18:39:24.282382,172.20.10.5,0,0
2026-01-16T18:39:24.282382,172.20.10.5,1,0
2026-01-16T18:39:24.282382,172.20.10.5,2,0
2026-01-16T18:39:24.282382,172.20.10.5,3,0
2026-01-16T18:39:24.282382,172.20.10.5,4,0
2026-01-16T18:39:24.282382,172.20.10.5,5,0
2026-01-16T18:39:24.282382,172.20.10.5,6,0
2026-01-16T18:39:24.282382,172.20.10.5,7,0
2026-01-16T18:39:24.282382,172.20.10.5,8,17.6452
2026-01-16T18:39:24.282382,172.20.10.5,9,0
2026-01-16T18:39:24.282382,172.20.10.5,10,0
2026-01-16T18:39:24.282382,172.20.10.5,11,0
2026-01-16T18:39:24.282382,172.20.10.5,12,0
2026-01-16T18:39:24.282382,172.20.10.5,13,0
2026-01-16T18:39:24.282382,172.20.10.5,14,0
2026-01-16T18:39:24.282382,172.20.10.5,15,0
2026-01-16T18:39:24.282382,172.20.10.5,16,0
2026-01-16T18:39:24.282382,172.20.10.5,17,0
2026-01-16T18:39:24.282382,172.20.10.5,18,0
2026-01-16T18:39:24.282382,172.20.10.5,19,0
2026-01-16T18:39:24.282382,172.20.10.5,20,0
2026-01-16T18:39:24.282382,172.20.10.5,21,0
2026-01-16T18:39:24.282382,172.20.10.5,22,0
2026-01-16T18:39:24.282382,172.20.10.5,23,0
2026-01-16T18:39:24.282382,172.20.10.5,0,0
2026-01-16T18:39:24.282382,172.20.10.5,1,0
2026-01-16T18:39:24.282382,172.20.10.5,2,0
2026-01-16T18:39:24.282382,172.20.10.5,3,0
2026-01-16T18:39:24.282382,172.20.10.5,4,0
2026-01-16T18:39:24.282382,172.20.10.5,5,0
2026-01-16T18:39:24.282382,172.20.10.5,6,0
2026-01-16T18:39:24.282382,172.20.10.5,7,0
2026-01-16T18:39:24.282382,172.20.10.5,8,9.34922
2026-01-16T18:39:24.282382,172.20.10.5,9,0
2026-01-16T18:39:24.282382,172.20.10.5,10,0
2026-01-16T18:39:24.282382,172.20.10.5,11,0
2026-01-16T18:39:24.282382,172.20.10.5,12,0
2026-01-16T18:39:24.282382,172.20.10.5,13,0
2026-01-16T18:39:24.282382,172.20.10.5,14,0
2026-01-16T18:39:24.282382,172.20.10.5,15,0
2026-01-16T18:39:24.282382,172.20.10.5,16,0
2026-01-16T18:39:24.282382,172.20.10.5,17,0
2026-01-16T18:39:24.282382,172.20.10.5,18,0
2026-01-16T18:39:24.282382,172.20.10.5,19,0
2026-01-16T18:39:24.282382,172.20.10.5,20,0
2026-01-16T18:39:24.282382,172.20.10.5,21,0
2026-01-16T18:39:24.282382,172.20.10.5,22,0
2026-01-16T18:39:24.282382,172.20.10.5,23,0
2026-01-16T18:39:24.282382,172.20.10.5,0,0
2026-01-16T18:39:24.282382,172.20.10.5,1,0
2026-01-16T18:39:24.282382,172.20.10.5,2,0
2026-01-16T18:39:24.282382,172.20.10.5,3,0
2026-01-16T18:39:24.282382,172.20.10.5,4,0
2026-01-16T18:39:24.282382,172.20.10.5,5,0
2026-01-16T18:39:24.282382,172.20.10.5,6,0
2026-01-16T18:39:24.282382,172.20.10.5,7,0
2026-01-16T18:39:24.282382,172.20.10.5,8,12.9564
2026-01-16T18:39:24.282382,172.20.10.5,9,0
2026-01-16T18:39:24.282382,172.20.10.5,10,0
2026-01-16T18:39:24.282382,172.20.10.5,11,0
2026-01-16T18:39:24.282382,172.20.10.5,12,0
2026-01-16T18:39:24.282382,172.20.10.5,13,0
2026-01-16T18:39:24.282382,172.20.10.5,14,0
2026-01-16T18:39:24.282382,172.20.10.5,15,0
2026-01-16T18:39:24.282382,172.20.10.5,16,0
2026-01-16T18:39:24.282382,172.20.10.5,17,0
2026-01-16T18:39:24.282382,172.20.10.5,18,0
2026-01-16T18:39:24.282382,172.20.10.5,19,0
2026-01-16T18:39:24.282382,172.20.10.5,20,0
2026-01-16T18:39:24.282382,172.20.10.5,21,0
2026-01-16T18:39:24.282382,172.20.10.5,22,0
2026-01-16T18:39:24.282382,172.20.10.5,23,0
2026-01-16T18:39:24.282382,172.20.10.5,0,0
2026-01-16T18:39:24.282382,172.20.10.5,1,0
2026-01-16T18:39:24.282382,172.20.10.5,2,0
2026-01-16T18:39:24.282382,172.20.10.5,3,0
2026-01-16T18:39:24.282382,172.20.10.5,4,0
2026-01-16T18:39:24.282382,172.20.10.5,5,0
2026-01-16T18:39:24.282382,172.20.10.5,6,0
2026-01-16T18:39:24.282382,172.20.10.5,7,0
2026-01-16T18:39:24.282382,172.20.10.5,8,3.80224
2026-01-16T18:39:24.282382,172.20.10.5,9,0
2026-01-16T18:39:24.282382,172.20.10.5,10,0
2026-01-16T18:39:24.282382,172.20.10.5,11,0
2026-01-16T18:39:24.282382,172.20.10.5,12,0
2026-01-16T18:39:24.282382,172.20.10.5,13,0
2026-01-16T18:39:24.282382,172.20.10.5,14,0
2026-01-16T18:39:24.282382,172.20.10.5,15,0
2026-01-16T18:39:24.282382,172.20.10.5,16,0
2026-01-16T18:39:24.282382,172.20.10.5,17,0
2026-01-16T18:39:24.282382,172.20.10.5,18,0
2026-01-16T18:39:24.282382,172.20.10.5,19,0
2026-01-16T18:39:24.282382,172.20.10.5,20,0
2026-01-16T18:39:24.282382,172.20.10.5,21,0
2026-01-16T18:39:24.282382,172.20.10.5,22,0
2026-01-16T18:39:24.282382,172.20.10.5,23,0
2026-01-16T18:39:24.282382,172.20.10.5,0,0
2026-01-16T18:39:24.282382,172.20.10.5,1,0
2026-01-16T18:39:24.282382,172.20.10.5,2,0
2026-01-16T18:39:24.282382,172.20.10.5,3,0
2026-01-16T18:39:24.282382,172.20.10.5,4,0
2026-01-16T18:39:24.282382,172.20.10.5,5,0
2026-01-16T18:39:24.282382,172.20.10.5,6,0
2026-01-16T18:39:24.282382,172.20.10.5,7,0
2026-01-16T18:39:24.282382,172.20.10.5,8,19.3063
2026-01-16T18:39:24.282382,172.20.10.5,9,0
2026-01-16T18:39:24.282382,172.20.10.5,10,0
2026-01-16T18:39:24.282382,172.20.10.5,11,0
2026-01-16T18:39:24.282382,172.20.10.5,12,0
2026-01-16T18:39:24.282382,172.20.10.5,13,0
2026-01-16T18:39:24.282382,172.20.10.5,14,0
2026-01-16T18:39:24.282382,172.20.10.5,15,0
2026-01-16T18:39:24.282382,172.20.10.5,16,0
2026-01-16T18:39:24.282382,172.20.10.5,17,0
2026-01-16T18:39:24.282382,172.20.10.5,18,0
2026-01-16T18:39:24.282382,172.20.10.5,19,0
2026-01-16T18:39:24.282382,172.20.10.5,20,0
2026-01-16T18:39:24.282382,172.20.10.5,21,0
2026-01-16T18:39:24.282382,172.20.10.5,22,0
2026-01-16T18:39:24.282382,172.20.10.5,23,0
2026-01-16T18:39:24.282382,172.20.10.5,0,0
2026-01-16T18:39:24.282382,172.20.10.5,1,0
2026-01-16T18:39:24.282382,172.20.10.5,2,0
2026-01-16T18:39:24.282382,172.20.10.5,3,0
2026-01-16T18:39:24.282382,172.20.10.5,4,0
2026-01-16T18:39:24.282382,172.20.10.5,5,0
2026-01-16T18:39:24.282382,172.20.10.5,6,0
2026-01-16T18:39:24.282382,172.20.10.5,7,0
2026-01-16T18:39:24.282382,172.20.10.5,8,23.6171
2026-01-16T18:39:24.282382,172.20.10.5,9,0
2026-01-16T18:39:24.282382,172.20.10.5,10,0
2026-01-16T18:39:24.282382,172.20.10.5,11,0
2026-01-16T18:39:24.282382,172.20.10.5,12,0
2026-01-16T18:39:24.282382,172.20.10.5,13,0
2026-01-16T18:39:24.282382,172.20.10.5,14,0
2026-01-16T18:39:24.282382,172.20.10.5,15,0
2026-01-16T18:39:24.282382,172.20.10.5,16,0
2026-01-16T18:39:24.282382,172.20.10.5,17,0
2026-01-16T18:39:24.282382,172.20.10.5,18,0
2026-01-16T18:39:24.282382,172.20.10.5,19,0
2026-01-16T18:39:24.282382,172.20.10.5,20,0
2026-01-16T18:39:24.282382,172.20.10.5,21,0
2026-01-16T18:39:24.282382,172.20.10.5,22,0
2026-01-16T18:39:24.282382,172.20.10.5,23,0
2026-01-16T18:39:24.282382,172.20.10.5,0,0
2026-01-16T18:39:24.282382,172.20.10.5,1,0
2026-01-16T18:39:24.282382,172.20.10.5,2,0
2026-01-16T18:39:24.282382,172.20.10.5,3,0
2026-01-16T18:39:24.282382,172.20.10.5,4,0
2026-01-16T18:39:24.282382,172.20.10.5,5,0
2026-01-16T18:39:24.282382,172.20.10.5,6,0
2026-01-16T18:39:24.282382,172.20.10.5,7,0
2026-01-16T18:39:24.282382,172.20.10.5,8,23.1789
2026-01-16T18:39:24.282382,172.20.10.5,9,0
2026-01-16T18:39:24.282382,172.20.10.5,10,0
2026-01-16T18:39:24.282382,172.20.10.5,11,0
2026-01-16T18:39:24.282382,172.20.10.5,12,0
2026-01-16T18:39:24.282382,172.20.10.5,13,0
2026-01-16T18:39:24.282382,172.20.10.5,14,0
2026-01-16T18:39:24.282382,172.20.10.5,15,0
2026-01-16T18:39:24.282382,172.20.10.5,16,0
2026-01-16T18:39:24.282382,172.20.10.5,17,0
2026-01-16T18:39:24.282382,172.20.10.5,18,0
2026-01-16T18:39:24.282382,172.20.10.5,19,0
2026-01-16T18:39:24.282382,172.20.10.5,20,0
2026-01-16T18:39:24.282382,172.20.10.5,21,0
2026-01-16T18:39:24.282382,172.20.10.5,22,0
2026-01-16T18:39:24.282382,172.20.10.5,23,0
2026-01-16T18:39:24.282382,172.20.10.5,0,0
2026-01-16T18:39:24.282382,172.20.10.5,1,0
2026-01-16T18:39:24.282382,172.20.10.5,2,0
2026-01-16T18:39:24.282382,172.20.10.5,3,0
2026-01-16T18:39:24.282382,172.20.10.5,4,0
2026-01-16T18:39:24.282382,172.20.10.5,5,0
2026-01-16T18:39:24.282382,172.20.10.5,6,0
2026-01-16T18:39:24.282382,172.20.10.5,7,0
2026-01-16T18:39:24.282382,172.20.10.5,8,24.4716
2026-01-16T18:39:24.282382,172.20.10.5,9,0
2026-01-16T18:39:24.282382,172.20.10.5,10,0
2026-01-16T18:39:24.282382,172.20.10.5,11,0
2026-01-16T18:39:24.282382,172.20.10.5,12,0
2026-01-16T18:39:24.282382,172.20.10.5,13,0
2026-01-16T18:39:24.282382,172.20.10.5,14,0
2026-01-16T18:39:24.282382,172.20.10.5,15,0
2026-01-16T18:39:24.282382,172.20.10.5,16,0
2026-01-16T18:39:24.282382,172.20.10.5,17,0
2026-01-16T18:39:24.282382,172.20.10.5,18,0
2026-01-16T18:39:24.282382,172.20.10.5,19,0
2026-01-16T18:39:24.282382,172.20.10.5,20,0
2026-01-16T18:39:24.282382,172.20.10.5,21,0
2026-01-16T18:39:24.282382,172.20.10.5,22,0
2026-01-16T18:39:24.282382,172.20.10.5,23,0
2026-01-16T18:39:24.282382,172.20.10.5,0,0
2026-01-16T18:39:24.282382,172.20.10.5,1,0
2026-01-16T18:39:24.282382,172.20.10.5,2,0
2026-01-16T18:39:24.282382,172.20.10.5,3,0
2026-01-16T18:39:24.282382,172.20.10.5,4,0
2026-01-16T18:39:24.282382,172.20.10.5,5,0
2026-01-16T18:39:24.282382,172.20.10.5,6,0
2026-01-16T18:39:24.282382,172.20.10.5,7,0
2026-01-16T18:39:24.282382,172.20.10.5,8,14.3494
2026-01-16T18:39:24.282382,172.20.10.5,9,0
2026-01-16T18:39:24.282382,172.20.10.5,10,0
2026-01-16T18:39:24.282382,172.20.10.5,11,0
2026-01-16T18:39:24.282382,172.20.10.5,12,0
2026-01-16T18:39:24.282382,172.20.10.5,13,0
2026-01-16T18:39:24.282382,172.20.10.5,14,0
2026-01-16T18:39:24.282382,172.20.10.5,15,0
2026-01-16T18:39:24.282382,172.20.10.5,16,0
2026-01-16T18:39:24.282382,172.20.10.5,17,0
2026-01-16T18:39:24.282382,172.20.10.5,18,0
2026-01-16T18:39:24.282382,172.20.10.5,19,0
2026-01-16T18:39:24.282382,172.20.10.5,20,0
2026-01-16T18:39:24.282382,172.20.10.5,21,0
2026-01-16T18:39:24.282382,172.20.10.5,22,0
2026-01-16T18:39:24.282382,172.20.10.5,23,0
2026-01-16T18:39:24.282382,172.20.10.5,0,0
2026-01-16T18:39:24.282382,172.20.10.5,1,0
2026-01-16T18:39:24.282382,172.20.10.5,2,0
2026-01-16T18:39:24.282382,172.20.10.5,3,0
2026-01-16T18:39:24.282382,172.20.10.5,4,0
2026-01-16T18:39:24.282382,172.20.10.5,5,0
2026-01-16T18:39:24.282382,172.20.10.5,6,0
2026-01-16T18:39:24.282382,172.20.10.5,7,0
2026-01-16T18:39:24.282382,172.20.10.5,8,17.8358
2026-01-16T18:39:24.282382,172.20.10.5,9,0
2026-01-16T18:39:24.282382,172.20.10.5,10,0
2026-01-16T18:39:24.282382,172.20.10.5,11,0
2026-01-16T18:39:24.282382,172.20.10.5,12,0
2026-01-16T18:39:24.282382,172.20.10.5,13,0
2026-01-16T18:39:24.282382,172.20.10.5,14,0
2026-01-16T18:39:24.282382,172.20.10.5,15,0
2026-01-16T18:39:24.282382,172.20.10.5,16,0
2026-01-16T18:39:24.282382,172.20.10.5,17,0
2026-01-16T18:39:24.282382,172.20.10.5,18,0
2026-01-16T18:39:24.282382,172.20.10.5,19,0
2026-01-16T18:39:24.282382,172.20.10.5,20,0
2026-01-16T18:39:24.282382,172.20.10.5,21,0
2026-01-16T18:39:24.282382,172.20.10.5,22,0
2026-01-16T18:39:24.282382,172.20.10.5,23,0
2026-01-16T18:39:24.282382,172.20.10.5,0,0
2026-01-16T18:39:24.282382,172.20.10.5,1,0
2026-01-16T18:39:24.282382,172.20.10.5,2,0
2026-01-16T18:39:24.282382,172.20.10.5,3,0
2026-01-16T18:39:24.282382,172.20.10.5,4,0
2026-01-16T18:39:24.282382,172.20.10.5,5,0
2026-01-16T18:39:24.282382,172.20.10.5,6,0
2026-01-16T18:39:24.282382,172.20.10.5,7,0
2026-01-16T18:39:24.282382,172.20.10.5,8,4.90611
2026-01-16T18:39:24.282382,172.20.10.5,9,0
2026-01-16T18:39:24.282382,172.20.10.5,10,0
2026-01-16T18:39:24.282382,172.20.10.5,11,0
2026-01-16T18:39:24.282382,172.20.10.5,12,0
2026-01-16T18:39:24.282382,172.20.10.5,13,0
2026-01-16T18:39:24.282382,172.20.10.5,14,0
2026-01-16T18:39:24.282382,172.20.10.5,15,0
2026-01-16T18:39:24.282382,172.20.10.5,16,0
2026-01-16T18:39:24.282382,172.20.10.5,17,0
2026-01-16T18:39:24.282382,172.20.10.5,18,0
2026-01-16T18:39:24.282382,172.20.10.5,19,0
2026-01-16T18:39:24.282382,172.20.10.5,20,0
2026-01-16T18:39:24.282382,172.20.10.5,21,0
2026-01-16T18:39:24.282382,172.20.10.5,22,0
2026-01-16T18:39:24.282382,172.20.10.5,23,0
2026-01-16T18:39:24.282382,172.20.10.5,0,0
2026-01-16T18:39:24.282382,172.20.10.5,1,0
2026-01-16T18:39:24.282382,172.20.10.5,2,0
2026-01-16T18:39:24.282382,172.20.10.5,3,0
2026-01-16T18:39:24.282382,172.20.10.5,4,0
2026-01-16T18:39:24.282382,172.20.10.5,5,0
2026-01-16T18:39:24.282382,172.20.10.5,6,0
2026-01-16T18:39:24.282382,172.20.10.5,7,0
2026-01-16T18:39:24.282382,172.20.10.5,8,20.2226
2026-01-16T18:39:24.282382,172.20.10.5,9,0
2026-01-16T18:39:24.282382,172.20.10.5,10,0
2026-01-16T18:39:24.282382,172.20.10.5,11,0
2026-01-16T18:39:24.282382,172.20.10.5,12,0
2026-01-16T18:39:24.282382,172.20.10.5,13,0
2026-01-16T18:39:24.282382,172.20.10.5,14,0
2026-01-16T18:39:24.282382,172.20.10.5,15,0
2026-01-16T18:39:24.282382,172.20.10.5,16,0
2026-01-16T18:39:24.282382,172.20.10.5,17,0
2026-01-16T18:39:24.282382,172.20.10.5,18,0
2026-01-16T18:39:24.282382,172.20.10.5,19,0
2026-01-16T18:39:24.282382,172.20.10.5,20,0
2026-01-16T18:39:24.282382,172.20.10.5,21,0
2026-01-16T18:39:24.282382,172.20.10.5,22,0
2026-01-16T18:39:24.282382,172.20.10.5,23,0
2026-01-16T18:39:24.282382,172.20.10.5,0,0
2026-01-16T18:39:24.282382,172.20.10.5,1,0
2026-01-16T18:39:24.282382,172.20.10.5,2,0
2026-01-16T18:39:24.282382,172.20.10.5,3,0
2026-01-16T18:39:24.282382,172.20.10.5,4,0
2026-01-16T18:39:24.282382,172.20.10.5,5,0
2026-01-16T18:39:24.282382,172.20.10.5,6,0
2026-01-16T18:39:24.282382,172.20.10.5,7,0
2026-01-16T18:39:24.282382,172.20.10.5,8,3.77366
2026-01-16T18:39:24.282382,172.20.10.5,9,0
2026-01-16T18:39:24.282382,172.20.10.5,10,0
2026-01-16T18:39:24.282382,172.20.10.5,11,0
2026-01-16T18:39:24.282382,172.20.10.5,12,0
2026-01-16T18:39:24.282382,172.20.10.5,13,0
2026-01-16T18:39:24.282382,172.20.10.5,14,0
2026-01-16T18:39:24.282382,172.20.10.5,15,0
2026-01-16T18:39:24.282382,172.20.10.5,16,0
2026-01-16T18:39:24.282382,172.20.10.5,17,0
2026-01-16T18:39:24.282382,172.20.10.5,18,0
2026-01-16T18:39:24.282382,172.20.10.5,19,0
2026-01-16T18:39:24.282382,172.20.10.5,20,0
2026-01-16T18:39:24.282382,172.20.10.5,21,0
2026-01-16T18:39:24.282382,172.20.10.5,22,0
2026-01-16T18:39:24.282382,172.20.10.5,23,0
2026-01-16T18:39:24.282382,172.20.10.5,0,0
2026-01-16T18:39:24.282382,172.20.10.5,1,0
2026-01-16T18:39:24.282382,172.20.10.5,2,0
2026-01-16T18:39:24.282382,172.20.10.5,3,0
2026-01-16T18:39:24.282382,172.20.10.5,4,0
2026-01-16T18:39:24.282382,172.20.10.5,5,0
2026-01-16T18:39:24.282382,172.20.10.5,6,0
2026-01-16T18:39:24.282382,172.20.10.5,7,0
2026-01-16T18:39:24.282382,172.20.10.5,8,33.3519
2026-01-16T18:39:24.282382,172.20.10.5,9,0
2026-01-16T18:39:24.282382,172.20.10.5,10,0
2026-01-16T18:39:24.282382,172.20.10.5,11,0
2026-01-16T18:39:24.282382,172.20.10.5,12,0
2026-01-16T18:39:24.282382,172.20.10.5,13,0
2026-01-16T18:39:24.282382,172.20.10.5,14,0
2026-01-16T18:39:24.282382,172.20.10.5,15,0
2026-01-16T18:39:24.282382,172.20.10.5,16,0
2026-01-16T18:39:24.282382,172.20.10.5,17,0
2026-01-16T18:39:24.282382,172.20.10.5,18,0
2026-01-16T18:39:24.282382,172.20.10.5,19,0
2026-01-16T18:39:24.282382,172.20.10.5,20,0
2026-01-16T18:39:24.282382,172.20.10.5,21,0
2026-01-16T18:39:24.282382,172.20.10.5,22,0
2026-01-16T18:39:24.282382,172.20.10.5,23,0
2026-01-16T18:39:24.282382,172.20.10.5,0,0
2026-01-16T18:39:24.282382,172.20.10.5,1,0
2026-01-16T18:39:24.282382,172.20.10.5,2,0
2026-01-16T18:39:24.282382,172.20.10.5,3,0
2026-01-16T18:39:24.282382,172.20.10.5,4,0
2026-01-16T18:39:24.282382,172.20.10.5,5,0
2026-01-16T18:39:24.282382,172.20.10.5,6,0
2026-01-16T18:39:24.282382,172.20.10.5,7,0
2026-01-16T18:39:24.282382,172.20.10.5,8,0
2026-01-16T18:39:24.282382,172.20.10.5,9,0
2026-01-16T18:39:24.282382,172.20.10.5,10,0
2026-01-16T18:39:24.282382,172.20.10.5,11,0
2026-01-16T18:39:24.282382,172.20.10.5,12,0
2026-01-16T18:39:24.282382,172.20.10.5,13,0
2026-01-16T18:39:24.282382,172.20.10.5,14,0
2026-01-16T18:39:24.282382,172.20.10.5,15,0
2026-01-16T18:39:24.282382,172.20.10.5,16,0
2026-01-16T18:39:24.282382,172.20.10.5,17,0
2026-01-16T18:39:24.282382,172.20.10.5,18,0
2026-01-16T18:39:24.282382,172.20.10.5,19,0
2026-01-16T18:39:24.282382,172.20.10.5,20,0
2026-01-16T18:39:24.282382,172.20.10.5,21,0
2026-01-16T18:39:24.282382,172.20.10.5,22,0
2026-01-16T18:39:24.282382,172.20.10.5,23,0
