timestamp,source_ip,hour,usage
2026-01-16T21:21:54.282382,172.20.10.5,0,0
2026-01-16T21:21:54.282382,172.20.10.5,1,0
2026-01-16T21:21:54.282382,172.20.10.5,2,0
2026-01-16T21:21:54.282382,172.20.10.5,3,0
2026-01-16T21:21:54.282382,172.20.10.5,4,0
2026-01-16T21:21:54.282382,172.20.10.5,5,0
2026-01-16T21:21:54.282382,172.20.10.5,6,0
2026-01-16T21:21:54.282382,172.20.10.5,7,0
2026-01-16T21:21:54.282382,172.20.10.5,8,113.2
2026-01-16T21:21:54.282382,172.20.10.5,9,0
2026-01-16T21:21:54.282382,172.20.10.5,10,0
2026-01-16T21:21:54.282382,172.20.10.5,11,0
2026-01-16T21:21:54.282382,172.20.10.5,12,0
2026-01-16T21:21:54.282382,172.20.10.5,13,0
2026-01-16T21:21:54.282382,172.20.10.5,14,0
2026-01-16T21:21:54.282382,172.20.10.5,15,0
2026-01-16T21:21:54.282382,172.20.10.5,16,0
2026-01-16T21:21:54.282382,172.20.10.5,17,0
2026-01-16T21:21:54.282382,172.20.10.5,18,0
2026-01-16T21:21:54.282382,172.20.10.5,19,0
2026-01-16T21:21:54.282382,172.20.10.5,20,0
2026-01-16T21:21:54.282382,172.20.10.5,21,0
2026-01-16T21:21:54.282382,172.20.10.5,22,0
2026-01-16T21:21:54.282382,172.20.10.5,23,0
2026-01-16T21:21:54.282382,172.20.10.5,0,0
2026-01-16T21:21:54.282382,172.20.10.5,1,0
2026-01-16T21:21:54.282382,172.20.10.5,2,0
2026-01-16T21:21:54.282382,172.20.10.5,3,0
2026-01-16T21:21:54.282382,172.20.10.5,4,0
2026-01-16T21:21:54.282382,172.20.10.5,5,0
2026-01-16T21:21:54.282382,172.20.10.5,6,0
2026-01-16T21:21:54.282382,172.20.10.5,7,0
2026-01-16T21:21:54.282382,172.20.10.5,8,0.15921
2026-01-16T21:21:54.282382,172.20.10.5,9,0
2026-01-16T21:21:54.282382,172.20.10.5,10,0
2026-01-16T21:21:54.282382,172.20.10.5,11,0
2026-01-16T21:21:54.282382,172.20.10.5,12,0
2026-01-16T21:21:54.282382,172.20.10.5,13,0
2026-01-16T21:21:54.282382,172.20.10.5,14,0
2026-01-16T21:21:54.282382,172.20.10.5,15,0
2026-01-16T21:21:54.282382,172.20.10.5,16,0
2026-01-16T21:21:54.282382,172.20.10.5,17,0
2026-01-16T21:21:54.282382,172.20.10.5,18,0
2026-01-16T21:21:54.282382,172.20.10.5,19,0
2026-01-16T21:21:54.282382,172.20.10.5,20,0
2026-01-16T21:21:54.282382,172.20.10.5,21,0
2026-01-16T21:21:54.282382,172.20.10.5,22,0
2026-01-16T21:21:54.282382,172.20.10.5,23,0
2026-01-16T21:21:54.282382,172.20.10.5,0,0
2026-01-16T21:21:54.282382,172.20.10.5,1,0
2026-01-16T21:21:54.282382,172.20.10.5,2,0
2026-01-16T21:21:54.282382,172.20.10.5,3,0
2026-01-16T21:21:54.282382,172.20.10.5,4,0
2026-01-16T21:21:54.282382,172.20.10.5,5,0
2026-01-16T21:21:54.282382,172.20.10.5,6,0
2026-01-16T21:21:54.282382,172.20.10.5,7,0
2026-01-16T21:21:54.282382,172.20.10.5,8,0.103434
2026-01-16T21:21:54.282382,172.20.10.5,9,0
2026-01-16T21:21:54.282382,172.20.10.5,10,0
2026-01-16T21:21:54.282382,172.20.10.5,11,0
2026-01-16T21:21:54.282382,172.20.10.5,12,0
2026-01-16T21:21:54.282382,172.20.10.5,13,0
2026-01-16T21:21:54.282382,172.20.10.5,14,0
2026-01-16T21:21:54.282382,172.20.10.5,15,0
2026-01-16T21:21:54.282382,172.20.10.5,16,0
2026-01-16T21:21:54.282382,172.20.10.5,17,0
2026-01-16T21:21:54.282382,172.20.10.5,18,0
2026-01-16T21:21:54.282382,172.20.10.5,19,0
2026-01-16T21:21:54.282382,172.20.10.5,20,0
2026-01-16T21:21:54.282382,172.20.10.5,21,0
2026-01-16T21:21:54.282382,172.20.10.5,22,0
2026-01-16T21:21:54.282382,172.20.10.5,23,0
2026-01-16T21:21:54.282382,172.20.10.5,0,0
2026-01-16T21:21:54.282382,172.20.10.5,1,0
2026-01-16T21:21:54.282382,172.20.10.5,2,0
2026-01-16T21:21:54.282382,172.20.10.5,3,0
2026-01-16T21:21:54.282382,172.20.10.5,4,0
2026-01-16T21:21:54.282382,172.20.10.5,5,0
2026-01-16T21:21:54.282382,172.20.10.5,6,0
2026-01-16T21:21:54.282382,172.20.10.5,7,0
2026-01-16T21:21:54.282382,172.20.10.5,8,0.108012
2026-01-16T21:21:54.282382,172.20.10.5,9,0
2026-01-16T21:21:54.282382,172.20.10.5,10,0
2026-01-16T21:21:54.282382,172.20.10.5,11,0
2026-01-16T21:21:54.282382,172.20.10.5,12,0
2026-01-16T21:21:54.282382,172.20.10.5,13,0
2026-01-16T21:21:54.282382,172.20.10.5,14,0
2026-01-16T21:21:54.282382,172.20.10.5,15,0
2026-01-16T21:21:54.282382,172.20.10.5,16,0
2026-01-16T21:21:54.282382,172.20.10.5,17,0
2026-01-16T21:21:54.282382,172.20.10.5,18,0
2026-01-16T21:21:54.282382,172.20.10.5,19,0
2026-01-16T21:21:54.282382,172.20.10.5,20,0
2026-01-16T21:21:54.282382,172.20.10.5,21,0
2026-01-16T21:21:54.282382,172.20.10.5,22,0
2026-01-16T21:21:54.282382,172.20.10.5,23,0
2026-01-16T21:21:54.282382,172.20.10.5,0,0
2026-01-16T21:21:54.282382,172.20.10.5,1,0
2026-01-16T21:21:54.282382,172.20.10.5,2,0
2026-01-16T21:21:54.282382,172.20.10.5,3,0
2026-01-16T21:21:54.282382,172.20.10.5,4,0
2026-01-16T21:21:54.282382,172.20.10.5,5,0
2026-01-16T21:21:54.282382,172.20.10.5,6,0
2026-01-16T21:21:54.282382,172.20.10.5,7,0
2026-01-16T21:21:54.282382,172.20.10.5,8,0.128229
2026-01-16T21:21:54.282382,172.20.10.5,9,0
2026-01-16T21:21:54.282382,172.20.10.5,10,0
2026-01-16T21:21:54.282382,172.20.10.5,11,0
2026-01-16T21:21:54.282382,172.20.10.5,12,0
2026-01-16T21:21:54.282382,172.20.10.5,13,0
2026-01-16T21:21:54.282382,172.20.10.5,14,0
2026-01-16T21:21:54.282382,172.20.10.5,15,0
2026-01-16T21:21:54.282382,172.20.10.5,16,0
2026-01-16T21:21:54.282382,172.20.10.5,17,0
2026-01-16T21:21:54.282382,172.20.10.5,18,0
2026-01-16T21:21:54.282382,172.20.10.5,19,0
2026-01-16T21:21:54.282382,172.20.10.5,20,0
2026-01-16T21:21:54.282382,172.20.10.5,21,0
2026-01-16T21:21:54.282382,172.20.10.5,22,0
2026-01-16T21:21:54.282382,172.20.10.5,23,0
2026-01-16T21:21:54.282382,172.20.10.5,0,0
2026-01-16T21:21:54.282382,172.20.10.5,1,0
2026-01-16T21:21:54.282382,172.20.10.5,2,0
2026-01-16T21:21:54.282382,172.20.10.5,3,0
2026-01-16T21:21:54.282382,172.20.10.5,4,0
2026-01-16T21:21:54.282382,172.20.10.5,5,0
2026-01-16T21:21:54.282382,172.20.10.5,6,0
2026-01-16T21:21:54.282382,172.20.10.5,7,0
2026-01-16T21:21:54.282382,172.20.10.5,8,0.191494
2026-01-16T21:21:54.282382,172.20.10.5,9,0
2026-01-16T21:21:54.282382,172.20.10.5,10,0
2026-01-16T21:21:54.282382,172.20.10.5,11,0
2026-01-16T21:21:54.282382,172.20.10.5,12,0
2026-01-16T21:21:54.282382,172.20.10.5,13,0
2026-01-16T21:21:54.282382,172.20.10.5,14,0
2026-01-16T21:21:54.282382,172.20.10.5,15,0
2026-01-16T21:21:54.282382,172.20.10.5,16,0
2026-01-16T21:21:54.282382,172.20.10.5,17,0
2026-01-16T21:21:54.282382,172.20.10.5,18,0
2026-01-16T21:21:54.282382,172.20.10.5,19,0
2026-01-16T21:21:54.282382,172.20.10.5,20,0
2026-01-16T21:21:54.282382,172.20.10.5,21,0
2026-01-16T21:21:54.282382,172.20.10.5,22,0
2026-01-16T21:21:54.282382,172.20.10.5,23,0
2026-01-16T21:21:54.282382,172.20.10.5,0,0
2026-01-16T21:21:54.282382,172.20.10.5,1,0
2026-01-16T21:21:54.282382,172.20.10.5,2,0
2026-01-16T21:21:54.282382,172.20.10.5,3,0
2026-01-16T21:21:54.282382,172.20.10.5,4,0
2026-01-16T21:21:54.282382,172.20.10.5,5,0
2026-01-16T21:21:54.282382,172.20.10.5,6,0
2026-01-16T21:21:54.282382,172.20.10.5,7,0
2026-01-16T21:21:54.282382,172.20.10.5,8,0.0606499
2026-01-16T21:21:54.282382,172.20.10.5,9,0
2026-01-16T21:21:54.282382,172.20.10.5,10,0
2026-01-16T21:21:54.282382,172.20.10.5,11,0
2026-01-16T21:21:54.282382,172.20.10.5,12,0
2026-01-16T21:21:54.282382,172.20.10.5,13,0
2026-01-16T21:21:54.282382,172.20.10.5,14,0
2026-01-16T21:21:54.282382,172.20.10.5,15,0
2026-01-16T21:21:54.282382,172.20.10.5,16,0
2026-01-16T21:21:54.282382,172.20.10.5,17,0
2026-01-16T21:21:54.282382,172.20.10.5,18,0
2026-01-16T21:21:54.282382,172.20.10.5,19,0
2026-01-16T21:21:54.282382,172.20.10.5,20,0
2026-01-16T21:21:54.282382,172.20.10.5,21,0
2026-01-16T21:21:54.282382,172.20.10.5,22,0
2026-01-16T21:21:54.282382,172.20.10.5,23,0
2026-01-16T21:21:54.282382,172.20.10.5,0,0
2026-01-16T21:21:54.282382,172.20.10.5,1,0
2026-01-16T21:21:54.282382,172.20.10.5,2,0
2026-01-16T21:21:54.282382,172.20.10.5,3,0
2026-01-16T21:21:54.282382,172.20.10.5,4,0
2026-01-16T21:21:54.282382,172.20.10.5,5,0
2026-01-16T21:21:54.282382,172.20.10.5,6,0
2026-01-16T21:21:54.282382,172.20.10.5,7,0
2026-01-16T21:21:54.282382,172.20.10.5,8,0.113406
2026-01-16T21:21:54.282382,172.20.10.5,9,0
2026-01-16T21:21:54.282382,172.20.10.5,10,0
2026-01-16T21:21:54.282382,172.20.10.5,11,0
2026-01-16T21:21:54.282382,172.20.10.5,12,0
2026-01-16T21:21:54.282382,172.20.10.5,13,0
2026-01-16T21:21:54.282382,172.20.10.5,14,0
2026-01-16T21:21:54.282382,172.20.10.5,15,0
2026-01-16T21:21:54.282382,172.20.10.5,16,0
2026-01-16T21:21:54.282382,172.20.10.5,17,0
2026-01-16T21:21:54.282382,172.20.10.5,18,0
2026-01-16T21:21:54.282382,172.20.10.5,19,0
2026-01-16T21:21:54.282382,172.20.10.5,20,0
2026-01-16T21:21:54.282382,172.20.10.5,21,0
2026-01-16T21:21:54.282382,172.20.10.5,22,0
2026-01-16T21:21:54.282382,172.20.10.5,23,0
2026-01-16T21:21:54.282382,172.20.10.5,0,0
2026-01-16T21:21:54.282382,172.20.10.5,1,0
2026-01-16T21:21:54.282382,172.20.10.5,2,0
2026-01-16T21:21:54.282382,172.20.10.5,3,0
2026-01-16T21:21:54.282382,172.20.10.5,4,0
2026-01-16T21:21:54.282382,172.20.10.5,5,0
2026-01-16T21:21:54.282382,172.20.10.5,6,0
2026-01-16T21:21:54.282382,172.20.10.5,7,0
2026-01-16T21:21:54.282382,172.20.10.5,8,0.169428
2026-01-16T21:21:54.282382,172.20.10.5,9,0
2026-01-16T21:21:54.282382,172.20.10.5,10,0
2026-01-16T21:21:54.282382,172.20.10.5,11,0
2026-01-16T21:21:54.282382,172.20.10.5,12,0
2026-01-16T21:21:54.282382,172.20.10.5,13,0
2026-01-16T21:21:54.282382,172.20.10.5,14,0
2026-01-16T21:21:54.282382,172.20.10.5,15,0
2026-01-16T21:21:54.282382,172.20.10.5,16,0
2026-01-16T21:21:54.282382,172.20.10.5,17,0
2026-01-16T21:21:54.282382,172.20.10.5,18,0
2026-01-16T21:21:54.282382,172.20.10.5,19,0
2026-01-16T21:21:54.282382,172.20.10.5,20,0
2026-01-16T21:21:54.282382,172.20.10.5,21,0
2026-01-16T21:21:54.282382,172.20.10.5,22,0
2026-01-16T21:21:54.282382,172.20.10.5,23,0
2026-01-16T21:21:54.282382,172.20.10.5,0,0
2026-01-16T21:21:54.282382,172.20.10.5,1,0
2026-01-16T21:21:54.282382,172.20.10.5,2,0
2026-01-16T21:21:54.282382,172.20.10.5,3,0
2026-01-16T21:21:54.282382,172.20.10.5,4,0
2026-01-16T21:21:54.282382,172.20.10.5,5,0
2026-01-16T21:21:54.282382,172.20.10.5,6,0
2026-01-16T21:21:54.282382,172.20.10.5,7,0
2026-01-16T21:21:54.282382,172.20.10.5,8,0.168823
2026-01-16T21:21:54.282382,172.20.10.5,9,0
2026-01-16T21:21:54.282382,172.20.10.5,10,0
2026-01-16T21:21:54.282382,172.20.10.5,11,0
2026-01-16T21:21:54.282382,172.20.10.5,12,0
2026-01-16T21:21:54.282382,172.20.10.5,13,0
2026-01-16T21:21:54.282382,172.20.10.5,14,0
2026-01-16T21:21:54.282382,172.20.10.5,15,0
2026-01-16T21:21:54.282382,172.20.10.5,16,0
2026-01-16T21:21:54.282382,172.20.10.5,17,0
2026-01-16T21:21:54.282382,172.20.10.5,18,0
2026-01-16T21:21:54.282382,172.20.10.5,19,0
2026-01-16T21:21:54.282382,172.20.10.5,20,0
2026-01-16T21:21:54.282382,172.20.10.5,21,0
2026-01-16T21:21:54.282382,172.20.10.5,22,0
2026-01-16T21:21:54.282382,172.20.10.5,23,0
2026-01-16T21:21:54.282382,172.20.10.5,0,0
2026-01-16T21:21:54.282382,172.20.10.5,1,0
2026-01-16T21:21:54.282382,172.20.10.5,2,0
2026-01-16T21:21:54.282382,172.20.10.5,3,0
2026-01-16T21:21:54.282382,172.20.10.5,4,0
2026-01-16T21:21:54.282382,172.20.10.5,5,0
2026-01-16T21:21:54.282382,172.20.10.5,6,0
2026-01-16T21:21:54.282382,172.20.10.5,7,0
2026-01-16T21:21:54.282382,172.20.10.5,8,0.111754
2026-01-16T21:21:54.282382,172.20.10.5,9,0
2026-01-16T21:21:54.282382,172.20.10.5,10,0
2026-01-16T21:21:54.282382,172.20.10.5,11,0
2026-01-16T21:21:54.282382,172.20.10.5,12,0
2026-01-16T21:21:54.282382,172.20.10.5,13,0
2026-01-16T21:21:54.282382,172.20.10.5,14,0
2026-01-16T21:21:54.282382,172.20.10.5,15,0
2026-01-16T21:21:54.282382,172.20.10.5,16,0
2026-01-16T21:21:54.282382,172.20.10.5,17,0
2026-01-16T21:21:54.282382,172.20.10.5,18,0
2026-01-16T21:21:54.282382,172.20.10.5,19,0
2026-01-16T21:21:54.282382,172.20.10.5,20,0
2026-01-16T21:21:54.282382,172.20.10.5,21,0
2026-01-16T21:21:54.282382,172.20.10.5,22,0
2026-01-16T21:21:54.282382,172.20.10.5,23,0
2026-01-16T21:21:54.282382,172.20.10.5,0,0
2026-01-16T21:21:54.282382,172.20.10.5,1,0
2026-01-16T21:21:54.282382,172.20.10.5,2,0
2026-01-16T21:21:54.282382,172.20.10.5,3,0
2026-01-16T21:21:54.282382,172.20.10.5,4,0
2026-01-16T21:21:54.282382,172.20.10.5,5,0
2026-01-16T21:21:54.282382,172.20.10.5,6,0
2026-01-16T21:21:54.282382,172.20.10.5,7,0
2026-01-16T21:21:54.282382,172.20.10.5,8,0.0740384
2026-01-16T21:21:54.282382,172.20.10.5,9,0
2026-01-16T21:21:54.282382,172.20.10.5,10,0
2026-01-16T21:21:54.282382,172.20.10.5,11,0
2026-01-16T21:21:54.282382,172.20.10.5,12,0
2026-01-16T21:21:54.282382,172.20.10.5,13,0
2026-01-16T21:21:54.282382,172.20.10.5,14,0
2026-01-16T21:21:54.282382,172.20.10.5,15,0
2026-01-16T21:21:54.282382,172.20.10.5,16,0
2026-01-16T21:21:54.282382,172.20.10.5,17,0
2026-01-16T21:21:54.282382,172.20.10.5,18,0
2026-01-16T21:21:54.282382,172.20.10.5,19,0
2026-01-16T21:21:54.282382,172.20.10.5,20,0
2026-01-16T21:21:54.282382,172.20.10.5,21,0
2026-01-16T21:21:54.282382,172.20.10.5,22,0
2026-01-16T21:21:54.282382,172.20.10.5,23,0
2026-01-16T21:21:54.282382,172.20.10.5,0,0
2026-01-16T21:21:54.282382,172.20.10.5,1,0
2026-01-16T21:21:54.282382,172.20.10.5,2,0
2026-01-16T21:21:54.282382,172.20.10.5,3,0
2026-01-16T21:21:54.282382,172.20.10.5,4,0
2026-01-16T21:21:54.282382,172.20.10.5,5,0
2026-01-16T21:21:54.282382,172.20.10.5,6,0
2026-01-16T21:21:54.282382,172.20.10.5,7,0
2026-01-16T21:21:54.282382,172.20.10.5,8,0.0666255
2026-01-16T21:21:54.282382,172.20.10.5,9,0
2026-01-16T21:21:54.282382,172.20.10.5,10,0
2026-01-16T21:21:54.282382,172.20.10.5,11,0
2026-01-16T21:21:54.282382,172.20.10.5,12,0
2026-01-16T21:21:54.282382,172.20.10.5,13,0
2026-01-16T21:21:54.282382,172.20.10.5,14,0
2026-01-16T21:21:54.282382,172.20.10.5,15,0
2026-01-16T21:21:54.282382,172.20.10.5,16,0
2026-01-16T21:21:54.282382,172.20.10.5,17,0
2026-01-16T21:21:54.282382,172.20.10.5,18,0
2026-01-16T21:21:54.282382,172.20.10.5,19,0
2026-01-16T21:21:54.282382,172.20.10.5,20,0
2026-01-16T21:21:54.282382,172.20.10.5,21,0
2026-01-16T21:21:54.282382,172.20.10.5,22,0
2026-01-16T21:21:54.282382,172.20.10.5,23,0
2026-01-16T21:21:54.282382,172.20.10.5,0,0
2026-01-16T21:21:54.282382,172.20.10.5,1,0
2026-01-16T21:21:54.282382,172.20.10.5,2,0
2026-01-16T21:21:54.282382,172.20.10.5,3,0
2026-01-16T21:21:54.282382,172.20.10.5,4,0
2026-01-16T21:21:54.282382,172.20.10.5,5,0
2026-01-16T21:21:54.282382,172.20.10.5,6,0
2026-01-16T21:21:54.282382,172.20.10.5,7,0
2026-01-16T21:21:54.282382,172.20.10.5,8,0.166002
2026-01-16T21:21:54.282382,172.20.10.5,9,0
2026-01-16T21:21:54.282382,172.20.10.5,10,0
2026-01-16T21:21:54.282382,172.20.10.5,11,0
2026-01-16T21:21:54.282382,172.20.10.5,12,0
2026-01-16T21:21:54.282382,172.20.10.5,13,0
2026-01-16T21:21:54.282382,172.20.10.5,14,0
2026-01-16T21:21:54.282382,172.20.10.5,15,0
2026-01-16T21:21:54.282382,172.20.10.5,16,0
2026-01-16T21:21:54.282382,172.20.10.5,17,0
2026-01-16T21:21:54.282382,172.20.10.5,18,0
2026-01-16T21:21:54.282382,172.20.10.5,19,0
2026-01-16T21:21:54.282382,172.20.10.5,20,0
2026-01-16T21:21:54.282382,172.20.10.5,21,0
2026-01-16T21:21:54.282382,172.20.10.5,22,0
2026-01-16T21:21:54.282382,172.20.10.5,23,0
2026-01-16T21:21:54.282382,172.20.10.5,0,0
2026-01-16T21:21:54.282382,172.20.10.5,1,0
2026-01-16T21:21:54.282382,172.20.10.5,2,0
2026-01-16T21:21:54.282382,172.20.10.5,3,0
2026-01-16T21:21:54.282382,172.20.10.5,4,0
2026-01-16T21:21:54.282382,172.20.10.5,5,0
2026-01-16T21:21:54.282382,172.20.10.5,6,0
2026-01-16T21:21:54.282382,172.20.10.5,7,0
2026-01-16T21:21:54.282382,172.20.10.5,8,0.0551375
2026-01-16T21:21:54.282382,172.20.10.5,9,0
2026-01-16T21:21:54.282382,172.20.10.5,10,0
2026-01-16T21:21:54.282382,172.20.10.5,11,0
2026-01-16T21:21:54.282382,172.20.10.5,12,0
2026-01-16T21:21:54.282382,172.20.10.5,13,0
2026-01-16T21:21:54.282382,172.20.10.5,14,0
2026-01-16T21:21:54.282382,172.20.10.5,15,0
2026-01-16T21:21:54.282382,172.20.10.5,16,0
2026-01-16T21:21:54.282382,172.20.10.5,17,0
2026-01-16T21:21:54.282382,172.20.10.5,18,0
2026-01-16T21:21:54.282382,172.20.10.5,19,0
2026-01-16T21:21:54.282382,172.20.10.5,20,0
2026-01-16T21:21:54.282382,172.20.10.5,21,0
2026-01-16T21:21:54.282382,172.20.10.5,22,0
2026-01-16T21:21:54.282382,172.20.10.5,23,0
2026-01-16T21:21:54.282382,172.20.10.5,0,0
2026-01-16T21:21:54.282382,172.20.10.5,1,0
2026-01-16T21:21:54.282382,172.20.10.5,2,0
2026-01-16T21:21:54.282382,172.20.10.5,3,0
2026-01-16T21:21:54.282382,172.20.10.5,4,0
2026-01-16T21:21:54.282382,172.20.10.5,5,0
2026-01-16T21:21:54.282382,172.20.10.5,6,0
2026-01-16T21:21:54.282382,172.20.10.5,7,0
2026-01-16T21:21:54.282382,172.20.10.5,8,0.0898824
2026-01-16T21:21:54.282382,172.20.10.5,9,0
2026-01-16T21:21:54.282382,172.20.10.5,10,0
2026-01-16T21:21:54.282382,172.20.10.5,11,0
2026-01-16T21:21:54.282382,172.20.10.5,12,0
2026-01-16T21:21:54.282382,172.20.10.5,13,0
2026-01-16T21:21:54.282382,172.20.10.5,14,0
2026-01-16T21:21:54.282382,172.20.10.5,15,0
2026-01-16T21:21:54.282382,172.20.10.5,16,0
2026-01-16T21:21:54.282382,172.20.10.5,17,0
2026-01-16T21:21:54.282382,172.20.10.5,18,0
2026-01-16T21:21:54.282382,172.20.10.5,19,0
2026-01-16T21:21:54.282382,172.20.10.5,20,0
2026-01-16T21:21:54.282382,172.20.10.5,21,0
2026-01-16T21:21:54.282382,172.20.10.5,22,0
2026-01-16T21:21:54.282382,172.20.10.5,23,0
2026-01-16T21:21:54.282382,172.20.10.5,0,0
2026-01-16T21:21:54.282382,172.20.10.5,1,0
2026-01-16T21:21:54.282382,172.20.10.5,2,0
2026-01-16T21:21:54.282382,172.20.10.5,3,0
2026-01-16T21:21:54.282382,172.20.10.5,4,0
2026-01-16T21:21:54.282382,172.20.10.5,5,0
2026-01-16T21:21:54.282382,172.20.10.5,6,0
2026-01-16T21:21:54.282382,172.20.10.5,7,0
2026-01-16T21:21:54.282382,172.20.10.5,8,0.17863
2026-01-16T21:21:54.282382,172.20.10.5,9,0
2026-01-16T21:21:54.282382,172.20.10.5,10,0
2026-01-16T21:21:54.282382,172.20.10.5,11,0
2026-01-16T21:21:54.282382,172.20.10.5,12,0
2026-01-16T21:21:54.282382,172.20.10.5,13,0
2026-01-16T21:21:54.282382,172.20.10.5,14,0
2026-01-16T21:21:54.282382,172.20.10.5,15,0
2026-01-16T21:21:54.282382,172.20.10.5,16,0
2026-01-16T21:21:54.282382,172.20.10.5,17,0
2026-01-16T21:21:54.282382,172.20.10.5,18,0
2026-01-16T21:21:54.282382,172.20.10.5,19,0
2026-01-16T21:21:54.282382,172.20.10.5,20,0
2026-01-16T21:21:54.282382,172.20.10.5,21,0
2026-01-16T21:21:54.282382,172.20.10.5,22,0
2026-01-16T21:21:54.282382,172.20.10.5,23,0
2026-01-16T21:21:54.282382,172.20.10.5,0,0
2026-01-16T21:21:54.282382,172.20.10.5,1,0
2026-01-16T21:21:54.282382,172.20.10.5,2,0
2026-01-16T21:21:54.282382,172.20.10.5,3,0
2026-01-16T21:21:54.282382,172.20.10.5,4,0
2026-01-16T21:21:54.282382,172.20.10.5,5,0
2026-01-16T21:21:54.282382,172.20.10.5,6,0
2026-01-16T21:21:54.282382,172.20.10.5,7,0
2026-01-16T21:21:54.282382,172.20.10.5,8,0.150475
2026-01-16T21:21:54.282382,172.20.10.5,9,0
2026-01-16T21:21:54.282382,172.20.10.5,10,0
2026-01-16T21:21:54.282382,172.20.10.5,11,0
2026-01-16T21:21:54.282382,172.20.10.5,12,0
2026-01-16T21:21:54.282382,172.20.10.5,13,0
2026-01-16T21:21:54.282382,172.20.10.5,14,0
2026-01-16T21:21:54.282382,172.20.10.5,15,0
2026-01-16T21:21:54.282382,172.20.10.5,16,0
2026-01-16T21:21:54.282382,172.20.10.5,17,0
2026-01-16T21:21:54.282382,172.20.10.5,18,0
2026-01-16T21:21:54.282382,172.20.10.5,19,0
2026-01-16T21:21:54.282382,172.20.10.5,20,0
2026-01-16T21:21:54.282382,172.20.10.5,21,0
2026-01-16T21:21:54.282382,172.20.10.5,22,0
2026-01-16T21:21:54.282382,172.20.10.5,23,0
2026-01-16T21:21:54.282382,172.20.10.5,0,0
2026-01-16T21:21:54.282382,172.20.10.5,1,0
2026-01-16T21:21:54.282382,172.20.10.5,2,0
2026-01-16T21:21:54.282382,172.20.10.5,3,0
2026-01-16T21:21:54.282382,172.20.10.5,4,0
2026-01-16T21:21:54.282382,172.20.10.5,5,0
2026-01-16T21:21:54.282382,172.20.10.5,6,0
2026-01-16T21:21:54.282382,172.20.10.5,7,0
2026-01-16T21:21:54.282382,172.20.10.5,8,0.109922
2026-01-16T21:21:54.282382,172.20.10.5,9,0
2026-01-16T21:21:54.282382,172.20.10.5,10,0
2026-01-16T21:21:54.282382,172.20.10.5,11,0
2026-01-16T21:21:54.282382,172.20.10.5,12,0
2026-01-16T21:21:54.282382,172.20.10.5,13,0
2026-01-16T21:21:54.282382,172.20.10.5,14,0
2026-01-16T21:21:54.282382,172.20.10.5,15,0
2026-01-16T21:21:54.282382,172.20.10.5,16,0
2026-01-16T21:21:54.282382,172.20.10.5,17,0
2026-01-16T21:21:54.282382,172.20.10.5,18,0
2026-01-16T21:21:54.282382,172.20.10.5,19,0
2026-01-16T21:21:54.282382,172.20.10.5,20,0
2026-01-16T21:21:54.282382,172.20.10.5,21,0
2026-01-16T21:21:54.282382,172.20.10.5,22,0
2026-01-16T21:21:54.282382,172.20.10.5,23,0
2026-01-16T21:21:54.282382,172.20.10.5,0,0
2026-01-16T21:21:54.282382,172.20.10.5,1,0
2026-01-16T21:21:54.282382,172.20.10.5,2,0
2026-01-16T21:21:54.282382,172.20.10.5,3,0
2026-01-16T21:21:54.282382,172.20.10.5,4,0
2026-01-16T21:21:54.282382,172.20.10.5,5,0
2026-01-16T21:21:54.282382,172.20.10.5,6,0
2026-01-16T21:21:54.282382,172.20.10.5,7,0
2026-01-16T21:21:54.282382,172.20.10.5,8,0.175759
2026-01-16T21:21:54.282382,172.20.10.5,9,0
2026-01-16T21:21:54.282382,172.20.10.5,10,0
2026-01-16T21:21:54.282382,172.20.10.5,11,0
2026-01-16T21:21:54.282382,172.20.10.5,12,0
2026-01-16T21:21:54.282382,172.20.10.5,13,0
2026-01-16T21:21:54.282382,172.20.10.5,14,0
2026-01-16T21:21:54.282382,172.20.10.5,15,0
2026-01-16T21:21:54.282382,172.20.10.5,16,0
2026-01-16T21:21:54.282382,172.20.10.5,17,0
2026-01-16T21:21:54.282382,172.20.10.5,18,0
2026-01-16T21:21:54.282382,172.20.10.5,19,0
2026-01-16T21:21:54.282382,172.20.10.5,20,0
2026-01-16T21:21:54.282382,172.20.10.5,21,0
2026-01-16T21:21:54.282382,172.20.10.5,22,0
2026-01-16T21:21:54.282382,172.20.10.5,23,0
2026-01-16T21:21:54.282382,172.20.10.5,0,0
2026-01-16T21:21:54.282382,172.20.10.5,1,0
2026-01-16T21:21:54.282382,172.20.10.5,2,0
2026-01-16T21:21:54.282382,172.20.10.5,3,0
2026-01-16T21:21:54.282382,172.20.10.5,4,0
2026-01-16T21:21:54.282382,172.20.10.5,5,0
2026-01-16T21:21:54.282382,172.20.10.5,6,0
2026-01-16T21:21:54.282382,172.20.10.5,7,0
2026-01-16T21:21:54.282382,172.20.10.5,8,0.0936882
2026-01-16T21:21:54.282382,172.20.10.5,9,0
2026-01-16T21:21:54.282382,172.20.10.5,10,0
2026-01-16T21:21:54.282382,172.20.10.5,11,0
2026-01-16T21:21:54.282382,172.20.10.5,12,0
2026-01-16T21:21:54.282382,172.20.10.5,13,0
2026-01-16T21:21:54.282382,172.20.10.5,14,0
2026-01-16T21:21:54.282382,172.20.10.5,15,0
2026-01-16T21:21:54.282382,172.20.10.5,16,0
2026-01-16T21:21:54.282382,172.20.10.5,17,0
2026-01-16T21:21:54.282382,172.20.10.5,18,0
2026-01-16T21:21:54.282382,172.20.10.5,19,0
2026-01-16T21:21:54.282382,172.20.10.5,20,0
2026-01-16T21:21:54.282382,172.20.10.5,21,0
2026-01-16T21:21:54.282382,172.20.10.5,22,0
2026-01-16T21:21:54.282382,172.20.10.5,23,0
2026-01-16T21:21:54.282382,172.20.10.5,0,0
2026-01-16T21:21:54.282382,172.20.10.5,1,0
2026-01-16T21:21:54.282382,172.20.10.5,2,0
2026-01-16T21:21:54.282382,172.20.10.5,3,0
2026-01-16T21:21:54.282382,172.20.10.5,4,0
2026-01-16T21:21:54.282382,172.20.10.5,5,0
2026-01-16T21:21:54.282382,172.20.10.5,6,0
2026-01-16T21:21:54.282382,172.20.10.5,7,0
2026-01-16T21:21:54.282382,172.20.10.5,8,0.298091
2026-01-16T21:21:54.282382,172.20.10.5,9,0
2026-01-16T21:21:54.282382,172.20.10.5,10,0
2026-01-16T21:21:54.282382,172.20.10.5,11,0
2026-01-16T21:21:54.282382,172.20.10.5,12,0
2026-01-16T21:21:54.282382,172.20.10.5,13,0
2026-01-16T21:21:54.282382,172.20.10.5,14,0
2026-01-16T21:21:54.282382,172.20.10.5,15,0
2026-01-16T21:21:54.282382,172.20.10.5,16,0
2026-01-16T21:21:54.282382,172.20.10.5,17,0
2026-01-16T21:21:54.282382,172.20.10.5,18,0
2026-01-16T21:21:54.282382,172.20.10.5,19,0
2026-01-16T21:21:54.282382,172.20.10.5,20,0
2026-01-16T21:21:54.282382,172.20.10.5,21,0
2026-01-16T21:21:54.282382,172.20.10.5,22,0
2026-01-16T21:21:54.282382,172.20.10.5,23,0
2026-01-16T21:21:54.282382,172.20.10.5,0,0
2026-01-16T21:21:54.282382,172.20.10.5,1,0
2026-01-16T21:21:54.282382,172.20.10.5,2,0
2026-01-16T21:21:54.282382,172.20.10.5,3,0
2026-01-16T21:21:54.282382,172.20.10.5,4,0
2026-01-16T21:21:54.282382,172.20.10.5,5,0
2026-01-16T21:21:54.282382,172.20.10.5,6,0
2026-01-16T21:21:54.282382,172.20.10.5,7,0
2026-01-16T21:21:54.282382,172.20.10.5,8,0.298091
2026-01-16T21:21:54.282382,172.20.10.5,9,0
2026-01-16T21:21:54.282382,172.20.10.5,10,0
2026-01-16T21:21:54.282382,172.20.10.5,11,0
2026-01-16T21:21:54.282382,172.20.10.5,12,0
2026-01-16T21:21:54.282382,172.20.10.5,13,0
2026-01-16T21:21:54.282382,172.20.10.5,14,0
2026-01-16T21:21:54.282382,172.20.10.5,15,0
2026-01-16T21:21:54.282382,172.20.10.5,16,0
2026-01-16T21:21:54.282382,172.20.10.5,17,0
2026-01-16T21:21:54.282382,172.20.10.5,18,0
2026-01-16T21:21:54.282382,172.20.10.5,19,0
2026-01-16T21:21:54.282382,172.20.10.5,20,0
2026-01-16T21:21:54.282382,172.20.10.5,21,0
2026-01-16T21:21:54.282382,172.20.10.5,22,0
2026-01-16T21:21:54.282382,172.20.10.5,23,0
2026-01-16T21:21:54.282382,172.20.10.5,0,0
2026-01-16T21:21:54.282382,172.20.10.5,1,0
2026-01-16T21:21:54.282382,172.20.10.5,2,0
2026-01-16T21:21:54.282382,172.20.10.5,3,0
2026-01-16T21:21:54.282382,172.20.10.5,4,0
2026-01-16T21:21:54.282382,172.20.10.5,5,0
2026-01-16T21:21:54.282382,172.20.10.5,6,0
2026-01-16T21:21:54.282382,172.20.10.5,7,0
2026-01-16T21:21:54.282382,172.20.10.5,8,0.298091
2026-01-16T21:21:54.282382,172.20.10.5,9,0
2026-01-16T21:21:54.282382,172.20.10.5,10,0
2026-01-16T21:21:54.282382,172.20.10.5,11,0
2026-01-16T21:21:54.282382,172.20.10.5,12,0
2026-01-16T21:21:54.282382,172.20.10.5,13,0
2026-01-16T21:21:54.282382,172.20.10.5,14,0
2026-01-16T21:21:54.282382,172.20.10.5,15,0
2026-01-16T21:21:54.282382,172.20.10.5,16,0
2026-01-16T21:21:54.282382,172.20.10.5,17,0
2026-01-16T21:21:54.282382,172.20.10.5,18,0
2026-01-16T21:21:54.282382,172.20.10.5,19,0
2026-01-16T21:21:54.282382,172.20.10.5,20,0
2026-01-16T21:21:54.282382,172.20.10.5,21,0
2026-01-16T21:21:54.282382,172.20.10.5,22,0
2026-01-16T21:21:54.282382,172.20.10.5,23,0
2026-01-16T21:21:54.282382,172.20.10.5,0,0
2026-01-16T21:21:54.282382,172.20.10.5,1,0
2026-01-16T21:21:54.282382,172.20.10.5,2,0
2026-01-16T21:21:54.282382,172.20.10.5,3,0
2026-01-16T21:21:54.282382,172.20.10.5,4,0
2026-01-16T21:21:54.282382,172.20.10.5,5,0
2026-01-16T21:21:54.282382,172.20.10.5,6,0
2026-01-16T21:21:54.282382,172.20.10.5,7,0
2026-01-16T21:21:54.282382,172.20.10.5,8,0.298091
2026-01-16T21:21:54.282382,172.20.10.5,9,0
2026-01-16T21:21:54.282382,172.20.10.5,10,0
2026-01-16T21:21:54.282382,172.20.10.5,11,0
2026-01-16T21:21:54.282382,172.20.10.5,12,0
2026-01-16T21:21:54.282382,172.20.10.5,13,0
2026-01-16T21:21:54.282382,172.20.10.5,14,0
2026-01-16T21:21:54.282382,172.20.10.5,15,0
2026-01-16T21:21:54.282382,172.20.10.5,16,0
2026-01-16T21:21:54.282382,172.20.10.5,17,0
2026-01-16T21:21:54.282382,172.20.10.5,18,0
2026-01-16T21:21:54.282382,172.20.10.5,19,0
2026-01-16T21:21:54.282382,172.20.10.5,20,0
2026-01-16T21:21:54.282382,172.20.10.5,21,0
2026-01-16T21:21:54.282382,172.20.10.5,22,0
2026-01-16T21:21:54.282382,172.20.10.5,23,0
2026-01-16T21:21:54.282382,172.20.10.5,0,0
2026-01-16T21:21:54.282382,172.20.10.5,1,0
2026-01-16T21:21:54.282382,172.20.10.5,2,0
2026-01-16T21:21:54.282382,172.20.10.5,3,0
2026-01-16T21:21:54.282382,172.20.10.5,4,0
2026-01-16T21:21:54.282382,172.20.10.5,5,0
2026-01-16T21:21:54.282382,172.20.10.5,6,0
2026-01-16T21:21:54.282382,172.20.10.5,7,0
2026-01-16T21:21:54.282382,172.20.10.5,8,0.298091
2026-01-16T21:21:54.282382,172.20.10.5,9,0
2026-01-16T21:21:54.282382,172.20.10.5,10,0
2026-01-16T21:21:54.282382,172.20.10.5,11,0
2026-01-16T21:21:54.282382,172.20.10.5,12,0
2026-01-16T21:21:54.282382,172.20.10.5,13,0
2026-01-16T21:21:54.282382,172.20.10.5,14,0
2026-01-16T21:21:54.282382,172.20.10.5,15,0
2026-01-16T21:21:54.282382,172.20.10.5,16,0
2026-01-16T21:21:54.282382,172.20.10.5,17,0
2026-01-16T21:21:54.282382,172.20.10.5,18,0
2026-01-16T21:21:54.282382,172.20.10.5,19,0
2026-01-16T21:21:54.282382,172.20.10.5,20,0
2026-01-16T21:21:54.282382,172.20.10.5,21,0
2026-01-16T21:21:54.282382,172.20.10.5,22,0
2026-01-16T21:21:54.282382,172.20.10.5,23,0
2026-01-16T21:21:54.282382,172.20.10.5,0,0
2026-01-16T21:21:54.282382,172.20.10.5,1,0
2026-01-16T21:21:54.282382,172.20.10.5,2,0
2026-01-16T21:21:54.282382,172.20.10.5,3,0
2026-01-16T21:21:54.282382,172.20.10.5,4,0
2026-01-16T21:21:54.282382,172.20.10.5,5,0
2026-01-16T21:21:54.282382,172.20.10.5,6,0
2026-01-16T21:21:54.282382,172.20.10.5,7,0
2026-01-16T21:21:54.282382,172.20.10.5,8,0.298091
2026-01-16T21:21:54.282382,172.20.10.5,9,0
2026-01-16T21:21:54.282382,172.20.10.5,10,0
2026-01-16T21:21:54.282382,172.20.10.5,11,0
2026-01-16T21:21:54.282382,172.20.10.5,12,0
2026-01-16T21:21:54.282382,172.20.10.5,13,0
2026-01-16T21:21:54.282382,172.20.10.5,14,0
2026-01-16T21:21:54.282382,172.20.10.5,15,0
2026-01-16T21:21:54.282382,172.20.10.5,16,0
2026-01-16T21:21:54.282382,172.20.10.5,17,0
2026-01-16T21:21:54.282382,172.20.10.5,18,0
2026-01-16T21:21:54.282382,172.20.10.5,19,0
2026-01-16T21:21:54.282382,172.20.10.5,20,0
2026-01-16T21:21:54.282382,172.20.10.5,21,0
2026-01-16T21:21:54.282382,172.20.10.5,22,0
2026-01-16T21:21:54.282382,172.20.10.5,23,0
2026-01-16T21:21:54.282382,172.20.10.5,0,0
2026-01-16T21:21:54.282382,172.20.10.5,1,0
2026-01-16T21:21:54.282382,172.20.10.5,2,0
2026-01-16T21:21:54.282382,172.20.10.5,3,0
2026-01-16T21:21:54.282382,172.20.10.5,4,0
2026-01-16T21:21:54.282382,172.20.10.5,5,0
2026-01-16T21:21:54.282382,172.20.10.5,6,0
2026-01-16T21:21:54.282382,172.20.10.5,7,0
2026-01-16T21:21:54.282382,172.20.10.5,8,0.298091
2026-01-16T21:21:54.282382,172.20.10.5,9,0
2026-01-16T21:21:54.282382,172.20.10.5,10,0
2026-01-16T21:21:54.282382,172.20.10.5,11,0
2026-01-16T21:21:54.282382,172.20.10.5,12,0
2026-01-16T21:21:54.282382,172.20.10.5,13,0
2026-01-16T21:21:54.282382,172.20.10.5,14,0
2026-01-16T21:21:54.282382,172.20.10.5,15,0
2026-01-16T21:21:54.282382,172.20.10.5,16,0
2026-01-16T21:21:54.282382,172.20.10.5,17,0
2026-01-16T21:21:54.282382,172.20.10.5,18,0
2026-01-16T21:21:54.282382,172.20.10.5,19,0
2026-01-16T21:21:54.282382,172.20.10.5,20,0
2026-01-16T21:21:54.282382,172.20.10.5,21,0
2026-01-16T21:21:54.282382,172.20.10.5,22,0
2026-01-16T21:21:54.282382,172.20.10.5,23,0
2026-01-16T21:21:54.282382,172.20.10.5,0,0
2026-01-16T21:21:54.282382,172.20.10.5,1,0
2026-01-16T21:21:54.282382,172.20.10.5,2,0
2026-01-16T21:21:54.282382,172.20.10.5,3,0
2026-01-16T21:21:54.282382,172.20.10.5,4,0
2026-01-16T21:21:54.282382,172.20.10.5,5,0
2026-01-16T21:21:54.282382,172.20.10.5,6,0
2026-01-16T21:21:54.282382,172.20.10.5,7,0
2026-01-16T21:21:54.282382,172.20.10.5,8,0.298091
2026-01-16T21:21:54.282382,172.20.10.5,9,0
2026-01-16T21:21:54.282382,172.20.10.5,10,0
2026-01-16T21:21:54.282382,172.20.10.5,11,0
2026-01-16T21:21:54.282382,172.20.10.5,12,0
2026-01-16T21:21:54.282382,172.20.10.5,13,0
2026-01-16T21:21:54.282382,172.20.10.5,14,0
2026-01-16T21:21:54.282382,172.20.10.5,15,0
2026-01-16T21:21:54.282382,172.20.10.5,16,0
2026-01-16T21:21:54.282382,172.20.10.5,17,0
2026-01-16T21:21:54.282382,172.20.10.5,18,0
2026-01-16T21:21:54.282382,172.20.10.5,19,0
2026-01-16T21:21:54.282382,172.20.10.5,20,0
2026-01-16T21:21:54.282382,172.20.10.5,21,0
2026-01-16T21:21:54.282382,172.20.10.5,22,0
2026-01-16T21:21:54.282382,172.20.10.5,23,0
2026-01-16T21:21:54.282382,172.20.10.5,0,0
2026-01-16T21:21:54.282382,172.20.10.5,1,0
2026-01-16T21:21:54.282382,172.20.10.5,2,0
2026-01-16T21:21:54.282382,172.20.10.5,3,0
2026-01-16T21:21:54.282382,172.20.10.5,4,0
2026-01-16T21:21:54.282382,172.20.10.5,5,0
2026-01-16T21:21:54.282382,172.20.10.5,6,0
2026-01-16T21:21:54.282382,172.20.10.5,7,0
2026-01-16T21:21:54.282382,172.20.10.5,8,0.290745
2026-01-16T21:21:54.282382,172.20.10.5,9,0
2026-01-16T21:21:54.282382,172.20.10.5,10,0
2026-01-16T21:21:54.282382,172.20.10.5,11,0
2026-01-16T21:21:54.282382,172.20.10.5,12,0
2026-01-16T21:21:54.282382,172.20.10.5,13,0
2026-01-16T21:21:54.282382,172.20.10.5,14,0
2026-01-16T21:21:54.282382,172.20.10.5,15,0
2026-01-16T21:21:54.282382,172.20.10.5,16,0
2026-01-16T21:21:54.282382,172.20.10.5,17,0
2026-01-16T21:21:54.282382,172.20.10.5,18,0
2026-01-16T21:21:54.282382,172.20.10.5,19,0
2026-01-16T21:21:54.282382,172.20.10.5,20,0
2026-01-16T21:21:54.282382,172.20.10.5,21,0
2026-01-16T21:21:54.282382,172.20.10.5,22,0
2026-01-16T21:21:54.282382,172.20.10.5,23,0
2026-01-16T21:21:54.282382,172.20.10.5,0,0
2026-01-16T21:21:54.282382,172.20.10.5,1,0
2026-01-16T21:21:54.282382,172.20.10.5,2,0
2026-01-16T21:21:54.282382,172.20.10.5,3,0
2026-01-16T21:21:54.282382,172.20.10.5,4,0
2026-01-16T21:21:54.282382,172.20.10.5,5,0
2026-01-16T21:21:54.282382,172.20.10.5,6,0
2026-01-16T21:21:54.282382,172.20.10.5,7,0
2026-01-16T21:21:54.282382,172.20.10.5,8,0.298091
2026-01-16T21:21:54.282382,172.20.10.5,9,0
2026-01-16T21:21:54.282382,172.20.10.5,10,0
2026-01-16T21:21:54.282382,172.20.10.5,11,0
2026-01-16T21:21:54.282382,172.20.10.5,12,0
2026-01-16T21:21:54.282382,172.20.10.5,13,0
2026-01-16T21:21:54.282382,172.20.10.5,14,0
2026-01-16T21:21:54.282382,172.20.10.5,15,0
2026-01-16T21:21:54.282382,172.20.10.5,16,0
2026-01-16T21:21:54.282382,172.20.10.5,17,0
2026-01-16T21:21:54.282382,172.20.10.5,18,0
2026-01-16T21:21:54.282382,172.20.10.5,19,0
2026-01-16T21:21:54.282382,172.20.10.5,20,0
2026-01-16T21:21:54.282382,172.20.10.5,21,0
2026-01-16T21:21:54.282382,172.20.10.5,22,0
2026-01-16T21:21:54.282382,172.20.10.5,23,0
2026-01-16T21:21:54.282382,172.20.10.5,0,0
2026-01-16T21:21:54.282382,172.20.10.5,1,0
2026-01-16T21:21:54.282382,172.20.10.5,2,0
2026-01-16T21:21:54.282382,172.20.10.5,3,0
2026-01-16T21:21:54.282382,172.20.10.5,4,0
2026-01-16T21:21:54.282382,172.20.10.5,5,0
2026-01-16T21:21:54.282382,172.20.10.5,6,0
2026-01-16T21:21:54.282382,172.20.10.5,7,0
2026-01-16T21:21:54.282382,172.20.10.5,8,0.289886
2026-01-16T21:21:54.282382,172.20.10.5,9,0
2026-01-16T21:21:54.282382,172.20.10.5,10,0
2026-01-16T21:21:54.282382,172.20.10.5,11,0
2026-01-16T21:21:54.282382,172.20.10.5,12,0
2026-01-16T21:21:54.282382,172.20.10.5,13,0
2026-01-16T21:21:54.282382,172.20.10.5,14,0
2026-01-16T21:21:54.282382,172.20.10.5,15,0
2026-01-16T21:21:54.282382,172.20.10.5,16,0
2026-01-16T21:21:54.282382,172.20.10.5,17,0
2026-01-16T21:21:54.282382,172.20.10.5,18,0
2026-01-16T21:21:54.282382,172.20.10.5,19,0
2026-01-16T21:21:54.282382,172.20.10.5,20,0
2026-01-16T21:21:54.282382,172.20.10.5,21,0
2026-01-16T21:21:54.282382,172.20.10.5,22,0
2026-01-16T21:21:54.282382,172.20.10.5,23,0
2026-01-16T21:21:54.282382,172.20.10.5,0,0
2026-01-16T21:21:54.282382,172.20.10.5,1,0
2026-01-16T21:21:54.282382,172.20.10.5,2,0
2026-01-16T21:21:54.282382,172.20.10.5,3,0
2026-01-16T21:21:54.282382,172.20.10.5,4,0
2026-01-16T21:21:54.282382,172.20.10.5,5,0
2026-01-16T21:21:54.282382,172.20.10.5,6,0
2026-01-16T21:21:54.282382,172.20.10.5,7,0
2026-01-16T21:21:54.282382,172.20.10.5,8,0.298091
2026-01-16T21:21:54.282382,172.20.10.5,9,0
2026-01-16T21:21:54.282382,172.20.10.5,10,0
2026-01-16T21:21:54.282382,172.20.10.5,11,0
2026-01-16T21:21:54.282382,172.20.10.5,12,0
2026-01-16T21:21:54.282382,172.20.10.5,13,0
2026-01-16T21:21:54.282382,172.20.10.5,14,0
2026-01-16T21:21:54.282382,172.20.10.5,15,0
2026-01-16T21:21:54.282382,172.20.10.5,16,0
2026-01-16T21:21:54.282382,172.20.10.5,17,0
2026-01-16T21:21:54.282382,172.20.10.5,18,0
2026-01-16T21:21:54.282382,172.20.10.5,19,0
2026-01-16T21:21:54.282382,172.20.10.5,20,0
2026-01-16T21:21:54.282382,172.20.10.5,21,0
2026-01-16T21:21:54.282382,172.20.10.5,22,0
2026-01-16T21:21:54.282382,172.20.10.5,23,0
2026-01-16T21:21:54.282382,172.20.10.5,0,0
2026-01-16T21:21:54.282382,172.20.10.5,1,0
2026-01-16T21:21:54.282382,172.20.10.5,2,0
2026-01-16T21:21:54.282382,172.20.10.5,3,0
2026-01-16T21:21:54.282382,172.20.10.5,4,0
2026-01-16T21:21:54.282382,172.20.10.5,5,0
2026-01-16T21:21:54.282382,172.20.10.5,6,0
2026-01-16T21:21:54.282382,172.20.10.5,7,0
2026-01-16T21:21:54.282382,172.20.10.5,8,0.287866
2026-01-16T21:21:54.282382,172.20.10.5,9,0
2026-01-16T21:21:54.282382,172.20.10.5,10,0
2026-01-16T21:21:54.282382,172.20.10.5,11,0
2026-01-16T21:21:54.282382,172.20.10.5,12,0
2026-01-16T21:21:54.282382,172.20.10.5,13,0
2026-01-16T21:21:54.282382,172.20.10.5,14,0
2026-01-16T21:21:54.282382,172.20.10.5,15,0
2026-01-16T21:21:54.282382,172.20.10.5,16,0
2026-01-16T21:21:54.282382,172.20.10.5,17,0
2026-01-16T21:21:54.282382,172.20.10.5,18,0
2026-01-16T21:21:54.282382,172.20.10.5,19,0
2026-01-16T21:21:54.282382,172.20.10.5,20,0
2026-01-16T21:21:54.282382,172.20.10.5,21,0
2026-01-16T21:21:54.282382,172.20.10.5,22,0
2026-01-16T21:21:54.282382,172.20.10.5,23,0
2026-01-16T21:21:54.282382,172.20.10.5,0,0
2026-01-16T21:21:54.282382,172.20.10.5,1,0
2026-01-16T21:21:54.282382,172.20.10.5,2,0
2026-01-16T21:21:54.282382,172.20.10.5,3,0
2026-01-16T21:21:54.282382,172.20.10.5,4,0
2026-01-16T21:21:54.282382,172.20.10.5,5,0
2026-01-16T21:21:54.282382,172.20.10.5,6,0
2026-01-16T21:21:54.282382,172.20.10.5,7,0
2026-01-16T21:21:54.282382,172.20.10.5,8,0.298091
2026-01-16T21:21:54.282382,172.20.10.5,9,0
2026-01-16T21:21:54.282382,172.20.10.5,10,0
2026-01-16T21:21:54.282382,172.20.10.5,11,0
2026-01-16T21:21:54.282382,172.20.10.5,12,0
2026-01-16T21:21:54.282382,172.20.10.5,13,0
2026-01-16T21:21:54.282382,172.20.10.5,14,0
2026-01-16T21:21:54.282382,172.20.10.5,15,0
2026-01-16T21:21:54.282382,172.20.10.5,16,0
2026-01-16T21:21:54.282382,172.20.10.5,17,0
2026-01-16T21:21:54.282382,172.20.10.5,18,0
2026-01-16T21:21:54.282382,172.20.10.5,19,0
2026-01-16T21:21:54.282382,172.20.10.5,20,0
2026-01-16T21:21:54.282382,172.20.10.5,21,0
2026-01-16T21:21:54.282382,172.20.10.5,22,0
2026-01-16T21:21:54.282382,172.20.10.5,23,0
2026-01-16T21:21:54.282382,172.20.10.5,0,0
2026-01-16T21:21:54.282382,172.20.10.5,1,0
2026-01-16T21:21:54.282382,172.20.10.5,2,0
2026-01-16T21:21:54.282382,172.20.10.5,3,0
2026-01-16T21:21:54.282382,172.20.10.5,4,0
2026-01-16T21:21:54.282382,172.20.10.5,5,0
2026-01-16T21:21:54.282382,172.20.10.5,6,0
2026-01-16T21:21:54.282382,172.20.10.5,7,0
2026-01-16T21:21:54.282382,172.20.10.5,8,0.298091
2026-01-16T21:21:54.282382,172.20.10.5,9,0
2026-01-16T21:21:54.282382,172.20.10.5,10,0
2026-01-16T21:21:54.282382,172.20.10.5,11,0
2026-01-16T21:21:54.282382,172.20.10.5,12,0
2026-01-16T21:21:54.282382,172.20.10.5,13,0
2026-01-16T21:21:54.282382,172.20.10.5,14,0
2026-01-16T21:21:54.282382,172.20.10.5,15,0
2026-01-16T21:21:54.282382,172.20.10.5,16,0
2026-01-16T21:21:54.282382,172.20.10.5,17,0
2026-01-16T21:21:54.282382,172.20.10.5,18,0
2026-01-16T21:21:54.282382,172.20.10.5,19,0
2026-01-16T21:21:54.282382,172.20.10.5,20,0
2026-01-16T21:21:54.282382,172.20.10.5,21,0
2026-01-16T21:21:54.282382,172.20.10.5,22,0
2026-01-16T21:21:54.282382,172.20.10.5,23,0
2026-01-16T21:21:54.282382,172.20.10.5,0,0
2026-01-16T21:21:54.282382,172.20.10.5,1,0
2026-01-16T21:21:54.282382,172.20.10.5,2,0
2026-01-16T21:21:54.282382,172.20.10.5,3,0
2026-01-16T21:21:54.282382,172.20.10.5,4,0
2026-01-16T21:21:54.282382,172.20.10.5,5,0
2026-01-16T21:21:54.282382,172.20.10.5,6,0
2026-01-16T21:21:54.282382,172.20.10.5,7,0
2026-01-16T21:21:54.282382,172.20.10.5,8,0.298091
2026-01-16T21:21:54.282382,172.20.10.5,9,0
2026-01-16T21:21:54.282382,172.20.10.5,10,0
2026-01-16T21:21:54.282382,172.20.10.5,11,0
2026-01-16T21:21:54.282382,172.20.10.5,12,0
2026-01-16T21:21:54.282382,172.20.10.5,13,0
2026-01-16T21:21:54.282382,172.20.10.5,14,0
2026-01-16T21:21:54.282382,172.20.10.5,15,0
2026-01-16T21:21:54.282382,172.20.10.5,16,0
2026-01-16T21:21:54.282382,172.20.10.5,17,0
2026-01-16T21:21:54.282382,172.20.10.5,18,0
2026-01-16T21:21:54.282382,172.20.10.5,19,0
2026-01-16T21:21:54.282382,172.20.10.5,20,0
2026-01-16T21:21:54.282382,172.20.10.5,21,0
2026-01-16T21:21:54.282382,172.20.10.5,22,0
2026-01-16T21:21:54.282382,172.20.10.5,23,0
2026-01-16T21:21:54.282382,172.20.10.5,0,0
2026-01-16T21:21:54.282382,172.20.10.5,1,0
2026-01-16T21:21:54.282382,172.20.10.5,2,0
2026-01-16T21:21:54.282382,172.20.10.5,3,0
2026-01-16T21:21:54.282382,172.20.10.5,4,0
2026-01-16T21:21:54.282382,172.20.10.5,5,0
2026-01-16T21:21:54.282382,172.20.10.5,6,0
2026-01-16T21:21:54.282382,172.20.10.5,7,0
2026-01-16T21:21:54.282382,172.20.10.5,8,0.298091
2026-01-16T21:21:54.282382,172.20.10.5,9,0
2026-01-16T21:21:54.282382,172.20.10.5,10,0
2026-01-16T21:21:54.282382,172.20.10.5,11,0
2026-01-16T21:21:54.282382,172.20.10.5,12,0
2026-01-16T21:21:54.282382,172.20.10.5,13,0
2026-01-16T21:21:54.282382,172.20.10.5,14,0
2026-01-16T21:21:54.282382,172.20.10.5,15,0
2026-01-16T21:21:54.282382,172.20.10.5,16,0
2026-01-16T21:21:54.282382,172.20.10.5,17,0
2026-01-16T21:21:54.282382,172.20.10.5,18,0
2026-01-16T21:21:54.282382,172.20.10.5,19,0
2026-01-16T21:21:54.282382,172.20.10.5,20,0
2026-01-16T21:21:54.282382,172.20.10.5,21,0
2026-01-16T21:21:54.282382,172.20.10.5,22,0
2026-01-16T21:21:54.282382,172.20.10.5,23,0
2026-01-16T21:21:54.282382,172.20.10.5,0,0
2026-01-16T21:21:54.282382,172.20.10.5,1,0
2026-01-16T21:21:54.282382,172.20.10.5,2,0
2026-01-16T21:21:54.282382,172.20.10.5,3,0
2026-01-16T21:21:54.282382,172.20.10.5,4,0
2026-01-16T21:21:54.282382,172.20.10.5,5,0
2026-01-16T21:21:54.282382,172.20.10.5,6,0
2026-01-16T21:21:54.282382,172.20.10.5,7,0
2026-01-16T21:21:54.282382,172.20.10.5,8,0.298091
2026-01-16T21:21:54.282382,172.20.10.5,9,0
2026-01-16T21:21:54.282382,172.20.10.5,10,0
2026-01-16T21:21:54.282382,172.20.10.5,11,0
2026-01-16T21:21:54.282382,172.20.10.5,12,0
2026-01-16T21:21:54.282382,172.20.10.5,13,0
2026-01-16T21:21:54.282382,172.20.10.5,14,0
2026-01-16T21:21:54.282382,172.20.10.5,15,0
2026-01-16T21:21:54.282382,172.20.10.5,16,0
2026-01-16T21:21:54.282382,172.20.10.5,17,0
2026-01-16T21:21:54.282382,172.20.10.5,18,0
2026-01-16T21:21:54.282382,172.20.10.5,19,0
2026-01-16T21:21:54.282382,172.20.10.5,20,0
2026-01-16T21:21:54.282382,172.20.10.5,21,0
2026-01-16T21:21:54.282382,172.20.10.5,22,0
2026-01-16T21:21:54.282382,172.20.10.5,23,0
2026-01-16T21:21:54.282382,172.20.10.5,0,0
2026-01-16T21:21:54.282382,172.20.10.5,1,0
2026-01-16T21:21:54.282382,172.20.10.5,2,0
2026-01-16T21:21:54.282382,172.20.10.5,3,0
2026-01-16T21:21:54.282382,172.20.10.5,4,0
2026-01-16T21:21:54.282382,172.20.10.5,5,0
2026-01-16T21:21:54.282382,172.20.10.5,6,0
2026-01-16T21:21:54.282382,172.20.10.5,7,0
2026-01-16T21:21:54.282382,172.20.10.5,8,0.298091
2026-01-16T21:21:54.282382,172.20.10.5,9,0
2026-01-16T21:21:54.282382,172.20.10.5,10,0
2026-01-16T21:21:54.282382,172.20.10.5,11,0
2026-01-16T21:21:54.282382,172.20.10.5,12,0
2026-01-16T21:21:54.282382,172.20.10.5,13,0
2026-01-16T21:21:54.282382,172.20.10.5,14,0
2026-01-16T21:21:54.282382,172.20.10.5,15,0
2026-01-16T21:21:54.282382,172.20.10.5,16,0
2026-01-16T21:21:54.282382,172.20.10.5,17,0
2026-01-16T21:21:54.282382,172.20.10.5,18,0
2026-01-16T21:21:54.282382,172.20.10.5,19,0
2026-01-16T21:21:54.282382,172.20.10.5,20,0
2026-01-16T21:21:54.282382,172.20.10.5,21,0
2026-01-16T21:21:54.282382,172.20.10.5,22,0
2026-01-16T21:21:54.282382,172.20.10.5,23,0
2026-01-16T21:21:54.282382,172.20.10.5,0,0
2026-01-16T21:21:54.282382,172.20.10.5,1,0
2026-01-16T21:21:54.282382,172.20.10.5,2,0
2026-01-16T21:21:54.282382,172.20.10.5,3,0
2026-01-16T21:21:54.282382,172.20.10.5,4,0
2026-01-16T21:21:54.282382,172.20.10.5,5,0
2026-01-16T21:21:54.282382,172.20.10.5,6,0
2026-01-16T21:21:54.282382,172.20.10.5,7,0
2026-01-16T21:21:54.282382,172.20.10.5,8,0.298091
2026-01-16T21:21:54.282382,172.20.10.5,9,0
2026-01-16T21:21:54.282382,172.20.10.5,10,0
2026-01-16T21:21:54.282382,172.20.10.5,11,0
2026-01-16T21:21:54.282382,172.20.10.5,12,0
2026-01-16T21:21:54.282382,172.20.10.5,13,0
2026-01-16T21:21:54.282382,172.20.10.5,14,0
2026-01-16T21:21:54.282382,172.20.10.5,15,0
2026-01-16T21:21:54.282382,172.20.10.5,16,0
2026-01-16T21:21:54.282382,172.20.10.5,17,0
2026-01-16T21:21:54.282382,172.20.10.5,18,0
2026-01-16T21:21:54.282382,172.20.10.5,19,0
2026-01-16T21:21:54.282382,172.20.10.5,20,0
2026-01-16T21:21:54.282382,172.20.10.5,21,0
2026-01-16T21:21:54.282382,172.20.10.5,22,0
2026-01-16T21:21:54.282382,172.20.10.5,23,0
2026-01-16T21:21:54.282382,172.20.10.5,0,0
2026-01-16T21:21:54.282382,172.20.10.5,1,0
2026-01-16T21:21:54.282382,172.20.10.5,2,0
2026-01-16T21:21:54.282382,172.20.10.5,3,0
2026-01-16T21:21:54.282382,172.20.10.5,4,0
2026-01-16T21:21:54.282382,172.20.10.5,5,0
2026-01-16T21:21:54.282382,172.20.10.5,6,0
2026-01-16T21:21:54.282382,172.20.10.5,7,0
2026-01-16T21:21:54.282382,172.20.10.5,8,0.298091
2026-01-16T21:21:54.282382,172.20.10.5,9,0
2026-01-16T21:21:54.282382,172.20.10.5,10,0
2026-01-16T21:21:54.282382,172.20.10.5,11,0
2026-01-16T21:21:54.282382,172.20.10.5,12,0
2026-01-16T21:21:54.282382,172.20.10.5,13,0
2026-01-16T21:21:54.282382,172.20.10.5,14,0
2026-01-16T21:21:54.282382,172.20.10.5,15,0
2026-01-16T21:21:54.282382,172.20.10.5,16,0
2026-01-16T21:21:54.282382,172.20.10.5,17,0
2026-01-16T21:21:54.282382,172.20.10.5,18,0
2026-01-16T21:21:54.282382,172.20.10.5,19,0
2026-01-16T21:21:54.282382,172.20.10.5,20,0
2026-01-16T21:21:54.282382,172.20.10.5,21,0
2026-01-16T21:21:54.282382,172.20.10.5,22,0
2026-01-16T21:21:54.282382,172.20.10.5,23,0
2026-01-16T21:21:54.282382,172.20.10.5,0,0
2026-01-16T21:21:54.282382,172.20.10.5,1,0
2026-01-16T21:21:54.282382,172.20.10.5,2,0
2026-01-16T21:21:54.282382,172.20.10.5,3,0
2026-01-16T21:21:54.282382,172.20.10.5,4,0
2026-01-16T21:21:54.282382,172.20.10.5,5,0
2026-01-16T21:21:54.282382,172.20.10.5,6,0
2026-01-16T21:21:54.282382,172.20.10.5,7,0
2026-01-16T21:21:54.282382,172.20.10.5,8,0.298091
2026-01-16T21:21:54.282382,172.20.10.5,9,0
2026-01-16T21:21:54.282382,172.20.10.5,10,0
2026-01-16T21:21:54.282382,172.20.10.5,11,0
2026-01-16T21:21:54.282382,172.20.10.5,12,0
2026-01-16T21:21:54.282382,172.20.10.5,13,0
2026-01-16T21:21:54.282382,172.20.10.5,14,0
2026-01-16T21:21:54.282382,172.20.10.5,15,0
2026-01-16T21:21:54.282382,172.20.10.5,16,0
2026-01-16T21:21:54.282382,172.20.10.5,17,0
2026-01-16T21:21:54.282382,172.20.10.5,18,0
2026-01-16T21:21:54.282382,172.20.10.5,19,0
2026-01-16T21:21:54.282382,172.20.10.5,20,0
2026-01-16T21:21:54.282382,172.20.10.5,21,0
2026-01-16T21:21:54.282382,172.20.10.5,22,0
2026-01-16T21:21:54.282382,172.20.10.5,23,0
2026-01-16T21:21:54.282382,172.20.10.5,0,0
2026-01-16T21:21:54.282382,172.20.10.5,1,0
2026-01-16T21:21:54.282382,172.20.10.5,2,0
2026-01-16T21:21:54.282382,172.20.10.5,3,0
2026-01-16T21:21:54.282382,172.20.10.5,4,0
2026-01-16T21:21:54.282382,172.20.10.5,5,0
2026-01-16T21:21:54.282382,172.20.10.5,6,0
2026-01-16T21:21:54.282382,172.20.10.5,7,0
2026-01-16T21:21:54.282382,172.20.10.5,8,0.298091
2026-01-16T21:21:54.282382,172.20.10.5,9,0
2026-01-16T21:21:54.282382,172.20.10.5,10,0
2026-01-16T21:21:54.282382,172.20.10.5,11,0
2026-01-16T21:21:54.282382,172.20.10.5,12,0
2026-01-16T21:21:54.282382,172.20.10.5,13,0
2026-01-16T21:21:54.282382,172.20.10.5,14,0
2026-01-16T21:21:54.282382,172.20.10.5,15,0
2026-01-16T21:21:54.282382,172.20.10.5,16,0
2026-01-16T21:21:54.282382,172.20.10.5,17,0
2026-01-16T21:21:54.282382,172.20.10.5,18,0
2026-01-16T21:21:54.282382,172.20.10.5,19,0
2026-01-16T21:21:54.282382,172.20.10.5,20,0
2026-01-16T21:21:54.282382,172.20.10.5,21,0
2026-01-16T21:21:54.282382,172.20.10.5,22,0
2026-01-16T21:21:54.282382,172.20.10.5,23,0
2026-01-16T21:21:54.282382,172.20.10.5,0,0
2026-01-16T21:21:54.282382,172.20.10.5,1,0
2026-01-16T21:21:54.282382,172.20.10.5,2,0
2026-01-16T21:21:54.282382,172.20.10.5,3,0
2026-01-16T21:21:54.282382,172.20.10.5,4,0
2026-01-16T21:21:54.282382,172.20.10.5,5,0
2026-01-16T21:21:54.282382,172.20.10.5,6,0
2026-01-16T21:21:54.282382,172.20.10.5,7,0
2026-01-16T21:21:54.282382,172.20.10.5,8,0.298091
2026-01-16T21:21:54.282382,172.20.10.5,9,0
2026-01-16T21:21:54.282382,172.20.10.5,10,0
2026-01-16T21:21:54.282382,172.20.10.5,11,0
2026-01-16T21:21:54.282382,172.20.10.5,12,0
2026-01-16T21:21:54.282382,172.20.10.5,13,0
2026-01-16T21:21:54.282382,172.20.10.5,14,0
2026-01-16T21:21:54.282382,172.20.10.5,15,0
2026-01-16T21:21:54.282382,172.20.10.5,16,0
2026-01-16T21:21:54.282382,172.20.10.5,17,0
2026-01-16T21:21:54.282382,172.20.10.5,18,0
2026-01-16T21:21:54.282382,172.20.10.5,19,0
2026-01-16T21:21:54.282382,172.20.10.5,20,0
2026-01-16T21:21:54.282382,172.20.10.5,21,0
2026-01-16T21:21:54.282382,172.20.10.5,22,0
2026-01-16T21:21:54.282382,172.20.10.5,23,0
2026-01-16T21:21:54.282382,172.20.10.5,0,0
2026-01-16T21:21:54.282382,172.20.10.5,1,0
2026-01-16T21:21:54.282382,172.20.10.5,2,0
2026-01-16T21:21:54.282382,172.20.10.5,3,0
2026-01-16T21:21:54.282382,172.20.10.5,4,0
2026-01-16T21:21:54.282382,172.20.10.5,5,0
2026-01-16T21:21:54.282382,172.20.10.5,6,0
2026-01-16T21:21:54.282382,172.20.10.5,7,0
2026-01-16T21:21:54.282382,172.20.10.5,8,0.298091
2026-01-16T21:21:54.282382,172.20.10.5,9,0
2026-01-16T21:21:54.282382,172.20.10.5,10,0
2026-01-16T21:21:54.282382,172.20.10.5,11,0
2026-01-16T21:21:54.282382,172.20.10.5,12,0
2026-01-16T21:21:54.282382,172.20.10.5,13,0
2026-01-16T21:21:54.282382,172.20.10.5,14,0
2026-01-16T21:21:54.282382,172.20.10.5,15,0
2026-01-16T21:21:54.282382,172.20.10.5,16,0
2026-01-16T21:21:54.282382,172.20.10.5,17,0
2026-01-16T21:21:54.282382,172.20.10.5,18,0
2026-01-16T21:21:54.282382,172.20.10.5,19,0
2026-01-16T21:21:54.282382,172.20.10.5,20,0
2026-01-16T21:21:54.282382,172.20.10.5,21,0
2026-01-16T21:21:54.282382,172.20.10.5,22,0
2026-01-16T21:21:54.282382,172.20.10.5,23,0
2026-01-16T21:21:54.282382,172.20.10.5,0,0
2026-01-16T21:21:54.282382,172.20.10.5,1,0
2026-01-16T21:21:54.282382,172.20.10.5,2,0
2026-01-16T21:21:54.282382,172.20.10.5,3,0
2026-01-16T21:21:54.282382,172.20.10.5,4,0
2026-01-16T21:21:54.282382,172.20.10.5,5,0
2026-01-16T21:21:54.282382,172.20.10.5,6,0
2026-01-16T21:21:54.282382,172.20.10.5,7,0
2026-01-16T21:21:54.282382,172.20.10.5,8,0.298091
2026-01-16T21:21:54.282382,172.20.10.5,9,0
2026-01-16T21:21:54.282382,172.20.10.5,10,0
2026-01-16T21:21:54.282382,172.20.10.5,11,0
2026-01-16T21:21:54.282382,172.20.10.5,12,0
2026-01-16T21:21:54.282382,172.20.10.5,13,0
2026-01-16T21:21:54.282382,172.20.10.5,14,0
2026-01-16T21:21:54.282382,172.20.10.5,15,0
2026-01-16T21:21:54.282382,172.20.10.5,16,0
2026-01-16T21:21:54.282382,172.20.10.5,17,0
2026-01-16T21:21:54.282382,172.20.10.5,18,0
2026-01-16T21:21:54.282382,172.20.10.5,19,0
2026-01-16T21:21:54.282382,172.20.10.5,20,0
2026-01-16T21:21:54.282382,172.20.10.5,21,0
2026-01-16T21:21:54.282382,172.20.10.5,22,0
2026-01-16T21:21:54.282382,172.20.10.5,23,0
2026-01-16T21:21:54.282382,172.20.10.5,0,0
2026-01-16T21:21:54.282382,172.20.10.5,1,0
2026-01-16T21:21:54.282382,172.20.10.5,2,0
2026-01-16T21:21:54.282382,172.20.10.5,3,0
2026-01-16T21:21:54.282382,172.20.10.5,4,0
2026-01-16T21:21:54.282382,172.20.10.5,5,0
2026-01-16T21:21:54.282382,172.20.10.5,6,0
2026-01-16T21:21:54.282382,172.20.10.5,7,0
2026-01-16T21:21:54.282382,172.20.10.5,8,0.28909
2026-01-16T21:21:54.282382,172.20.10.5,9,0
2026-01-16T21:21:54.282382,172.20.10.5,10,0
2026-01-16T21:21:54.282382,172.20.10.5,11,0
2026-01-16T21:21:54.282382,172.20.10.5,12,0
2026-01-16T21:21:54.282382,172.20.10.5,13,0
2026-01-16T21:21:54.282382,172.20.10.5,14,0
2026-01-16T21:21:54.282382,172.20.10.5,15,0
2026-01-16T21:21:54.282382,172.20.10.5,16,0
2026-01-16T21:21:54.282382,172.20.10.5,17,0
2026-01-16T21:21:54.282382,172.20.10.5,18,0
2026-01-16T21:21:54.282382,172.20.10.5,19,0
2026-01-16T21:21:54.282382,172.20.10.5,20,0
2026-01-16T21:21:54.282382,172.20.10.5,21,0
2026-01-16T21:21:54.282382,172.20.10.5,22,0
2026-01-16T21:21:54.282382,172.20.10.5,23,0
2026-01-16T21:21:54.282382,172.20.10.5,0,0
2026-01-16T21:21:54.282382,172.20.10.5,1,0
2026-01-16T21:21:54.282382,172.20.10.5,2,0
2026-01-16T21:21:54.282382,172.20.10.5,3,0
2026-01-16T21:21:54.282382,172.20.10.5,4,0
2026-01-16T21:21:54.282382,172.20.10.5,5,0
2026-01-16T21:21:54.282382,172.20.10.5,6,0
2026-01-16T21:21:54.282382,172.20.10.5,7,0
2026-01-16T21:21:54.282382,172.20.10.5,8,0.298091
2026-01-16T21:21:54.282382,172.20.10.5,9,0
2026-01-16T21:21:54.282382,172.20.10.5,10,0
2026-01-16T21:21:54.282382,172.20.10.5,11,0
2026-01-16T21:21:54.282382,172.20.10.5,12,0
2026-01-16T21:21:54.282382,172.20.10.5,13,0
2026-01-16T21:21:54.282382,172.20.10.5,14,0
2026-01-16T21:21:54.282382,172.20.10.5,15,0
2026-01-16T21:21:54.282382,172.20.10.5,16,0
2026-01-16T21:21:54.282382,172.20.10.5,17,0
2026-01-16T21:21:54.282382,172.20.10.5,18,0
2026-01-16T21:21:54.282382,172.20.10.5,19,0
2026-01-16T21:21:54.282382,172.20.10.5,20,0
2026-01-16T21:21:54.282382,172.20.10.5,21,0
2026-01-16T21:21:54.282382,172.20.10.5,22,0
2026-01-16T21:21:54.282382,172.20.10.5,23,0
2026-01-16T21:21:54.282382,172.20.10.5,0,0
2026-01-16T21:21:54.282382,172.20.10.5,1,0
2026-01-16T21:21:54.282382,172.20.10.5,2,0
2026-01-16T21:21:54.282382,172.20.10.5,3,0
2026-01-16T21:21:54.282382,172.20.10.5,4,0
2026-01-16T21:21:54.282382,172.20.10.5,5,0
2026-01-16T21:21:54.282382,172.20.10.5,6,0
2026-01-16T21:21:54.282382,172.20.10.5,7,0
2026-01-16T21:21:54.282382,172.20.10.5,8,0.298091
2026-01-16T21:21:54.282382,172.20.10.5,9,0
2026-01-16T21:21:54.282382,172.20.10.5,10,0
2026-01-16T21:21:54.282382,172.20.10.5,11,0
2026-01-16T21:21:54.282382,172.20.10.5,12,0
2026-01-16T21:21:54.282382,172.20.10.5,13,0
2026-01-16T21:21:54.282382,172.20.10.5,14,0
2026-01-16T21:21:54.282382,172.20.10.5,15,0
2026-01-16T21:21:54.282382,172.20.10.5,16,0
2026-01-16T21:21:54.282382,172.20.10.5,17,0
2026-01-16T21:21:54.282382,172.20.10.5,18,0
2026-01-16T21:21:54.282382,172.20.10.5,19,0
2026-01-16T21:21:54.282382,172.20.10.5,20,0
2026-01-16T21:21:54.282382,172.20.10.5,21,0
2026-01-16T21:21:54.282382,172.20.10.5,22,0
2026-01-16T21:21:54.282382,172.20.10.5,23,0
2026-01-16T21:21:54.282382,172.20.10.5,0,0
2026-01-16T21:21:54.282382,172.20.10.5,1,0
2026-01-16T21:21:54.282382,172.20.10.5,2,0
2026-01-16T21:21:54.282382,172.20.10.5,3,0
2026-01-16T21:21:54.282382,172.20.10.5,4,0
2026-01-16T21:21:54.282382,172.20.10.5,5,0
2026-01-16T21:21:54.282382,172.20.10.5,6,0
2026-01-16T21:21:54.282382,172.20.10.5,7,0
2026-01-16T21:21:54.282382,172.20.10.5,8,0.298091
2026-01-16T21:21:54.282382,172.20.10.5,9,0
2026-01-16T21:21:54.282382,172.20.10.5,10,0
2026-01-16T21:21:54.282382,172.20.10.5,11,0
2026-01-16T21:21:54.282382,172.20.10.5,12,0
2026-01-16T21:21:54.282382,172.20.10.5,13,0
2026-01-16T21:21:54.282382,172.20.10.5,14,0
2026-01-16T21:21:54.282382,172.20.10.5,15,0
2026-01-16T21:21:54.282382,172.20.10.5,16,0
2026-01-16T21:21:54.282382,172.20.10.5,17,0
2026-01-16T21:21:54.282382,172.20.10.5,18,0
2026-01-16T21:21:54.282382,172.20.10.5,19,0
2026-01-16T21:21:54.282382,172.20.10.5,20,0
2026-01-16T21:21:54.282382,172.20.10.5,21,0
2026-01-16T21:21:54.282382,172.20.10.5,22,0
2026-01-16T21:21:54.282382,172.20.10.5,23,0
2026-01-16T21:21:54.282382,172.20.10.5,0,0
2026-01-16T21:21:54.282382,172.20.10.5,1,0
2026-01-16T21:21:54.282382,172.20.10.5,2,0
2026-01-16T21:21:54.282382,172.20.10.5,3,0
2026-01-16T21:21:54.282382,172.20.10.5,4,0
2026-01-16T21:21:54.282382,172.20.10.5,5,0
2026-01-16T21:21:54.282382,172.20.10.5,6,0
2026-01-16T21:21:54.282382,172.20.10.5,7,0
2026-01-16T21:21:54.282382,172.20.10.5,8,0.288845
2026-01-16T21:21:54.282382,172.20.10.5,9,0
2026-01-16T21:21:54.282382,172.20.10.5,10,0
2026-01-16T21:21:54.282382,172.20.10.5,11,0
2026-01-16T21:21:54.282382,172.20.10.5,12,0
2026-01-16T21:21:54.282382,172.20.10.5,13,0
2026-01-16T21:21:54.282382,172.20.10.5,14,0
2026-01-16T21:21:54.282382,172.20.10.5,15,0
2026-01-16T21:21:54.282382,172.20.10.5,16,0
2026-01-16T21:21:54.282382,172.20.10.5,17,0
2026-01-16T21:21:54.282382,172.20.10.5,18,0
2026-01-16T21:21:54.282382,172.20.10.5,19,0
2026-01-16T21:21:54.282382,172.20.10.5,20,0
2026-01-16T21:21:54.282382,172.20.10.5,21,0
2026-01-16T21:21:54.282382,172.20.10.5,22,0
2026-01-16T21:21:54.282382,172.20.10.5,23,0
2026-01-16T21:21:54.282382,172.20.10.5,0,0
2026-01-16T21:21:54.282382,172.20.10.5,1,0
2026-01-16T21:21:54.282382,172.20.10.5,2,0
2026-01-16T21:21:54.282382,172.20.10.5,3,0
2026-01-16T21:21:54.282382,172.20.10.5,4,0
2026-01-16T21:21:54.282382,172.20.10.5,5,0
2026-01-16T21:21:54.282382,172.20.10.5,6,0
2026-01-16T21:21:54.282382,172.20.10.5,7,0
2026-01-16T21:21:54.282382,172.20.10.5,8,0.298091
2026-01-16T21:21:54.282382,172.20.10.5,9,0
2026-01-16T21:21:54.282382,172.20.10.5,10,0
2026-01-16T21:21:54.282382,172.20.10.5,11,0
2026-01-16T21:21:54.282382,172.20.10.5,12,0
2026-01-16T21:21:54.282382,172.20.10.5,13,0
2026-01-16T21:21:54.282382,172.20.10.5,14,0
2026-01-16T21:21:54.282382,172.20.10.5,15,0
2026-01-16T21:21:54.282382,172.20.10.5,16,0
2026-01-16T21:21:54.282382,172.20.10.5,17,0
2026-01-16T21:21:54.282382,172.20.10.5,18,0
2026-01-16T21:21:54.282382,172.20.10.5,19,0
2026-01-16T21:21:54.282382,172.20.10.5,20,0
2026-01-16T21:21:54.282382,172.20.10.5,21,0
2026-01-16T21:21:54.282382,172.20.10.5,22,0
2026-01-16T21:21:54.282382,172.20.10.5,23,0
2026-01-16T21:21:54.282382,172.20.10.5,0,0
2026-01-16T21:21:54.282382,172.20.10.5,1,0
2026-01-16T21:21:54.282382,172.20.10.5,2,0
2026-01-16T21:21:54.282382,172.20.10.5,3,0
2026-01-16T21:21:54.282382,172.20.10.5,4,0
2026-01-16T21:21:54.282382,172.20.10.5,5,0
2026-01-16T21:21:54.282382,172.20.10.5,6,0
2026-01-16T21:21:54.282382,172.20.10.5,7,0
2026-01-16T21:21:54.282382,172.20.10.5,8,0.298091
2026-01-16T21:21:54.282382,172.20.10.5,9,0
2026-01-16T21:21:54.282382,172.20.10.5,10,0
2026-01-16T21:21:54.282382,172.20.10.5,11,0
2026-01-16T21:21:54.282382,172.20.10.5,12,0
2026-01-16T21:21:54.282382,172.20.10.5,13,0
2026-01-16T21:21:54.282382,172.20.10.5,14,0
2026-01-16T21:21:54.282382,172.20.10.5,15,0
2026-01-16T21:21:54.282382,172.20.10.5,16,0
2026-01-16T21:21:54.282382,172.20.10.5,17,0
2026-01-16T21:21:54.282382,172.20.10.5,18,0
2026-01-16T21:21:54.282382,172.20.10.5,19,0
2026-01-16T21:21:54.282382,172.20.10.5,20,0
2026-01-16T21:21:54.282382,172.20.10.5,21,0
2026-01-16T21:21:54.282382,172.20.10.5,22,0
2026-01-16T21:21:54.282382,172.20.10.5,23,0
2026-01-16T21:21:54.282382,172.20.10.5,0,0
2026-01-16T21:21:54.282382,172.20.10.5,1,0
2026-01-16T21:21:54.282382,172.20.10.5,2,0
2026-01-16T21:21:54.282382,172.20.10.5,3,0
2026-01-16T21:21:54.282382,172.20.10.5,4,0
2026-01-16T21:21:54.282382,172.20.10.5,5,0
2026-01-16T21:21:54.282382,172.20.10.5,6,0
2026-01-16T21:21:54.282382,172.20.10.5,7,0
2026-01-16T21:21:54.282382,172.20.10.5,8,0.289519
2026-01-16T21:21:54.282382,172.20.10.5,9,0
2026-01-16T21:21:54.282382,172.20.10.5,10,0
2026-01-16T21:21:54.282382,172.20.10.5,11,0
2026-01-16T21:21:54.282382,172.20.10.5,12,0
2026-01-16T21:21:54.282382,172.20.10.5,13,0
2026-01-16T21:21:54.282382,172.20.10.5,14,0
2026-01-16T21:21:54.282382,172.20.10.5,15,0
2026-01-16T21:21:54.282382,172.20.10.5,16,0
2026-01-16T21:21:54.282382,172.20.10.5,17,0
2026-01-16T21:21:54.282382,172.20.10.5,18,0
2026-01-16T21:21:54.282382,172.20.10.5,19,0
2026-01-16T21:21:54.282382,172.20.10.5,20,0
2026-01-16T21:21:54.282382,172.20.10.5,21,0
2026-01-16T21:21:54.282382,172.20.10.5,22,0
2026-01-16T21:21:54.282382,172.20.10.5,23,0
2026-01-16T21:21:54.282382,172.20.10.5,0,0
2026-01-16T21:21:54.282382,172.20.10.5,1,0
2026-01-16T21:21:54.282382,172.20.10.5,2,0
2026-01-16T21:21:54.282382,172.20.10.5,3,0
2026-01-16T21:21:54.282382,172.20.10.5,4,0
2026-01-16T21:21:54.282382,172.20.10.5,5,0
2026-01-16T21:21:54.282382,172.20.10.5,6,0
2026-01-16T21:21:54.282382,172.20.10.5,7,0
2026-01-16T21:21:54.282382,172.20.10.5,8,0.298091
2026-01-16T21:21:54.282382,172.20.10.5,9,0
2026-01-16T21:21:54.282382,172.20.10.5,10,0
2026-01-16T21:21:54.282382,172.20.10.5,11,0
2026-01-16T21:21:54.282382,172.20.10.5,12,0
2026-01-16T21:21:54.282382,172.20.10.5,13,0
2026-01-16T21:21:54.282382,172.20.10.5,14,0
2026-01-16T21:21:54.282382,172.20.10.5,15,0
2026-01-16T21:21:54.282382,172.20.10.5,16,0
2026-01-16T21:21:54.282382,172.20.10.5,17,0
2026-01-16T21:21:54.282382,172.20.10.5,18,0
2026-01-16T21:21:54.282382,172.20.10.5,19,0
2026-01-16T21:21:54.282382,172.20.10.5,20,0
2026-01-16T21:21:54.282382,172.20.10.5,21,0
2026-01-16T21:21:54.282382,172.20.10.5,22,0
2026-01-16T21:21:54.282382,172.20.10.5,23,0
2026-01-16T21:21:54.282382,172.20.10.5,0,0
2026-01-16T21:21:54.282382,172.20.10.5,1,0
2026-01-16T21:21:54.282382,172.20.10.5,2,0
2026-01-16T21:21:54.282382,172.20.10.5,3,0
2026-01-16T21:21:54.282382,172.20.10.5,4,0
2026-01-16T21:21:54.282382,172.20.10.5,5,0
2026-01-16T21:21:54.282382,172.20.10.5,6,0
2026-01-16T21:21:54.282382,172.20.10.5,7,0
2026-01-16T21:21:54.282382,172.20.10.5,8,0.298091
2026-01-16T21:21:54.282382,172.20.10.5,9,0
2026-01-16T21:21:54.282382,172.20.10.5,10,0
2026-01-16T21:21:54.282382,172.20.10.5,11,0
2026-01-16T21:21:54.282382,172.20.10.5,12,0
2026-01-16T21:21:54.282382,172.20.10.5,13,0
2026-01-16T21:21:54.282382,172.20.10.5,14,0
2026-01-16T21:21:54.282382,172.20.10.5,15,0
2026-01-16T21:21:54.282382,172.20.10.5,16,0
2026-01-16T21:21:54.282382,172.20.10.5,17,0
2026-01-16T21:21:54.282382,172.20.10.5,18,0
2026-01-16T21:21:54.282382,172.20.10.5,19,0
2026-01-16T21:21:54.282382,172.20.10.5,20,0
2026-01-16T21:21:54.282382,172.20.10.5,21,0
2026-01-16T21:21:54.282382,172.20.10.5,22,0
2026-01-16T21:21:54.282382,172.20.10.5,23,0
2026-01-16T21:21:54.282382,172.20.10.5,0,0
2026-01-16T21:21:54.282382,172.20.10.5,1,0
2026-01-16T21:21:54.282382,172.20.10.5,2,0
2026-01-16T21:21:54.282382,172.20.10.5,3,0
2026-01-16T21:21:54.282382,172.20.10.5,4,0
2026-01-16T21:21:54.282382,172.20.10.5,5,0
2026-01-16T21:21:54.282382,172.20.10.5,6,0
2026-01-16T21:21:54.282382,172.20.10.5,7,0
2026-01-16T21:21:54.282382,172.20.10.5,8,0.298091
2026-01-16T21:21:54.282382,172.20.10.5,9,0
2026-01-16T21:21:54.282382,172.20.10.5,10,0
2026-01-16T21:21:54.282382,172.20.10.5,11,0
2026-01-16T21:21:54.282382,172.20.10.5,12,0
2026-01-16T21:21:54.282382,172.20.10.5,13,0
2026-01-16T21:21:54.282382,172.20.10.5,14,0
2026-01-16T21:21:54.282382,172.20.10.5,15,0
2026-01-16T21:21:54.282382,172.20.10.5,16,0
2026-01-16T21:21:54.282382,172.20.10.5,17,0
2026-01-16T21:21:54.282382,172.20.10.5,18,0
2026-01-16T21:21:54.282382,172.20.10.5,19,0
2026-01-16T21:21:54.282382,172.20.10.5,20,0
2026-01-16T21:21:54.282382,172.20.10.5,21,0
2026-01-16T21:21:54.282382,172.20.10.5,22,0
2026-01-16T21:21:54.282382,172.20.10.5,23,0
2026-01-16T21:21:54.282382,172.20.10.5,0,0
2026-01-16T21:21:54.282382,172.20.10.5,1,0
2026-01-16T21:21:54.282382,172.20.10.5,2,0
2026-01-16T21:21:54.282382,172.20.10.5,3,0
2026-01-16T21:21:54.282382,172.20.10.5,4,0
2026-01-16T21:21:54.282382,172.20.10.5,5,0
2026-01-16T21:21:54.282382,172.20.10.5,6,0
2026-01-16T21:21:54.282382,172.20.10.5,7,0
2026-01-16T21:21:54.282382,172.20.10.5,8,0.298091
2026-01-16T21:21:54.282382,172.20.10.5,9,0
2026-01-16T21:21:54.282382,172.20.10.5,10,0
2026-01-16T21:21:54.282382,172.20.10.5,11,0
2026-01-16T21:21:54.282382,172.20.10.5,12,0
2026-01-16T21:21:54.282382,172.20.10.5,13,0
2026-01-16T21:21:54.282382,172.20.10.5,14,0
2026-01-16T21:21:54.282382,172.20.10.5,15,0
2026-01-16T21:21:54.282382,172.20.10.5,16,0
2026-01-16T21:21:54.282382,172.20.10.5,17,0
2026-01-16T21:21:54.282382,172.20.10.5,18,0
2026-01-16T21:21:54.282382,172.20.10.5,19,0
2026-01-16T21:21:54.282382,172.20.10.5,20,0
2026-01-16T21:21:54.282382,172.20.10.5,21,0
2026-01-16T21:21:54.282382,172.20.10.5,22,0
2026-01-16T21:21:54.282382,172.20.10.5,23,0
2026-01-16T21:21:54.282382,172.20.10.5,0,0
2026-01-16T21:21:54.282382,172.20.10.5,1,0
2026-01-16T21:21:54.282382,172.20.10.5,2,0
2026-01-16T21:21:54.282382,172.20.10.5,3,0
2026-01-16T21:21:54.282382,172.20.10.5,4,0
2026-01-16T21:21:54.282382,172.20.10.5,5,0
2026-01-16T21:21:54.282382,172.20.10.5,6,0
2026-01-16T21:21:54.282382,172.20.10.5,7,0
2026-01-16T21:21:54.282382,172.20.10.5,8,0.298091
2026-01-16T21:21:54.282382,172.20.10.5,9,0
2026-01-16T21:21:54.282382,172.20.10.5,10,0
2026-01-16T21:21:54.282382,172.20.10.5,11,0
2026-01-16T21:21:54.282382,172.20.10.5,12,0
2026-01-16T21:21:54.282382,172.20.10.5,13,0
2026-01-16T21:21:54.282382,172.20.10.5,14,0
2026-01-16T21:21:54.282382,172.20.10.5,15,0
2026-01-16T21:21:54.282382,172.20.10.5,16,0
2026-01-16T21:21:54.282382,172.20.10.5,17,0
2026-01-16T21:21:54.282382,172.20.10.5,18,0
2026-01-16T21:21:54.282382,172.20.10.5,19,0
2026-01-16T21:21:54.282382,172.20.10.5,20,0
2026-01-16T21:21:54.282382,172.20.10.5,21,0
2026-01-16T21:21:54.282382,172.20.10.5,22,0
2026-01-16T21:21:54.282382,172.20.10.5,23,0
2026-01-16T21:21:54.282382,172.20.10.5,0,0
2026-01-16T21:21:54.282382,172.20.10.5,1,0
2026-01-16T21:21:54.282382,172.20.10.5,2,0
2026-01-16T21:21:54.282382,172.20.10.5,3,0
2026-01-16T21:21:54.282382,172.20.10.5,4,0
2026-01-16T21:21:54.282382,172.20.10.5,5,0
2026-01-16T21:21:54.282382,172.20.10.5,6,0
2026-01-16T21:21:54.282382,172.20.10.5,7,0
2026-01-16T21:21:54.282382,172.20.10.5,8,0.298091
2026-01-16T21:21:54.282382,172.20.10.5,9,0
2026-01-16T21:21:54.282382,172.20.10.5,10,0
2026-01-16T21:21:54.282382,172.20.10.5,11,0
2026-01-16T21:21:54.282382,172.20.10.5,12,0
2026-01-16T21:21:54.282382,172.20.10.5,13,0
2026-01-16T21:21:54.282382,172.20.10.5,14,0
2026-01-16T21:21:54.282382,172.20.10.5,15,0
2026-01-16T21:21:54.282382,172.20.10.5,16,0
2026-01-16T21:21:54.282382,172.20.10.5,17,0
2026-01-16T21:21:54.282382,172.20.10.5,18,0
2026-01-16T21:21:54.282382,172.20.10.5,19,0
2026-01-16T21:21:54.282382,172.20.10.5,20,0
2026-01-16T21:21:54.282382,172.20.10.5,21,0
2026-01-16T21:21:54.282382,172.20.10.5,22,0
2026-01-16T21:21:54.282382,172.20.10.5,23,0
2026-01-16T21:21:54.282382,172.20.10.5,0,0
2026-01-16T21:21:54.282382,172.20.10.5,1,0
2026-01-16T21:21:54.282382,172.20.10.5,2,0
2026-01-16T21:21:54.282382,172.20.10.5,3,0
2026-01-16T21:21:54.282382,172.20.10.5,4,0
2026-01-16T21:21:54.282382,172.20.10.5,5,0
2026-01-16T21:21:54.282382,172.20.10.5,6,0
2026-01-16T21:21:54.282382,172.20.10.5,7,0
2026-01-16T21:21:54.282382,172.20.10.5,8,0.298091
2026-01-16T21:21:54.282382,172.20.10.5,9,0
2026-01-16T21:21:54.282382,172.20.10.5,10,0
2026-01-16T21:21:54.282382,172.20.10.5,11,0
2026-01-16T21:21:54.282382,172.20.10.5,12,0
2026-01-16T21:21:54.282382,172.20.10.5,13,0
2026-01-16T21:21:54.282382,172.20.10.5,14,0
2026-01-16T21:21:54.282382,172.20.10.5,15,0
2026-01-16T21:21:54.282382,172.20.10.5,16,0
2026-01-16T21:21:54.282382,172.20.10.5,17,0
2026-01-16T21:21:54.282382,172.20.10.5,18,0
2026-01-16T21:21:54.282382,172.20.10.5,19,0
2026-01-16T21:21:54.282382,172.20.10.5,20,0
2026-01-16T21:21:54.282382,172.20.10.5,21,0
2026-01-16T21:21:54.282382,172.20.10.5,22,0
2026-01-16T21:21:54.282382,172.20.10.5,23,0
2026-01-16T21:21:54.282382,172.20.10.5,0,0
2026-01-16T21:21:54.282382,172.20.10.5,1,0
2026-01-16T21:21:54.282382,172.20.10.5,2,0
2026-01-16T21:21:54.282382,172.20.10.5,3,0
2026-01-16T21:21:54.282382,172.20.10.5,4,0
2026-01-16T21:21:54.282382,172.20.10.5,5,0
2026-01-16T21:21:54.282382,172.20.10.5,6,0
2026-01-16T21:21:54.282382,172.20.10.5,7,0
2026-01-16T21:21:54.282382,172.20.10.5,8,0.298091
2026-01-16T21:21:54.282382,172.20.10.5,9,0
2026-01-16T21:21:54.282382,172.20.10.5,10,0
2026-01-16T21:21:54.282382,172.20.10.5,11,0
2026-01-16T21:21:54.282382,172.20.10.5,12,0
2026-01-16T21:21:54.282382,172.20.10.5,13,0
2026-01-16T21:21:54.282382,172.20.10.5,14,0
2026-01-16T21:21:54.282382,172.20.10.5,15,0
2026-01-16T21:21:54.282382,172.20.10.5,16,0
2026-01-16T21:21:54.282382,172.20.10.5,17,0
2026-01-16T21:21:54.282382,172.20.10.5,18,0
2026-01-16T21:21:54.282382,172.20.10.5,19,0
2026-01-16T21:21:54.282382,172.20.10.5,20,0
2026-01-16T21:21:54.282382,172.20.10.5,21,0
2026-01-16T21:21:54.282382,172.20.10.5,22,0
2026-01-16T21:21:54.282382,172.20.10.5,23,0
2026-01-16T21:21:54.282382,172.20.10.5,0,0
2026-01-16T21:21:54.282382,172.20.10.5,1,0
2026-01-16T21:21:54.282382,172.20.10.5,2,0
2026-01-16T21:21:54.282382,172.20.10.5,3,0
2026-01-16T21:21:54.282382,172.20.10.5,4,0
2026-01-16T21:21:54.282382,172.20.10.5,5,0
2026-01-16T21:21:54.282382,172.20.10.5,6,0
2026-01-16T21:21:54.282382,172.20.10.5,7,0
2026-01-16T21:21:54.282382,172.20.10.5,8,0.298091
2026-01-16T21:21:54.282382,172.20.10.5,9,0
2026-01-16T21:21:54.282382,172.20.10.5,10,0
2026-01-16T21:21:54.282382,172.20.10.5,11,0
2026-01-16T21:21:54.282382,172.20.10.5,12,0
2026-01-16T21:21:54.282382,172.20.10.5,13,0
2026-01-16T21:21:54.282382,172.20.10.5,14,0
2026-01-16T21:21:54.282382,172.20.10.5,15,0
2026-01-16T21:21:54.282382,172.20.10.5,16,0
2026-01-16T21:21:54.282382,172.20.10.5,17,0
2026-01-16T21:21:54.282382,172.20.10.5,18,0
2026-01-16T21:21:54.282382,172.20.10.5,19,0
2026-01-16T21:21:54.282382,172.20.10.5,20,0
2026-01-16T21:21:54.282382,172.20.10.5,21,0
2026-01-16T21:21:54.282382,172.20.10.5,22,0
2026-01-16T21:21:54.282382,172.20.10.5,23,0
2026-01-16T21:21:54.282382,172.20.10.5,0,0
2026-01-16T21:21:54.282382,172.20.10.5,1,0
2026-01-16T21:21:54.282382,172.20.10.5,2,0
2026-01-16T21:21:54.282382,172.20.10.5,3,0
2026-01-16T21:21:54.282382,172.20.10.5,4,0
2026-01-16T21:21:54.282382,172.20.10.5,5,0
2026-01-16T21:21:54.282382,172.20.10.5,6,0
2026-01-16T21:21:54.282382,172.20.10.5,7,0
2026-01-16T21:21:54.282382,172.20.10.5,8,0.289335
2026-01-16T21:21:54.282382,172.20.10.5,9,0
2026-01-16T21:21:54.282382,172.20.10.5,10,0
2026-01-16T21:21:54.282382,172.20.10.5,11,0
2026-01-16T21:21:54.282382,172.20.10.5,12,0
2026-01-16T21:21:54.282382,172.20.10.5,13,0
2026-01-16T21:21:54.282382,172.20.10.5,14,0
2026-01-16T21:21:54.282382,172.20.10.5,15,0
2026-01-16T21:21:54.282382,172.20.10.5,16,0
2026-01-16T21:21:54.282382,172.20.10.5,17,0
2026-01-16T21:21:54.282382,172.20.10.5,18,0
2026-01-16T21:21:54.282382,172.20.10.5,19,0
2026-01-16T21:21:54.282382,172.20.10.5,20,0
2026-01-16T21:21:54.282382,172.20.10.5,21,0
2026-01-16T21:21:54.282382,172.20.10.5,22,0
2026-01-16T21:21:54.282382,172.20.10.5,23,0
2026-01-16T21:21:54.282382,172.20.10.5,0,0
2026-01-16T21:21:54.282382,172.20.10.5,1,0
2026-01-16T21:21:54.282382,172.20.10.5,2,0
2026-01-16T21:21:54.282382,172.20.10.5,3,0
2026-01-16T21:21:54.282382,172.20.10.5,4,0
2026-01-16T21:21:54.282382,172.20.10.5,5,0
2026-01-16T21:21:54.282382,172.20.10.5,6,0
2026-01-16T21:21:54.282382,172.20.10.5,7,0
2026-01-16T21:21:54.282382,172.20.10.5,8,0.298091
2026-01-16T21:21:54.282382,172.20.10.5,9,0
2026-01-16T21:21:54.282382,172.20.10.5,10,0
2026-01-16T21:21:54.282382,172.20.10.5,11,0
2026-01-16T21:21:54.282382,172.20.10.5,12,0
2026-01-16T21:21:54.282382,172.20.10.5,13,0
2026-01-16T21:21:54.282382,172.20.10.5,14,0
2026-01-16T21:21:54.282382,172.20.10.5,15,0
2026-01-16T21:21:54.282382,172.20.10.5,16,0
2026-01-16T21:21:54.282382,172.20.10.5,17,0
2026-01-16T21:21:54.282382,172.20.10.5,18,0
2026-01-16T21:21:54.282382,172.20.10.5,19,0
2026-01-16T21:21:54.282382,172.20.10.5,20,0
2026-01-16T21:21:54.282382,172.20.10.5,21,0
2026-01-16T21:21:54.282382,172.20.10.5,22,0
2026-01-16T21:21:54.282382,172.20.10.5,23,0
2026-01-16T21:21:54.282382,172.20.10.5,0,0
2026-01-16T21:21:54.282382,172.20.10.5,1,0
2026-01-16T21:21:54.282382,172.20.10.5,2,0
2026-01-16T21:21:54.282382,172.20.10.5,3,0
2026-01-16T21:21:54.282382,172.20.10.5,4,0
2026-01-16T21:21:54.282382,172.20.10.5,5,0
2026-01-16T21:21:54.282382,172.20.10.5,6,0
2026-01-16T21:21:54.282382,172.20.10.5,7,0
2026-01-16T21:21:54.282382,172.20.10.5,8,0.298091
2026-01-16T21:21:54.282382,172.20.10.5,9,0
2026-01-16T21:21:54.282382,172.20.10.5,10,0
2026-01-16T21:21:54.282382,172.20.10.5,11,0
2026-01-16T21:21:54.282382,172.20.10.5,12,0
2026-01-16T21:21:54.282382,172.20.10.5,13,0
2026-01-16T21:21:54.282382,172.20.10.5,14,0
2026-01-16T21:21:54.282382,172.20.10.5,15,0
2026-01-16T21:21:54.282382,172.20.10.5,16,0
2026-01-16T21:21:54.282382,172.20.10.5,17,0
2026-01-16T21:21:54.282382,172.20.10.5,18,0
2026-01-16T21:21:54.282382,172.20.10.5,19,0
2026-01-16T21:21:54.282382,172.20.10.5,20,0
2026-01-16T21:21:54.282382,172.20.10.5,21,0
2026-01-16T21:21:54.282382,172.20.10.5,22,0
2026-01-16T21:21:54.282382,172.20.10.5,23,0
2026-01-16T21:21:54.282382,172.20.10.5,0,0
2026-01-16T21:21:54.282382,172.20.10.5,1,0
2026-01-16T21:21:54.282382,172.20.10.5,2,0
2026-01-16T21:21:54.282382,172.20.10.5,3,0
2026-01-16T21:21:54.282382,172.20.10.5,4,0
2026-01-16T21:21:54.282382,172.20.10.5,5,0
2026-01-16T21:21:54.282382,172.20.10.5,6,0
2026-01-16T21:21:54.282382,172.20.10.5,7,0
2026-01-16T21:21:54.282382,172.20.10.5,8,0.298091
2026-01-16T21:21:54.282382,172.20.10.5,9,0
2026-01-16T21:21:54.282382,172.20.10.5,10,0
2026-01-16T21:21:54.282382,172.20.10.5,11,0
2026-01-16T21:21:54.282382,172.20.10.5,12,0
2026-01-16T21:21:54.282382,172.20.10.5,13,0
2026-01-16T21:21:54.282382,172.20.10.5,14,0
2026-01-16T21:21:54.282382,172.20.10.5,15,0
2026-01-16T21:21:54.282382,172.20.10.5,16,0
2026-01-16T21:21:54.282382,172.20.10.5,17,0
2026-01-16T21:21:54.282382,172.20.10.5,18,0
2026-01-16T21:21:54.282382,172.20.10.5,19,0
2026-01-16T21:21:54.282382,172.20.10.5,20,0
2026-01-16T21:21:54.282382,172.20.10.5,21,0
2026-01-16T21:21:54.282382,172.20.10.5,22,0
2026-01-16T21:21:54.282382,172.20.10.5,23,0
2026-01-16T21:21:54.282382,172.20.10.5,0,0
2026-01-16T21:21:54.282382,172.20.10.5,1,0
2026-01-16T21:21:54.282382,172.20.10.5,2,0
2026-01-16T21:21:54.282382,172.20.10.5,3,0
2026-01-16T21:21:54.282382,172.20.10.5,4,0
2026-01-16T21:21:54.282382,172.20.10.5,5,0
2026-01-16T21:21:54.282382,172.20.10.5,6,0
2026-01-16T21:21:54.282382,172.20.10.5,7,0
2026-01-16T21:21:54.282382,172.20.10.5,8,0.298091
2026-01-16T21:21:54.282382,172.20.10.5,9,0
2026-01-16T21:21:54.282382,172.20.10.5,10,0
2026-01-16T21:21:54.282382,172.20.10.5,11,0
2026-01-16T21:21:54.282382,172.20.10.5,12,0
2026-01-16T21:21:54.282382,172.20.10.5,13,0
2026-01-16T21:21:54.282382,172.20.10.5,14,0
2026-01-16T21:21:54.282382,172.20.10.5,15,0
2026-01-16T21:21:54.282382,172.20.10.5,16,0
2026-01-16T21:21:54.282382,172.20.10.5,17,0
2026-01-16T21:21:54.282382,172.20.10.5,18,0
2026-01-16T21:21:54.282382,172.20.10.5,19,0
2026-01-16T21:21:54.282382,172.20.10.5,20,0
2026-01-16T21:21:54.282382,172.20.10.5,21,0
2026-01-16T21:21:54.282382,172.20.10.5,22,0
2026-01-16T21:21:54.282382,172.20.10.5,23,0
2026-01-16T21:21:54.282382,172.20.10.5,0,0
2026-01-16T21:21:54.282382,172.20.10.5,1,0
2026-01-16T21:21:54.282382,172.20.10.5,2,0
2026-01-16T21:21:54.282382,172.20.10.5,3,0
2026-01-16T21:21:54.282382,172.20.10.5,4,0
2026-01-16T21:21:54.282382,172.20.10.5,5,0
2026-01-16T21:21:54.282382,172.20.10.5,6,0
2026-01-16T21:21:54.282382,172.20.10.5,7,0
2026-01-16T21:21:54.282382,172.20.10.5,8,0.298091
2026-01-16T21:21:54.282382,172.20.10.5,9,0
2026-01-16T21:21:54.282382,172.20.10.5,10,0
2026-01-16T21:21:54.282382,172.20.10.5,11,0
2026-01-16T21:21:54.282382,172.20.10.5,12,0
2026-01-16T21:21:54.282382,172.20.10.5,13,0
2026-01-16T21:21:54.282382,172.20.10.5,14,0
2026-01-16T21:21:54.282382,172.20.10.5,15,0
2026-01-16T21:21:54.282382,172.20.10.5,16,0
2026-01-16T21:21:54.282382,172.20.10.5,17,0
2026-01-16T21:21:54.282382,172.20.10.5,18,0
2026-01-16T21:21:54.282382,172.20.10.5,19,0
2026-01-16T21:21:54.282382,172.20.10.5,20,0
2026-01-16T21:21:54.282382,172.20.10.5,21,0
2026-01-16T21:21:54.282382,172.20.10.5,22,0
2026-01-16T21:21:54.282382,172.20.10.5,23,0
2026-01-16T21:21:54.282382,172.20.10.5,0,0
2026-01-16T21:21:54.282382,172.20.10.5,1,0
2026-01-16T21:21:54.282382,172.20.10.5,2,0
2026-01-16T21:21:54.282382,172.20.10.5,3,0
2026-01-16T21:21:54.282382,172.20.10.5,4,0
2026-01-16T21:21:54.282382,172.20.10.5,5,0
2026-01-16T21:21:54.282382,172.20.10.5,6,0
2026-01-16T21:21:54.282382,172.20.10.5,7,0
2026-01-16T21:21:54.282382,172.20.10.5,8,0.298091
2026-01-16T21:21:54.282382,172.20.10.5,9,0
2026-01-16T21:21:54.282382,172.20.10.5,10,0
2026-01-16T21:21:54.282382,172.20.10.5,11,0
2026-01-16T21:21:54.282382,172.20.10.5,12,0
2026-01-16T21:21:54.282382,172.20.10.5,13,0
2026-01-16T21:21:54.282382,172.20.10.5,14,0
2026-01-16T21:21:54.282382,172.20.10.5,15,0
2026-01-16T21:21:54.282382,172.20.10.5,16,0
2026-01-16T21:21:54.282382,172.20.10.5,17,0
2026-01-16T21:21:54.282382,172.20.10.5,18,0
2026-01-16T21:21:54.282382,172.20.10.5,19,0
2026-01-16T21:21:54.282382,172.20.10.5,20,0
2026-01-16T21:21:54.282382,172.20.10.5,21,0
2026-01-16T21:21:54.282382,172.20.10.5,22,0
2026-01-16T21:21:54.282382,172.20.10.5,23,0
2026-01-16T21:21:54.282382,172.20.10.5,0,0
2026-01-16T21:21:54.282382,172.20.10.5,1,0
2026-01-16T21:21:54.282382,172.20.10.5,2,0
2026-01-16T21:21:54.282382,172.20.10.5,3,0
2026-01-16T21:21:54.282382,172.20.10.5,4,0
2026-01-16T21:21:54.282382,172.20.10.5,5,0
2026-01-16T21:21:54.282382,172.20.10.5,6,0
2026-01-16T21:21:54.282382,172.20.10.5,7,0
2026-01-16T21:21:54.282382,172.20.10.5,8,0.298091
2026-01-16T21:21:54.282382,172.20.10.5,9,0
2026-01-16T21:21:54.282382,172.20.10.5,10,0
2026-01-16T21:21:54.282382,172.20.10.5,11,0
2026-01-16T21:21:54.282382,172.20.10.5,12,0
2026-01-16T21:21:54.282382,172.20.10.5,13,0
2026-01-16T21:21:54.282382,172.20.10.5,14,0
2026-01-16T21:21:54.282382,172.20.10.5,15,0
2026-01-16T21:21:54.282382,172.20.10.5,16,0
2026-01-16T21:21:54.282382,172.20.10.5,17,0
2026-01-16T21:21:54.282382,172.20.10.5,18,0
2026-01-16T21:21:54.282382,172.20.10.5,19,0
2026-01-16T21:21:54.282382,172.20.10.5,20,0
2026-01-16T21:21:54.282382,172.20.10.5,21,0
2026-01-16T21:21:54.282382,172.20.10.5,22,0
2026-01-16T21:21:54.282382,172.20.10.5,23,0
2026-01-16T21:21:54.282382,172.20.10.5,0,0
2026-01-16T21:21:54.282382,172.20.10.5,1,0
2026-01-16T21:21:54.282382,172.20.10.5,2,0
2026-01-16T21:21:54.282382,172.20.10.5,3,0
2026-01-16T21:21:54.282382,172.20.10.5,4,0
2026-01-16T21:21:54.282382,172.20.10.5,5,0
2026-01-16T21:21:54.282382,172.20.10.5,6,0
2026-01-16T21:21:54.282382,172.20.10.5,7,0
2026-01-16T21:21:54.282382,172.20.10.5,8,0.298091
2026-01-16T21:21:54.282382,172.20.10.5,9,0
2026-01-16T21:21:54.282382,172.20.10.5,10,0
2026-01-16T21:21:54.282382,172.20.10.5,11,0
2026-01-16T21:21:54.282382,172.20.10.5,12,0
2026-01-16T21:21:54.282382,172.20.10.5,13,0
2026-01-16T21:21:54.282382,172.20.10.5,14,0
2026-01-16T21:21:54.282382,172.20.10.5,15,0
2026-01-16T21:21:54.282382,172.20.10.5,16,0
2026-01-16T21:21:54.282382,172.20.10.5,17,0
2026-01-16T21:21:54.282382,172.20.10.5,18,0
2026-01-16T21:21:54.282382,172.20.10.5,19,0
2026-01-16T21:21:54.282382,172.20.10.5,20,0
2026-01-16T21:21:54.282382,172.20.10.5,21,0
2026-01-16T21:21:54.282382,172.20.10.5,22,0
2026-01-16T21:21:54.282382,172.20.10.5,23,0
2026-01-16T21:21:54.282382,172.20.10.5,0,0
2026-01-16T21:21:54.282382,172.20.10.5,1,0
2026-01-16T21:21:54.282382,172.20.10.5,2,0
2026-01-16T21:21:54.282382,172.20.10.5,3,0
2026-01-16T21:21:54.282382,172.20.10.5,4,0
2026-01-16T21:21:54.282382,172.20.10.5,5,0
2026-01-16T21:21:54.282382,172.20.10.5,6,0
2026-01-16T21:21:54.282382,172.20.10.5,7,0
2026-01-16T21:21:54.282382,172.20.10.5,8,0.298091
2026-01-16T21:21:54.282382,172.20.10.5,9,0
2026-01-16T21:21:54.282382,172.20.10.5,10,0
2026-01-16T21:21:54.282382,172.20.10.5,11,0
2026-01-16T21:21:54.282382,172.20.10.5,12,0
2026-01-16T21:21:54.282382,172.20.10.5,13,0
2026-01-16T21:21:54.282382,172.20.10.5,14,0
2026-01-16T21:21:54.282382,172.20.10.5,15,0
2026-01-16T21:21:54.282382,172.20.10.5,16,0
2026-01-16T21:21:54.282382,172.20.10.5,17,0
2026-01-16T21:21:54.282382,172.20.10.5,18,0
2026-01-16T21:21:54.282382,172.20.10.5,19,0
2026-01-16T21:21:54.282382,172.20.10.5,20,0
2026-01-16T21:21:54.282382,172.20.10.5,21,0
2026-01-16T21:21:54.282382,172.20.10.5,22,0
2026-01-16T21:21:54.282382,172.20.10.5,23,0
2026-01-16T21:21:54.282382,172.20.10.5,0,0
2026-01-16T21:21:54.282382,172.20.10.5,1,0
2026-01-16T21:21:54.282382,172.20.10.5,2,0
2026-01-16T21:21:54.282382,172.20.10.5,3,0
2026-01-16T21:21:54.282382,172.20.10.5,4,0
2026-01-16T21:21:54.282382,172.20.10.5,5,0
2026-01-16T21:21:54.282382,172.20.10.5,6,0
2026-01-16T21:21:54.282382,172.20.10.5,7,0
2026-01-16T21:21:54.282382,172.20.10.5,8,0.298091
2026-01-16T21:21:54.282382,172.20.10.5,9,0
2026-01-16T21:21:54.282382,172.20.10.5,10,0
2026-01-16T21:21:54.282382,172.20.10.5,11,0
2026-01-16T21:21:54.282382,172.20.10.5,12,0
2026-01-16T21:21:54.282382,172.20.10.5,13,0
2026-01-16T21:21:54.282382,172.20.10.5,14,0
2026-01-16T21:21:54.282382,172.20.10.5,15,0
2026-01-16T21:21:54.282382,172.20.10.5,16,0
2026-01-16T21:21:54.282382,172.20.10.5,17,0
2026-01-16T21:21:54.282382,172.20.10.5,18,0
2026-01-16T21:21:54.282382,172.20.10.5,19,0
2026-01-16T21:21:54.282382,172.20.10.5,20,0
2026-01-16T21:21:54.282382,172.20.10.5,21,0
2026-01-16T21:21:54.282382,172.20.10.5,22,0
2026-01-16T21:21:54.282382,172.20.10.5,23,0
2026-01-16T21:21:54.282382,172.20.10.5,0,0
2026-01-16T21:21:54.282382,172.20.10.5,1,0
2026-01-16T21:21:54.282382,172.20.10.5,2,0
2026-01-16T21:21:54.282382,172.20.10.5,3,0
2026-01-16T21:21:54.282382,172.20.10.5,4,0
2026-01-16T21:21:54.282382,172.20.10.5,5,0
2026-01-16T21:21:54.282382,172.20.10.5,6,0
2026-01-16T21:21:54.282382,172.20.10.5,7,0
2026-01-16T21:21:54.282382,172.20.10.5,8,0.298091
2026-01-16T21:21:54.282382,172.20.10.5,9,0
2026-01-16T21:21:54.282382,172.20.10.5,10,0
2026-01-16T21:21:54.282382,172.20.10.5,11,0
2026-01-16T21:21:54.282382,172.20.10.5,12,0
2026-01-16T21:21:54.282382,172.20.10.5,13,0
2026-01-16T21:21:54.282382,172.20.10.5,14,0
2026-01-16T21:21:54.282382,172.20.10.5,15,0
2026-01-16T21:21:54.282382,172.20.10.5,16,0
2026-01-16T21:21:54.282382,172.20.10.5,17,0
2026-01-16T21:21:54.282382,172.20.10.5,18,0
2026-01-16T21:21:54.282382,172.20.10.5,19,0
2026-01-16T21:21:54.282382,172.20.10.5,20,0
2026-01-16T21:21:54.282382,172.20.10.5,21,0
2026-01-16T21:21:54.282382,172.20.10.5,22,0
2026-01-16T21:21:54.282382,172.20.10.5,23,0
2026-01-16T21:21:54.282382,172.20.10.5,0,0
2026-01-16T21:21:54.282382,172.20.10.5,1,0
2026-01-16T21:21:54.282382,172.20.10.5,2,0
2026-01-16T21:21:54.282382,172.20.10.5,3,0
2026-01-16T21:21:54.282382,172.20.10.5,4,0
2026-01-16T21:21:54.282382,172.20.10.5,5,0
2026-01-16T21:21:54.282382,172.20.10.5,6,0
2026-01-16T21:21:54.282382,172.20.10.5,7,0
2026-01-16T21:21:54.282382,172.20.10.5,8,0.298091
2026-01-16T21:21:54.282382,172.20.10.5,9,0
2026-01-16T21:21:54.282382,172.20.10.5,10,0
2026-01-16T21:21:54.282382,172.20.10.5,11,0
2026-01-16T21:21:54.282382,172.20.10.5,12,0
2026-01-16T21:21:54.282382,172.20.10.5,13,0
2026-01-16T21:21:54.282382,172.20.10.5,14,0
2026-01-16T21:21:54.282382,172.20.10.5,15,0
2026-01-16T21:21:54.282382,172.20.10.5,16,0
2026-01-16T21:21:54.282382,172.20.10.5,17,0
2026-01-16T21:21:54.282382,172.20.10.5,18,0
2026-01-16T21:21:54.282382,172.20.10.5,19,0
2026-01-16T21:21:54.282382,172.20.10.5,20,0
2026-01-16T21:21:54.282382,172.20.10.5,21,0
2026-01-16T21:21:54.282382,172.20.10.5,22,0
2026-01-16T21:21:54.282382,172.20.10.5,23,0
2026-01-16T21:21:54.282382,172.20.10.5,0,0
2026-01-16T21:21:54.282382,172.20.10.5,1,0
2026-01-16T21:21:54.282382,172.20.10.5,2,0
2026-01-16T21:21:54.282382,172.20.10.5,3,0
2026-01-16T21:21:54.282382,172.20.10.5,4,0
2026-01-16T21:21:54.282382,172.20.10.5,5,0
2026-01-16T21:21:54.282382,172.20.10.5,6,0
2026-01-16T21:21:54.282382,172.20.10.5,7,0
2026-01-16T21:21:54.282382,172.20.10.5,8,0.298091
2026-01-16T21:21:54.282382,172.20.10.5,9,0
2026-01-16T21:21:54.282382,172.20.10.5,10,0
2026-01-16T21:21:54.282382,172.20.10.5,11,0
2026-01-16T21:21:54.282382,172.20.10.5,12,0
2026-01-16T21:21:54.282382,172.20.10.5,13,0
2026-01-16T21:21:54.282382,172.20.10.5,14,0
2026-01-16T21:21:54.282382,172.20.10.5,15,0
2026-01-16T21:21:54.282382,172.20.10.5,16,0
2026-01-16T21:21:54.282382,172.20.10.5,17,0
2026-01-16T21:21:54.282382,172.20.10.5,18,0
2026-01-16T21:21:54.282382,172.20.10.5,19,0
2026-01-16T21:21:54.282382,172.20.10.5,20,0
2026-01-16T21:21:54.282382,172.20.10.5,21,0
2026-01-16T21:21:54.282382,172.20.10.5,22,0
2026-01-16T21:21:54.282382,172.20.10.5,23,0
2026-01-16T21:21:54.282382,172.20.10.5,0,0
2026-01-16T21:21:54.282382,172.20.10.5,1,0
2026-01-16T21:21:54.282382,172.20.10.5,2,0
2026-01-16T21:21:54.282382,172.20.10.5,3,0
2026-01-16T21:21:54.282382,172.20.10.5,4,0
2026-01-16T21:21:54.282382,172.20.10.5,5,0
2026-01-16T21:21:54.282382,172.20.10.5,6,0
2026-01-16T21:21:54.282382,172.20.10.5,7,0
2026-01-16T21:21:54.282382,172.20.10.5,8,0.298091
2026-01-16T21:21:54.282382,172.20.10.5,9,0
2026-01-16T21:21:54.282382,172.20.10.5,10,0
2026-01-16T21:21:54.282382,172.20.10.5,11,0
2026-01-16T21:21:54.282382,172.20.10.5,12,0
2026-01-16T21:21:54.282382,172.20.10.5,13,0
2026-01-16T21:21:54.282382,172.20.10.5,14,0
2026-01-16T21:21:54.282382,172.20.10.5,15,0
2026-01-16T21:21:54.282382,172.20.10.5,16,0
2026-01-16T21:21:54.282382,172.20.10.5,17,0
2026-01-16T21:21:54.282382,172.20.10.5,18,0
2026-01-16T21:21:54.282382,172.20.10.5,19,0
2026-01-16T21:21:54.282382,172.20.10.5,20,0
2026-01-16T21:21:54.282382,172.20.10.5,21,0
2026-01-16T21:21:54.282382,172.20.10.5,22,0
2026-01-16T21:21:54.282382,172.20.10.5,23,0
2026-01-16T21:21:54.282382,172.20.10.5,0,0
2026-01-16T21:21:54.282382,172.20.10.5,1,0
2026-01-16T21:21:54.282382,172.20.10.5,2,0
2026-01-16T21:21:54.282382,172.20.10.5,3,0
2026-01-16T21:21:54.282382,172.20.10.5,4,0
2026-01-16T21:21:54.282382,172.20.10.5,5,0
2026-01-16T21:21:54.282382,172.20.10.5,6,0
2026-01-16T21:21:54.282382,172.20.10.5,7,0
2026-01-16T21:21:54.282382,172.20.10.5,8,0.298091
2026-01-16T21:21:54.282382,172.20.10.5,9,0
2026-01-16T21:21:54.282382,172.20.10.5,10,0
2026-01-16T21:21:54.282382,172.20.10.5,11,0
2026-01-16T21:21:54.282382,172.20.10.5,12,0
2026-01-16T21:21:54.282382,172.20.10.5,13,0
2026-01-16T21:21:54.282382,172.20.10.5,14,0
2026-01-16T21:21:54.282382,172.20.10.5,15,0
2026-01-16T21:21:54.282382,172.20.10.5,16,0
2026-01-16T21:21:54.282382,172.20.10.5,17,0
2026-01-16T21:21:54.282382,172.20.10.5,18,0
2026-01-16T21:21:54.282382,172.20.10.5,19,0
2026-01-16T21:21:54.282382,172.20.10.5,20,0
2026-01-16T21:21:54.282382,172.20.10.5,21,0
2026-01-16T21:21:54.282382,172.20.10.5,22,0
2026-01-16T21:21:54.282382,172.20.10.5,23,0
2026-01-16T21:21:54.282382,172.20.10.5,0,0
2026-01-16T21:21:54.282382,172.20.10.5,1,0
2026-01-16T21:21:54.282382,172.20.10.5,2,0
2026-01-16T21:21:54.282382,172.20.10.5,3,0
2026-01-16T21:21:54.282382,172.20.10.5,4,0
2026-01-16T21:21:54.282382,172.20.10.5,5,0
2026-01-16T21:21:54.282382,172.20.10.5,6,0
2026-01-16T21:21:54.282382,172.20.10.5,7,0
2026-01-16T21:21:54.282382,172.20.10.5,8,0.298091
2026-01-16T21:21:54.282382,172.20.10.5,9,0
2026-01-16T21:21:54.282382,172.20.10.5,10,0
2026-01-16T21:21:54.282382,172.20.10.5,11,0
2026-01-16T21:21:54.282382,172.20.10.5,12,0
2026-01-16T21:21:54.282382,172.20.10.5,13,0
2026-01-16T21:21:54.282382,172.20.10.5,14,0
2026-01-16T21:21:54.282382,172.20.10.5,15,0
2026-01-16T21:21:54.282382,172.20.10.5,16,0
2026-01-16T21:21:54.282382,172.20.10.5,17,0
2026-01-16T21:21:54.282382,172.20.10.5,18,0
2026-01-16T21:21:54.282382,172.20.10.5,19,0
2026-01-16T21:21:54.282382,172.20.10.5,20,0
2026-01-16T21:21:54.282382,172.20.10.5,21,0
2026-01-16T21:21:54.282382,172.20.10.5,22,0
2026-01-16T21:21:54.282382,172.20.10.5,23,0
2026-01-16T21:21:54.282382,172.20.10.5,0,0
2026-01-16T21:21:54.282382,172.20.10.5,1,0
2026-01-16T21:21:54.282382,172.20.10.5,2,0
2026-01-16T21:21:54.282382,172.20.10.5,3,0
2026-01-16T21:21:54.282382,172.20.10.5,4,0
2026-01-16T21:21:54.282382,172.20.10.5,5,0
2026-01-16T21:21:54.282382,172.20.10.5,6,0
2026-01-16T21:21:54.282382,172.20.10.5,7,0
2026-01-16T21:21:54.282382,172.20.10.5,8,0.298091
2026-01-16T21:21:54.282382,172.20.10.5,9,0
2026-01-16T21:21:54.282382,172.20.10.5,10,0
2026-01-16T21:21:54.282382,172.20.10.5,11,0
2026-01-16T21:21:54.282382,172.20.10.5,12,0
2026-01-16T21:21:54.282382,172.20.10.5,13,0
2026-01-16T21:21:54.282382,172.20.10.5,14,0
2026-01-16T21:21:54.282382,172.20.10.5,15,0
2026-01-16T21:21:54.282382,172.20.10.5,16,0
2026-01-16T21:21:54.282382,172.20.10.5,17,0
2026-01-16T21:21:54.282382,172.20.10.5,18,0
2026-01-16T21:21:54.282382,172.20.10.5,19,0
2026-01-16T21:21:54.282382,172.20.10.5,20,0
2026-01-16T21:21:54.282382,172.20.10.5,21,0
2026-01-16T21:21:54.282382,172.20.10.5,22,0
2026-01-16T21:21:54.282382,172.20.10.5,23,0
2026-01-16T21:21:54.282382,172.20.10.5,0,0
2026-01-16T21:21:54.282382,172.20.10.5,1,0
2026-01-16T21:21:54.282382,172.20.10.5,2,0
2026-01-16T21:21:54.282382,172.20.10.5,3,0
2026-01-16T21:21:54.282382,172.20.10.5,4,0
2026-01-16T21:21:54.282382,172.20.10.5,5,0
2026-01-16T21:21:54.282382,172.20.10.5,6,0
2026-01-16T21:21:54.282382,172.20.10.5,7,0
2026-01-16T21:21:54.282382,172.20.10.5,8,0.298091
2026-01-16T21:21:54.282382,172.20.10.5,9,0
2026-01-16T21:21:54.282382,172.20.10.5,10,0
2026-01-16T21:21:54.282382,172.20.10.5,11,0
2026-01-16T21:21:54.282382,172.20.10.5,12,0
2026-01-16T21:21:54.282382,172.20.10.5,13,0
2026-01-16T21:21:54.282382,172.20.10.5,14,0
2026-01-16T21:21:54.282382,172.20.10.5,15,0
2026-01-16T21:21:54.282382,172.20.10.5,16,0
2026-01-16T21:21:54.282382,172.20.10.5,17,0
2026-01-16T21:21:54.282382,172.20.10.5,18,0
2026-01-16T21:21:54.282382,172.20.10.5,19,0
2026-01-16T21:21:54.282382,172.20.10.5,20,0
2026-01-16T21:21:54.282382,172.20.10.5,21,0
2026-01-16T21:21:54.282382,172.20.10.5,22,0
2026-01-16T21:21:54.282382,172.20.10.5,23,0
2026-01-16T21:21:54.282382,172.20.10.5,0,0
2026-01-16T21:21:54.282382,172.20.10.5,1,0
2026-01-16T21:21:54.282382,172.20.10.5,2,0
2026-01-16T21:21:54.282382,172.20.10.5,3,0
2026-01-16T21:21:54.282382,172.20.10.5,4,0
2026-01-16T21:21:54.282382,172.20.10.5,5,0
2026-01-16T21:21:54.282382,172.20.10.5,6,0
2026-01-16T21:21:54.282382,172.20.10.5,7,0
2026-01-16T21:21:54.282382,172.20.10.5,8,0.298091
2026-01-16T21:21:54.282382,172.20.10.5,9,0
2026-01-16T21:21:54.282382,172.20.10.5,10,0
2026-01-16T21:21:54.282382,172.20.10.5,11,0
2026-01-16T21:21:54.282382,172.20.10.5,12,0
2026-01-16T21:21:54.282382,172.20.10.5,13,0
2026-01-16T21:21:54.282382,172.20.10.5,14,0
2026-01-16T21:21:54.282382,172.20.10.5,15,0
2026-01-16T21:21:54.282382,172.20.10.5,16,0
2026-01-16T21:21:54.282382,172.20.10.5,17,0
2026-01-16T21:21:54.282382,172.20.10.5,18,0
2026-01-16T21:21:54.282382,172.20.10.5,19,0
2026-01-16T21:21:54.282382,172.20.10.5,20,0
2026-01-16T21:21:54.282382,172.20.10.5,21,0
2026-01-16T21:21:54.282382,172.20.10.5,22,0
2026-01-16T21:21:54.282382,172.20.10.5,23,0
2026-01-16T21:21:54.282382,172.20.10.5,0,0
2026-01-16T21:21:54.282382,172.20.10.5,1,0
2026-01-16T21:21:54.282382,172.20.10.5,2,0
2026-01-16T21:21:54.282382,172.20.10.5,3,0
2026-01-16T21:21:54.282382,172.20.10.5,4,0
2026-01-16T21:21:54.282382,172.20.10.5,5,0
2026-01-16T21:21:54.282382,172.20.10.5,6,0
2026-01-16T21:21:54.282382,172.20.10.5,7,0
2026-01-16T21:21:54.282382,172.20.10.5,8,0.298091
2026-01-16T21:21:54.282382,172.20.10.5,9,0
2026-01-16T21:21:54.282382,172.20.10.5,10,0
2026-01-16T21:21:54.282382,172.20.10.5,11,0
2026-01-16T21:21:54.282382,172.20.10.5,12,0
2026-01-16T21:21:54.282382,172.20.10.5,13,0
2026-01-16T21:21:54.282382,172.20.10.5,14,0
2026-01-16T21:21:54.282382,172.20.10.5,15,0
2026-01-16T21:21:54.282382,172.20.10.5,16,0
2026-01-16T21:21:54.282382,172.20.10.5,17,0
2026-01-16T21:21:54.282382,172.20.10.5,18,0
2026-01-16T21:21:54.282382,172.20.10.5,19,0
2026-01-16T21:21:54.282382,172.20.10.5,20,0
2026-01-16T21:21:54.282382,172.20.10.5,21,0
2026-01-16T21:21:54.282382,172.20.10.5,22,0
2026-01-16T21:21:54.282382,172.20.10.5,23,0
2026-01-16T21:21:54.282382,172.20.10.5,0,0
2026-01-16T21:21:54.282382,172.20.10.5,1,0
2026-01-16T21:21:54.282382,172.20.10.5,2,0
2026-01-16T21:21:54.282382,172.20.10.5,3,0
2026-01-16T21:21:54.282382,172.20.10.5,4,0
2026-01-16T21:21:54.282382,172.20.10.5,5,0
2026-01-16T21:21:54.282382,172.20.10.5,6,0
2026-01-16T21:21:54.282382,172.20.10.5,7,0
2026-01-16T21:21:54.282382,172.20.10.5,8,0.298091
2026-01-16T21:21:54.282382,172.20.10.5,9,0
2026-01-16T21:21:54.282382,172.20.10.5,10,0
2026-01-16T21:21:54.282382,172.20.10.5,11,0
2026-01-16T21:21:54.282382,172.20.10.5,12,0
2026-01-16T21:21:54.282382,172.20.10.5,13,0
2026-01-16T21:21:54.282382,172.20.10.5,14,0
2026-01-16T21:21:54.282382,172.20.10.5,15,0
2026-01-16T21:21:54.282382,172.20.10.5,16,0
2026-01-16T21:21:54.282382,172.20.10.5,17,0
2026-01-16T21:21:54.282382,172.20.10.5,18,0
2026-01-16T21:21:54.282382,172.20.10.5,19,0
2026-01-16T21:21:54.282382,172.20.10.5,20,0
2026-01-16T21:21:54.282382,172.20.10.5,21,0
2026-01-16T21:21:54.282382,172.20.10.5,22,0
2026-01-16T21:21:54.282382,172.20.10.5,23,0
2026-01-16T21:21:54.282382,172.20.10.5,0,0
2026-01-16T21:21:54.282382,172.20.10.5,1,0
2026-01-16T21:21:54.282382,172.20.10.5,2,0
2026-01-16T21:21:54.282382,172.20.10.5,3,0
2026-01-16T21:21:54.282382,172.20.10.5,4,0
2026-01-16T21:21:54.282382,172.20.10.5,5,0
2026-01-16T21:21:54.282382,172.20.10.5,6,0
2026-01-16T21:21:54.282382,172.20.10.5,7,0
2026-01-16T21:21:54.282382,172.20.10.5,8,0.298091
2026-01-16T21:21:54.282382,172.20.10.5,9,0
2026-01-16T21:21:54.282382,172.20.10.5,10,0
2026-01-16T21:21:54.282382,172.20.10.5,11,0
2026-01-16T21:21:54.282382,172.20.10.5,12,0
2026-01-16T21:21:54.282382,172.20.10.5,13,0
2026-01-16T21:21:54.282382,172.20.10.5,14,0
2026-01-16T21:21:54.282382,172.20.10.5,15,0
2026-01-16T21:21:54.282382,172.20.10.5,16,0
2026-01-16T21:21:54.282382,172.20.10.5,17,0
2026-01-16T21:21:54.282382,172.20.10.5,18,0
2026-01-16T21:21:54.282382,172.20.10.5,19,0
2026-01-16T21:21:54.282382,172.20.10.5,20,0
2026-01-16T21:21:54.282382,172.20.10.5,21,0
2026-01-16T21:21:54.282382,172.20.10.5,22,0
2026-01-16T21:21:54.282382,172.20.10.5,23,0
2026-01-16T21:21:54.282382,172.20.10.5,0,0
2026-01-16T21:21:54.282382,172.20.10.5,1,0
2026-01-16T21:21:54.282382,172.20.10.5,2,0
2026-01-16T21:21:54.282382,172.20.10.5,3,0
2026-01-16T21:21:54.282382,172.20.10.5,4,0
2026-01-16T21:21:54.282382,172.20.10.5,5,0
2026-01-16T21:21:54.282382,172.20.10.5,6,0
2026-01-16T21:21:54.282382,172.20.10.5,7,0
2026-01-16T21:21:54.282382,172.20.10.5,8,0.298091
2026-01-16T21:21:54.282382,172.20.10.5,9,0
2026-01-16T21:21:54.282382,172.20.10.5,10,0
2026-01-16T21:21:54.282382,172.20.10.5,11,0
2026-01-16T21:21:54.282382,172.20.10.5,12,0
2026-01-16T21:21:54.282382,172.20.10.5,13,0
2026-01-16T21:21:54.282382,172.20.10.5,14,0
2026-01-16T21:21:54.282382,172.20.10.5,15,0
2026-01-16T21:21:54.282382,172.20.10.5,16,0
2026-01-16T21:21:54.282382,172.20.10.5,17,0
2026-01-16T21:21:54.282382,172.20.10.5,18,0
2026-01-16T21:21:54.282382,172.20.10.5,19,0
2026-01-16T21:21:54.282382,172.20.10.5,20,0
2026-01-16T21:21:54.282382,172.20.10.5,21,0
2026-01-16T21:21:54.282382,172.20.10.5,22,0
2026-01-16T21:21:54.282382,172.20.10.5,23,0
2026-01-16T21:21:54.282382,172.20.10.5,0,0
2026-01-16T21:21:54.282382,172.20.10.5,1,0
2026-01-16T21:21:54.282382,172.20.10.5,2,0
2026-01-16T21:21:54.282382,172.20.10.5,3,0
2026-01-16T21:21:54.282382,172.20.10.5,4,0
2026-01-16T21:21:54.282382,172.20.10.5,5,0
2026-01-16T21:21:54.282382,172.20.10.5,6,0
2026-01-16T21:21:54.282382,172.20.10.5,7,0
2026-01-16T21:21:54.282382,172.20.10.5,8,0.298091
2026-01-16T21:21:54.282382,172.20.10.5,9,0
2026-01-16T21:21:54.282382,172.20.10.5,10,0
2026-01-16T21:21:54.282382,172.20.10.5,11,0
2026-01-16T21:21:54.282382,172.20.10.5,12,0
2026-01-16T21:21:54.282382,172.20.10.5,13,0
2026-01-16T21:21:54.282382,172.20.10.5,14,0
2026-01-16T21:21:54.282382,172.20.10.5,15,0
2026-01-16T21:21:54.282382,172.20.10.5,16,0
2026-01-16T21:21:54.282382,172.20.10.5,17,0
2026-01-16T21:21:54.282382,172.20.10.5,18,0
2026-01-16T21:21:54.282382,172.20.10.5,19,0
2026-01-16T21:21:54.282382,172.20.10.5,20,0
2026-01-16T21:21:54.282382,172.20.10.5,21,0
2026-01-16T21:21:54.282382,172.20.10.5,22,0
2026-01-16T21:21:54.282382,172.20.10.5,23,0
2026-01-16T21:21:54.282382,172.20.10.5,0,0
2026-01-16T21:21:54.282382,172.20.10.5,1,0
2026-01-16T21:21:54.282382,172.20.10.5,2,0
2026-01-16T21:21:54.282382,172.20.10.5,3,0
2026-01-16T21:21:54.282382,172.20.10.5,4,0
2026-01-16T21:21:54.282382,172.20.10.5,5,0
2026-01-16T21:21:54.282382,172.20.10.5,6,0
2026-01-16T21:21:54.282382,172.20.10.5,7,0
2026-01-16T21:21:54.282382,172.20.10.5,8,0.298091
2026-01-16T21:21:54.282382,172.20.10.5,9,0
2026-01-16T21:21:54.282382,172.20.10.5,10,0
2026-01-16T21:21:54.282382,172.20.10.5,11,0
2026-01-16T21:21:54.282382,172.20.10.5,12,0
2026-01-16T21:21:54.282382,172.20.10.5,13,0
2026-01-16T21:21:54.282382,172.20.10.5,14,0
2026-01-16T21:21:54.282382,172.20.10.5,15,0
2026-01-16T21:21:54.282382,172.20.10.5,16,0
2026-01-16T21:21:54.282382,172.20.10.5,17,0
2026-01-16T21:21:54.282382,172.20.10.5,18,0
2026-01-16T21:21:54.282382,172.20.10.5,19,0
2026-01-16T21:21:54.282382,172.20.10.5,20,0
2026-01-16T21:21:54.282382,172.20.10.5,21,0
2026-01-16T21:21:54.282382,172.20.10.5,22,0
2026-01-16T21:21:54.282382,172.20.10.5,23,0
2026-01-16T21:21:54.282382,172.20.10.5,0,0
2026-01-16T21:21:54.282382,172.20.10.5,1,0
2026-01-16T21:21:54.282382,172.20.10.5,2,0
2026-01-16T21:21:54.282382,172.20.10.5,3,0
2026-01-16T21:21:54.282382,172.20.10.5,4,0
2026-01-16T21:21:54.282382,172.20.10.5,5,0
2026-01-16T21:21:54.282382,172.20.10.5,6,0
2026-01-16T21:21:54.282382,172.20.10.5,7,0
2026-01-16T21:21:54.282382,172.20.10.5,8,0.298091
2026-01-16T21:21:54.282382,172.20.10.5,9,0
2026-01-16T21:21:54.282382,172.20.10.5,10,0
2026-01-16T21:21:54.282382,172.20.10.5,11,0
2026-01-16T21:21:54.282382,172.20.10.5,12,0
2026-01-16T21:21:54.282382,172.20.10.5,13,0
2026-01-16T21:21:54.282382,172.20.10.5,14,0
2026-01-16T21:21:54.282382,172.20.10.5,15,0
2026-01-16T21:21:54.282382,172.20.10.5,16,0
2026-01-16T21:21:54.282382,172.20.10.5,17,0
2026-01-16T21:21:54.282382,172.20.10.5,18,0
2026-01-16T21:21:54.282382,172.20.10.5,19,0
2026-01-16T21:21:54.282382,172.20.10.5,20,0
2026-01-16T21:21:54.282382,172.20.10.5,21,0
2026-01-16T21:21:54.282382,172.20.10.5,22,0
2026-01-16T21:21:54.282382,172.20.10.5,23,0
2026-01-16T21:21:54.282382,172.20.10.5,0,0
2026-01-16T21:21:54.282382,172.20.10.5,1,0
2026-01-16T21:21:54.282382,172.20.10.5,2,0
2026-01-16T21:21:54.282382,172.20.10.5,3,0
2026-01-16T21:21:54.282382,172.20.10.5,4,0
2026-01-16T21:21:54.282382,172.20.10.5,5,0
2026-01-16T21:21:54.282382,172.20.10.5,6,0
2026-01-16T21:21:54.282382,172.20.10.5,7,0
2026-01-16T21:21:54.282382,172.20.10.5,8,0.298091
2026-01-16T21:21:54.282382,172.20.10.5,9,0
2026-01-16T21:21:54.282382,172.20.10.5,10,0
2026-01-16T21:21:54.282382,172.20.10.5,11,0
2026-01-16T21:21:54.282382,172.20.10.5,12,0
2026-01-16T21:21:54.282382,172.20.10.5,13,0
2026-01-16T21:21:54.282382,172.20.10.5,14,0
2026-01-16T21:21:54.282382,172.20.10.5,15,0
2026-01-16T21:21:54.282382,172.20.10.5,16,0
2026-01-16T21:21:54.282382,172.20.10.5,17,0
2026-01-16T21:21:54.282382,172.20.10.5,18,0
2026-01-16T21:21:54.282382,172.20.10.5,19,0
2026-01-16T21:21:54.282382,172.20.10.5,20,0
2026-01-16T21:21:54.282382,172.20.10.5,21,0
2026-01-16T21:21:54.282382,172.20.10.5,22,0
2026-01-16T21:21:54.282382,172.20.10.5,23,0
2026-01-16T21:21:54.282382,172.20.10.5,0,0
2026-01-16T21:21:54.282382,172.20.10.5,1,0
2026-01-16T21:21:54.282382,172.20.10.5,2,0
2026-01-16T21:21:54.282382,172.20.10.5,3,0
2026-01-16T21:21:54.282382,172.20.10.5,4,0
2026-01-16T21:21:54.282382,172.20.10.5,5,0
2026-01-16T21:21:54.282382,172.20.10.5,6,0
2026-01-16T21:21:54.282382,172.20.10.5,7,0
2026-01-16T21:21:54.282382,172.20.10.5,8,0.298091
2026-01-16T21:21:54.282382,172.20.10.5,9,0
2026-01-16T21:21:54.282382,172.20.10.5,10,0
2026-01-16T21:21:54.282382,172.20.10.5,11,0
2026-01-16T21:21:54.282382,172.20.10.5,12,0
2026-01-16T21:21:54.282382,172.20.10.5,13,0
2026-01-16T21:21:54.282382,172.20.10.5,14,0
2026-01-16T21:21:54.282382,172.20.10.5,15,0
2026-01-16T21:21:54.282382,172.20.10.5,16,0
2026-01-16T21:21:54.282382,172.20.10.5,17,0
2026-01-16T21:21:54.282382,172.20.10.5,18,0
2026-01-16T21:21:54.282382,172.20.10.5,19,0
2026-01-16T21:21:54.282382,172.20.10.5,20,0
2026-01-16T21:21:54.282382,172.20.10.5,21,0
2026-01-16T21:21:54.282382,172.20.10.5,22,0
2026-01-16T21:21:54.282382,172.20.10.5,23,0
2026-01-16T21:21:54.282382,172.20.10.5,0,0
2026-01-16T21:21:54.282382,172.20.10.5,1,0
2026-01-16T21:21:54.282382,172.20.10.5,2,0
2026-01-16T21:21:54.282382,172.20.10.5,3,0
2026-01-16T21:21:54.282382,172.20.10.5,4,0
2026-01-16T21:21:54.282382,172.20.10.5,5,0
2026-01-16T21:21:54.282382,172.20.10.5,6,0
2026-01-16T21:21:54.282382,172.20.10.5,7,0
2026-01-16T21:21:54.282382,172.20.10.5,8,0.298091
2026-01-16T21:21:54.282382,172.20.10.5,9,0
2026-01-16T21:21:54.282382,172.20.10.5,10,0
2026-01-16T21:21:54.282382,172.20.10.5,11,0
2026-01-16T21:21:54.282382,172.20.10.5,12,0
2026-01-16T21:21:54.282382,172.20.10.5,13,0
2026-01-16T21:21:54.282382,172.20.10.5,14,0
2026-01-16T21:21:54.282382,172.20.10.5,15,0
2026-01-16T21:21:54.282382,172.20.10.5,16,0
2026-01-16T21:21:54.282382,172.20.10.5,17,0
2026-01-16T21:21:54.282382,172.20.10.5,18,0
2026-01-16T21:21:54.282382,172.20.10.5,19,0
2026-01-16T21:21:54.282382,172.20.10.5,20,0
2026-01-16T21:21:54.282382,172.20.10.5,21,0
2026-01-16T21:21:54.282382,172.20.10.5,22,0
2026-01-16T21:21:54.282382,172.20.10.5,23,0
2026-01-16T21:21:54.282382,172.20.10.5,0,0
2026-01-16T21:21:54.282382,172.20.10.5,1,0
2026-01-16T21:21:54.282382,172.20.10.5,2,0
2026-01-16T21:21:54.282382,172.20.10.5,3,0
2026-01-16T21:21:54.282382,172.20.10.5,4,0
2026-01-16T21:21:54.282382,172.20.10.5,5,0
2026-01-16T21:21:54.282382,172.20.10.5,6,0
2026-01-16T21:21:54.282382,172.20.10.5,7,0
2026-01-16T21:21:54.282382,172.20.10.5,8,0.298091
2026-01-16T21:21:54.282382,172.20.10.5,9,0
2026-01-16T21:21:54.282382,172.20.10.5,10,0
2026-01-16T21:21:54.282382,172.20.10.5,11,0
2026-01-16T21:21:54.282382,172.20.10.5,12,0
2026-01-16T21:21:54.282382,172.20.10.5,13,0
2026-01-16T21:21:54.282382,172.20.10.5,14,0
2026-01-16T21:21:54.282382,172.20.10.5,15,0
2026-01-16T21:21:54.282382,172.20.10.5,16,0
2026-01-16T21:21:54.282382,172.20.10.5,17,0
2026-01-16T21:21:54.282382,172.20.10.5,18,0
2026-01-16T21:21:54.282382,172.20.10.5,19,0
2026-01-16T21:21:54.282382,172.20.10.5,20,0
2026-01-16T21:21:54.282382,172.20.10.5,21,0
2026-01-16T21:21:54.282382,172.20.10.5,22,0
2026-01-16T21:21:54.282382,172.20.10.5,23,0
2026-01-16T21:21:54.282382,172.20.10.5,0,0
2026-01-16T21:21:54.282382,172.20.10.5,1,0
2026-01-16T21:21:54.282382,172.20.10.5,2,0
2026-01-16T21:21:54.282382,172.20.10.5,3,0
2026-01-16T21:21:54.282382,172.20.10.5,4,0
2026-01-16T21:21:54.282382,172.20.10.5,5,0
2026-01-16T21:21:54.282382,172.20.10.5,6,0
2026-01-16T21:21:54.282382,172.20.10.5,7,0
2026-01-16T21:21:54.282382,172.20.10.5,8,0.298091
2026-01-16T21:21:54.282382,172.20.10.5,9,0
2026-01-16T21:21:54.282382,172.20.10.5,10,0
2026-01-16T21:21:54.282382,172.20.10.5,11,0
2026-01-16T21:21:54.282382,172.20.10.5,12,0
2026-01-16T21:21:54.282382,172.20.10.5,13,0
2026-01-16T21:21:54.282382,172.20.10.5,14,0
2026-01-16T21:21:54.282382,172.20.10.5,15,0
2026-01-16T21:21:54.282382,172.20.10.5,16,0
2026-01-16T21:21:54.282382,172.20.10.5,17,0
2026-01-16T21:21:54.282382,172.20.10.5,18,0
2026-01-16T21:21:54.282382,172.20.10.5,19,0
2026-01-16T21:21:54.282382,172.20.10.5,20,0
2026-01-16T21:21:54.282382,172.20.10.5,21,0
2026-01-16T21:21:54.282382,172.20.10.5,22,0
2026-01-16T21:21:54.282382,172.20.10.5,23,0
2026-01-16T21:21:54.282382,172.20.10.5,0,0
2026-01-16T21:21:54.282382,172.20.10.5,1,0
2026-01-16T21:21:54.282382,172.20.10.5,2,0
2026-01-16T21:21:54.282382,172.20.10.5,3,0
2026-01-16T21:21:54.282382,172.20.10.5,4,0
2026-01-16T21:21:54.282382,172.20.10.5,5,0
2026-01-16T21:21:54.282382,172.20.10.5,6,0
2026-01-16T21:21:54.282382,172.20.10.5,7,0
2026-01-16T21:21:54.282382,172.20.10.5,8,0.298091
2026-01-16T21:21:54.282382,172.20.10.5,9,0
2026-01-16T21:21:54.282382,172.20.10.5,10,0
2026-01-16T21:21:54.282382,172.20.10.5,11,0
2026-01-16T21:21:54.282382,172.20.10.5,12,0
2026-01-16T21:21:54.282382,172.20.10.5,13,0
2026-01-16T21:21:54.282382,172.20.10.5,14,0
2026-01-16T21:21:54.282382,172.20.10.5,15,0
2026-01-16T21:21:54.282382,172.20.10.5,16,0
2026-01-16T21:21:54.282382,172.20.10.5,17,0
2026-01-16T21:21:54.282382,172.20.10.5,18,0
2026-01-16T21:21:54.282382,172.20.10.5,19,0
2026-01-16T21:21:54.282382,172.20.10.5,20,0
2026-01-16T21:21:54.282382,172.20.10.5,21,0
2026-01-16T21:21:54.282382,172.20.10.5,22,0
2026-01-16T21:21:54.282382,172.20.10.5,23,0
2026-01-16T21:21:54.282382,172.20.10.5,0,0
2026-01-16T21:21:54.282382,172.20.10.5,1,0
2026-01-16T21:21:54.282382,172.20.10.5,2,0
2026-01-16T21:21:54.282382,172.20.10.5,3,0
2026-01-16T21:21:54.282382,172.20.10.5,4,0
2026-01-16T21:21:54.282382,172.20.10.5,5,0
2026-01-16T21:21:54.282382,172.20.10.5,6,0
2026-01-16T21:21:54.282382,172.20.10.5,7,0
2026-01-16T21:21:54.282382,172.20.10.5,8,0.298091
2026-01-16T21:21:54.282382,172.20.10.5,9,0
2026-01-16T21:21:54.282382,172.20.10.5,10,0
2026-01-16T21:21:54.282382,172.20.10.5,11,0
2026-01-16T21:21:54.282382,172.20.10.5,12,0
2026-01-16T21:21:54.282382,172.20.10.5,13,0
2026-01-16T21:21:54.282382,172.20.10.5,14,0
2026-01-16T21:21:54.282382,172.20.10.5,15,0
2026-01-16T21:21:54.282382,172.20.10.5,16,0
2026-01-16T21:21:54.282382,172.20.10.5,17,0
2026-01-16T21:21:54.282382,172.20.10.5,18,0
2026-01-16T21:21:54.282382,172.20.10.5,19,0
2026-01-16T21:21:54.282382,172.20.10.5,20,0
2026-01-16T21:21:54.282382,172.20.10.5,21,0
2026-01-16T21:21:54.282382,172.20.10.5,22,0
2026-01-16T21:21:54.282382,172.20.10.5,23,0
2026-01-16T21:21:54.282382,172.20.10.5,0,0
2026-01-16T21:21:54.282382,172.20.10.5,1,0
2026-01-16T21:21:54.282382,172.20.10.5,2,0
2026-01-16T21:21:54.282382,172.20.10.5,3,0
2026-01-16T21:21:54.282382,172.20.10.5,4,0
2026-01-16T21:21:54.282382,172.20.10.5,5,0
2026-01-16T21:21:54.282382,172.20.10.5,6,0
2026-01-16T21:21:54.282382,172.20.10.5,7,0
2026-01-16T21:21:54.282382,172.20.10.5,8,0.298091
2026-01-16T21:21:54.282382,172.20.10.5,9,0
2026-01-16T21:21:54.282382,172.20.10.5,10,0
2026-01-16T21:21:54.282382,172.20.10.5,11,0
2026-01-16T21:21:54.282382,172.20.10.5,12,0
2026-01-16T21:21:54.282382,172.20.10.5,13,0
2026-01-16T21:21:54.282382,172.20.10.5,14,0
2026-01-16T21:21:54.282382,172.20.10.5,15,0
2026-01-16T21:21:54.282382,172.20.10.5,16,0
2026-01-16T21:21:54.282382,172.20.10.5,17,0
2026-01-16T21:21:54.282382,172.20.10.5,18,0
2026-01-16T21:21:54.282382,172.20.10.5,19,0
2026-01-16T21:21:54.282382,172.20.10.5,20,0
2026-01-16T21:21:54.282382,172.20.10.5,21,0
2026-01-16T21:21:54.282382,172.20.10.5,22,0
2026-01-16T21:21:54.282382,172.20.10.5,23,0
2026-01-16T21:21:54.282382,172.20.10.5,0,0
2026-01-16T21:21:54.282382,172.20.10.5,1,0
2026-01-16T21:21:54.282382,172.20.10.5,2,0
2026-01-16T21:21:54.282382,172.20.10.5,3,0
2026-01-16T21:21:54.282382,172.20.10.5,4,0
2026-01-16T21:21:54.282382,172.20.10.5,5,0
2026-01-16T21:21:54.282382,172.20.10.5,6,0
2026-01-16T21:21:54.282382,172.20.10.5,7,0
2026-01-16T21:21:54.282382,172.20.10.5,8,0.298091
2026-01-16T21:21:54.282382,172.20.10.5,9,0
2026-01-16T21:21:54.282382,172.20.10.5,10,0
2026-01-16T21:21:54.282382,172.20.10.5,11,0
2026-01-16T21:21:54.282382,172.20.10.5,12,0
2026-01-16T21:21:54.282382,172.20.10.5,13,0
2026-01-16T21:21:54.282382,172.20.10.5,14,0
2026-01-16T21:21:54.282382,172.20.10.5,15,0
2026-01-16T21:21:54.282382,172.20.10.5,16,0
2026-01-16T21:21:54.282382,172.20.10.5,17,0
2026-01-16T21:21:54.282382,172.20.10.5,18,0
2026-01-16T21:21:54.282382,172.20.10.5,19,0
2026-01-16T21:21:54.282382,172.20.10.5,20,0
2026-01-16T21:21:54.282382,172.20.10.5,21,0
2026-01-16T21:21:54.282382,172.20.10.5,22,0
2026-01-16T21:21:54.282382,172.20.10.5,23,0
2026-01-16T21:21:54.282382,172.20.10.5,0,0
2026-01-16T21:21:54.282382,172.20.10.5,1,0
2026-01-16T21:21:54.282382,172.20.10.5,2,0
2026-01-16T21:21:54.282382,172.20.10.5,3,0
2026-01-16T21:21:54.282382,172.20.10.5,4,0
2026-01-16T21:21:54.282382,172.20.10.5,5,0
2026-01-16T21:21:54.282382,172.20.10.5,6,0
2026-01-16T21:21:54.282382,172.20.10.5,7,0
2026-01-16T21:21:54.282382,172.20.10.5,8,0.298091
2026-01-16T21:21:54.282382,172.20.10.5,9,0
2026-01-16T21:21:54.282382,172.20.10.5,10,0
2026-01-16T21:21:54.282382,172.20.10.5,11,0
2026-01-16T21:21:54.282382,172.20.10.5,12,0
2026-01-16T21:21:54.282382,172.20.10.5,13,0
2026-01-16T21:21:54.282382,172.20.10.5,14,0
2026-01-16T21:21:54.282382,172.20.10.5,15,0
2026-01-16T21:21:54.282382,172.20.10.5,16,0
2026-01-16T21:21:54.282382,172.20.10.5,17,0
2026-01-16T21:21:54.282382,172.20.10.5,18,0
2026-01-16T21:21:54.282382,172.20.10.5,19,0
2026-01-16T21:21:54.282382,172.20.10.5,20,0
2026-01-16T21:21:54.282382,172.20.10.5,21,0
2026-01-16T21:21:54.282382,172.20.10.5,22,0
2026-01-16T21:21:54.282382,172.20.10.5,23,0
2026-01-16T21:21:54.282382,172.20.10.5,0,0
2026-01-16T21:21:54.282382,172.20.10.5,1,0
2026-01-16T21:21:54.282382,172.20.10.5,2,0
2026-01-16T21:21:54.282382,172.20.10.5,3,0
2026-01-16T21:21:54.282382,172.20.10.5,4,0
2026-01-16T21:21:54.282382,172.20.10.5,5,0
2026-01-16T21:21:54.282382,172.20.10.5,6,0
2026-01-16T21:21:54.282382,172.20.10.5,7,0
2026-01-16T21:21:54.282382,172.20.10.5,8,0.298091
2026-01-16T21:21:54.282382,172.20.10.5,9,0
2026-01-16T21:21:54.282382,172.20.10.5,10,0
2026-01-16T21:21:54.282382,172.20.10.5,11,0
2026-01-16T21:21:54.282382,172.20.10.5,12,0
2026-01-16T21:21:54.282382,172.20.10.5,13,0
2026-01-16T21:21:54.282382,172.20.10.5,14,0
2026-01-16T21:21:54.282382,172.20.10.5,15,0
2026-01-16T21:21:54.282382,172.20.10.5,16,0
2026-01-16T21:21:54.282382,172.20.10.5,17,0
2026-01-16T21:21:54.282382,172.20.10.5,18,0
2026-01-16T21:21:54.282382,172.20.10.5,19,0
2026-01-16T21:21:54.282382,172.20.10.5,20,0
2026-01-16T21:21:54.282382,172.20.10.5,21,0
2026-01-16T21:21:54.282382,172.20.10.5,22,0
2026-01-16T21:21:54.282382,172.20.10.5,23,0
2026-01-16T21:21:54.282382,172.20.10.5,0,0
2026-01-16T21:21:54.282382,172.20.10.5,1,0
2026-01-16T21:21:54.282382,172.20.10.5,2,0
2026-01-16T21:21:54.282382,172.20.10.5,3,0
2026-01-16T21:21:54.282382,172.20.10.5,4,0
2026-01-16T21:21:54.282382,172.20.10.5,5,0
2026-01-16T21:21:54.282382,172.20.10.5,6,0
2026-01-16T21:21:54.282382,172.20.10.5,7,0
2026-01-16T21:21:54.282382,172.20.10.5,8,0.298091
2026-01-16T21:21:54.282382,172.20.10.5,9,0
2026-01-16T21:21:54.282382,172.20.10.5,10,0
2026-01-16T21:21:54.282382,172.20.10.5,11,0
2026-01-16T21:21:54.282382,172.20.10.5,12,0
2026-01-16T21:21:54.282382,172.20.10.5,13,0
2026-01-16T21:21:54.282382,172.20.10.5,14,0
2026-01-16T21:21:54.282382,172.20.10.5,15,0
2026-01-16T21:21:54.282382,172.20.10.5,16,0
2026-01-16T21:21:54.282382,172.20.10.5,17,0
2026-01-16T21:21:54.282382,172.20.10.5,18,0
2026-01-16T21:21:54.282382,172.20.10.5,19,0
2026-01-16T21:21:54.282382,172.20.10.5,20,0
2026-01-16T21:21:54.282382,172.20.10.5,21,0
2026-01-16T21:21:54.282382,172.20.10.5,22,0
2026-01-16T21:21:54.282382,172.20.10.5,23,0
2026-01-16T21:21:54.282382,172.20.10.5,0,0
2026-01-16T21:21:54.282382,172.20.10.5,1,0
2026-01-16T21:21:54.282382,172.20.10.5,2,0
2026-01-16T21:21:54.282382,172.20.10.5,3,0
2026-01-16T21:21:54.282382,172.20.10.5,4,0
2026-01-16T21:21:54.282382,172.20.10.5,5,0
2026-01-16T21:21:54.282382,172.20.10.5,6,0
2026-01-16T21:21:54.282382,172.20.10.5,7,0
2026-01-16T21:21:54.282382,172.20.10.5,8,0.298091
2026-01-16T21:21:54.282382,172.20.10.5,9,0
2026-01-16T21:21:54.282382,172.20.10.5,10,0
2026-01-16T21:21:54.282382,172.20.10.5,11,0
2026-01-16T21:21:54.282382,172.20.10.5,12,0
2026-01-16T21:21:54.282382,172.20.10.5,13,0
2026-01-16T21:21:54.282382,172.20.10.5,14,0
2026-01-16T21:21:54.282382,172.20.10.5,15,0
2026-01-16T21:21:54.282382,172.20.10.5,16,0
2026-01-16T21:21:54.282382,172.20.10.5,17,0
2026-01-16T21:21:54.282382,172.20.10.5,18,0
2026-01-16T21:21:54.282382,172.20.10.5,19,0
2026-01-16T21:21:54.282382,172.20.10.5,20,0
2026-01-16T21:21:54.282382,172.20.10.5,21,0
2026-01-16T21:21:54.282382,172.20.10.5,22,0
2026-01-16T21:21:54.282382,172.20.10.5,23,0
2026-01-16T21:21:54.282382,172.20.10.5,0,0
2026-01-16T21:21:54.282382,172.20.10.5,1,0
2026-01-16T21:21:54.282382,172.20.10.5,2,0
2026-01-16T21:21:54.282382,172.20.10.5,3,0
2026-01-16T21:21:54.282382,172.20.10.5,4,0
2026-01-16T21:21:54.282382,172.20.10.5,5,0
2026-01-16T21:21:54.282382,172.20.10.5,6,0
2026-01-16T21:21:54.282382,172.20.10.5,7,0
2026-01-16T21:21:54.282382,172.20.10.5,8,0.298091
2026-01-16T21:21:54.282382,172.20.10.5,9,0
2026-01-16T21:21:54.282382,172.20.10.5,10,0
2026-01-16T21:21:54.282382,172.20.10.5,11,0
2026-01-16T21:21:54.282382,172.20.10.5,12,0
2026-01-16T21:21:54.282382,172.20.10.5,13,0
2026-01-16T21:21:54.282382,172.20.10.5,14,0
2026-01-16T21:21:54.282382,172.20.10.5,15,0
2026-01-16T21:21:54.282382,172.20.10.5,16,0
2026-01-16T21:21:54.282382,172.20.10.5,17,0
2026-01-16T21:21:54.282382,172.20.10.5,18,0
2026-01-16T21:21:54.282382,172.20.10.5,19,0
2026-01-16T21:21:54.282382,172.20.10.5,20,0
2026-01-16T21:21:54.282382,172.20.10.5,21,0
2026-01-16T21:21:54.282382,172.20.10.5,22,0
2026-01-16T21:21:54.282382,172.20.10.5,23,0
2026-01-16T21:21:54.282382,172.20.10.5,0,0
2026-01-16T21:21:54.282382,172.20.10.5,1,0
2026-01-16T21:21:54.282382,172.20.10.5,2,0
2026-01-16T21:21:54.282382,172.20.10.5,3,0
2026-01-16T21:21:54.282382,172.20.10.5,4,0
2026-01-16T21:21:54.282382,172.20.10.5,5,0
2026-01-16T21:21:54.282382,172.20.10.5,6,0
2026-01-16T21:21:54.282382,172.20.10.5,7,0
2026-01-16T21:21:54.282382,172.20.10.5,8,0.298091
2026-01-16T21:21:54.282382,172.20.10.5,9,0
2026-01-16T21:21:54.282382,172.20.10.5,10,0
2026-01-16T21:21:54.282382,172.20.10.5,11,0
2026-01-16T21:21:54.282382,172.20.10.5,12,0
2026-01-16T21:21:54.282382,172.20.10.5,13,0
2026-01-16T21:21:54.282382,172.20.10.5,14,0
2026-01-16T21:21:54.282382,172.20.10.5,15,0
2026-01-16T21:21:54.282382,172.20.10.5,16,0
2026-01-16T21:21:54.282382,172.20.10.5,17,0
2026-01-16T21:21:54.282382,172.20.10.5,18,0
2026-01-16T21:21:54.282382,172.20.10.5,19,0
2026-01-16T21:21:54.282382,172.20.10.5,20,0
2026-01-16T21:21:54.282382,172.20.10.5,21,0
2026-01-16T21:21:54.282382,172.20.10.5,22,0
2026-01-16T21:21:54.282382,172.20.10.5,23,0
2026-01-16T21:21:54.282382,172.20.10.5,0,0
2026-01-16T21:21:54.282382,172.20.10.5,1,0
2026-01-16T21:21:54.282382,172.20.10.5,2,0
2026-01-16T21:21:54.282382,172.20.10.5,3,0
2026-01-16T21:21:54.282382,172.20.10.5,4,0
2026-01-16T21:21:54.282382,172.20.10.5,5,0
2026-01-16T21:21:54.282382,172.20.10.5,6,0
2026-01-16T21:21:54.282382,172.20.10.5,7,0
2026-01-16T21:21:54.282382,172.20.10.5,8,0.298091
2026-01-16T21:21:54.282382,172.20.10.5,9,0
2026-01-16T21:21:54.282382,172.20.10.5,10,0
2026-01-16T21:21:54.282382,172.20.10.5,11,0
2026-01-16T21:21:54.282382,172.20.10.5,12,0
2026-01-16T21:21:54.282382,172.20.10.5,13,0
2026-01-16T21:21:54.282382,172.20.10.5,14,0
2026-01-16T21:21:54.282382,172.20.10.5,15,0
2026-01-16T21:21:54.282382,172.20.10.5,16,0
2026-01-16T21:21:54.282382,172.20.10.5,17,0
2026-01-16T21:21:54.282382,172.20.10.5,18,0
2026-01-16T21:21:54.282382,172.20.10.5,19,0
2026-01-16T21:21:54.282382,172.20.10.5,20,0
2026-01-16T21:21:54.282382,172.20.10.5,21,0
2026-01-16T21:21:54.282382,172.20.10.5,22,0
2026-01-16T21:21:54.282382,172.20.10.5,23,0
2026-01-16T21:21:54.282382,172.20.10.5,0,0
2026-01-16T21:21:54.282382,172.20.10.5,1,0
2026-01-16T21:21:54.282382,172.20.10.5,2,0
2026-01-16T21:21:54.282382,172.20.10.5,3,0
2026-01-16T21:21:54.282382,172.20.10.5,4,0
2026-01-16T21:21:54.282382,172.20.10.5,5,0
2026-01-16T21:21:54.282382,172.20.10.5,6,0
2026-01-16T21:21:54.282382,172.20.10.5,7,0
2026-01-16T21:21:54.282382,172.20.10.5,8,0.298091
2026-01-16T21:21:54.282382,172.20.10.5,9,0
2026-01-16T21:21:54.282382,172.20.10.5,10,0
2026-01-16T21:21:54.282382,172.20.10.5,11,0
2026-01-16T21:21:54.282382,172.20.10.5,12,0
2026-01-16T21:21:54.282382,172.20.10.5,13,0
2026-01-16T21:21:54.282382,172.20.10.5,14,0
2026-01-16T21:21:54.282382,172.20.10.5,15,0
2026-01-16T21:21:54.282382,172.20.10.5,16,0
2026-01-16T21:21:54.282382,172.20.10.5,17,0
2026-01-16T21:21:54.282382,172.20.10.5,18,0
2026-01-16T21:21:54.282382,172.20.10.5,19,0
2026-01-16T21:21:54.282382,172.20.10.5,20,0
2026-01-16T21:21:54.282382,172.20.10.5,21,0
2026-01-16T21:21:54.282382,172.20.10.5,22,0
2026-01-16T21:21:54.282382,172.20.10.5,23,0
2026-01-16T21:21:54.282382,172.20.10.5,0,0
2026-01-16T21:21:54.282382,172.20.10.5,1,0
2026-01-16T21:21:54.282382,172.20.10.5,2,0
2026-01-16T21:21:54.282382,172.20.10.5,3,0
2026-01-16T21:21:54.282382,172.20.10.5,4,0
2026-01-16T21:21:54.282382,172.20.10.5,5,0
2026-01-16T21:21:54.282382,172.20.10.5,6,0
2026-01-16T21:21:54.282382,172.20.10.5,7,0
2026-01-16T21:21:54.282382,172.20.10.5,8,0.298091
2026-01-16T21:21:54.282382,172.20.10.5,9,0
2026-01-16T21:21:54.282382,172.20.10.5,10,0
2026-01-16T21:21:54.282382,172.20.10.5,11,0
2026-01-16T21:21:54.282382,172.20.10.5,12,0
2026-01-16T21:21:54.282382,172.20.10.5,13,0
2026-01-16T21:21:54.282382,172.20.10.5,14,0
2026-01-16T21:21:54.282382,172.20.10.5,15,0
2026-01-16T21:21:54.282382,172.20.10.5,16,0
2026-01-16T21:21:54.282382,172.20.10.5,17,0
2026-01-16T21:21:54.282382,172.20.10.5,18,0
2026-01-16T21:21:54.282382,172.20.10.5,19,0
2026-01-16T21:21:54.282382,172.20.10.5,20,0
2026-01-16T21:21:54.282382,172.20.10.5,21,0
2026-01-16T21:21:54.282382,172.20.10.5,22,0
2026-01-16T21:21:54.282382,172.20.10.5,23,0
2026-01-16T21:21:54.282382,172.20.10.5,0,0
2026-01-16T21:21:54.282382,172.20.10.5,1,0
2026-01-16T21:21:54.282382,172.20.10.5,2,0
2026-01-16T21:21:54.282382,172.20.10.5,3,0
2026-01-16T21:21:54.282382,172.20.10.5,4,0
2026-01-16T21:21:54.282382,172.20.10.5,5,0
2026-01-16T21:21:54.282382,172.20.10.5,6,0
2026-01-16T21:21:54.282382,172.20.10.5,7,0
2026-01-16T21:21:54.282382,172.20.10.5,8,0.298091
2026-01-16T21:21:54.282382,172.20.10.5,9,0
2026-01-16T21:21:54.282382,172.20.10.5,10,0
2026-01-16T21:21:54.282382,172.20.10.5,11,0
2026-01-16T21:21:54.282382,172.20.10.5,12,0
2026-01-16T21:21:54.282382,172.20.10.5,13,0
2026-01-16T21:21:54.282382,172.20.10.5,14,0
2026-01-16T21:21:54.282382,172.20.10.5,15,0
2026-01-16T21:21:54.282382,172.20.10.5,16,0
2026-01-16T21:21:54.282382,172.20.10.5,17,0
2026-01-16T21:21:54.282382,172.20.10.5,18,0
2026-01-16T21:21:54.282382,172.20.10.5,19,0
2026-01-16T21:21:54.282382,172.20.10.5,20,0
2026-01-16T21:21:54.282382,172.20.10.5,21,0
2026-01-16T21:21:54.282382,172.20.10.5,22,0
2026-01-16T21:21:54.282382,172.20.10.5,23,0
2026-01-16T21:21:54.282382,172.20.10.5,0,0
2026-01-16T21:21:54.282382,172.20.10.5,1,0
2026-01-16T21:21:54.282382,172.20.10.5,2,0
2026-01-16T21:21:54.282382,172.20.10.5,3,0
2026-01-16T21:21:54.282382,172.20.10.5,4,0
2026-01-16T21:21:54.282382,172.20.10.5,5,0
2026-01-16T21:21:54.282382,172.20.10.5,6,0
2026-01-16T21:21:54.282382,172.20.10.5,7,0
2026-01-16T21:21:54.282382,172.20.10.5,8,0.298091
2026-01-16T21:21:54.282382,172.20.10.5,9,0
2026-01-16T21:21:54.282382,172.20.10.5,10,0
2026-01-16T21:21:54.282382,172.20.10.5,11,0
2026-01-16T21:21:54.282382,172.20.10.5,12,0
2026-01-16T21:21:54.282382,172.20.10.5,13,0
2026-01-16T21:21:54.282382,172.20.10.5,14,0
2026-01-16T21:21:54.282382,172.20.10.5,15,0
2026-01-16T21:21:54.282382,172.20.10.5,16,0
2026-01-16T21:21:54.282382,172.20.10.5,17,0
2026-01-16T21:21:54.282382,172.20.10.5,18,0
2026-01-16T21:21:54.282382,172.20.10.5,19,0
2026-01-16T21:21:54.282382,172.20.10.5,20,0
2026-01-16T21:21:54.282382,172.20.10.5,21,0
2026-01-16T21:21:54.282382,172.20.10.5,22,0
2026-01-16T21:21:54.282382,172.20.10.5,23,0
2026-01-16T21:21:54.282382,172.20.10.5,0,0
2026-01-16T21:21:54.282382,172.20.10.5,1,0
2026-01-16T21:21:54.282382,172.20.10.5,2,0
2026-01-16T21:21:54.282382,172.20.10.5,3,0
2026-01-16T21:21:54.282382,172.20.10.5,4,0
2026-01-16T21:21:54.282382,172.20.10.5,5,0
2026-01-16T21:21:54.282382,172.20.10.5,6,0
2026-01-16T21:21:54.282382,172.20.10.5,7,0
2026-01-16T21:21:54.282382,172.20.10.5,8,0.298091
2026-01-16T21:21:54.282382,172.20.10.5,9,0
2026-01-16T21:21:54.282382,172.20.10.5,10,0
2026-01-16T21:21:54.282382,172.20.10.5,11,0
2026-01-16T21:21:54.282382,172.20.10.5,12,0
2026-01-16T21:21:54.282382,172.20.10.5,13,0
2026-01-16T21:21:54.282382,172.20.10.5,14,0
2026-01-16T21:21:54.282382,172.20.10.5,15,0
2026-01-16T21:21:54.282382,172.20.10.5,16,0
2026-01-16T21:21:54.282382,172.20.10.5,17,0
2026-01-16T21:21:54.282382,172.20.10.5,18,0
2026-01-16T21:21:54.282382,172.20.10.5,19,0
2026-01-16T21:21:54.282382,172.20.10.5,20,0
2026-01-16T21:21:54.282382,172.20.10.5,21,0
2026-01-16T21:21:54.282382,172.20.10.5,22,0
2026-01-16T21:21:54.282382,172.20.10.5,23,0
2026-01-16T21:21:54.282382,172.20.10.5,0,0
2026-01-16T21:21:54.282382,172.20.10.5,1,0
2026-01-16T21:21:54.282382,172.20.10.5,2,0
2026-01-16T21:21:54.282382,172.20.10.5,3,0
2026-01-16T21:21:54.282382,172.20.10.5,4,0
2026-01-16T21:21:54.282382,172.20.10.5,5,0
2026-01-16T21:21:54.282382,172.20.10.5,6,0
2026-01-16T21:21:54.282382,172.20.10.5,7,0
2026-01-16T21:21:54.282382,172.20.10.5,8,0.298091
2026-01-16T21:21:54.282382,172.20.10.5,9,0
2026-01-16T21:21:54.282382,172.20.10.5,10,0
2026-01-16T21:21:54.282382,172.20.10.5,11,0
2026-01-16T21:21:54.282382,172.20.10.5,12,0
2026-01-16T21:21:54.282382,172.20.10.5,13,0
2026-01-16T21:21:54.282382,172.20.10.5,14,0
2026-01-16T21:21:54.282382,172.20.10.5,15,0
2026-01-16T21:21:54.282382,172.20.10.5,16,0
2026-01-16T21:21:54.282382,172.20.10.5,17,0
2026-01-16T21:21:54.282382,172.20.10.5,18,0
2026-01-16T21:21:54.282382,172.20.10.5,19,0
2026-01-16T21:21:54.282382,172.20.10.5,20,0
2026-01-16T21:21:54.282382,172.20.10.5,21,0
2026-01-16T21:21:54.282382,172.20.10.5,22,0
2026-01-16T21:21:54.282382,172.20.10.5,23,0
2026-01-16T21:21:54.282382,172.20.10.5,0,0
2026-01-16T21:21:54.282382,172.20.10.5,1,0
2026-01-16T21:21:54.282382,172.20.10.5,2,0
2026-01-16T21:21:54.282382,172.20.10.5,3,0
2026-01-16T21:21:54.282382,172.20.10.5,4,0
2026-01-16T21:21:54.282382,172.20.10.5,5,0
2026-01-16T21:21:54.282382,172.20.10.5,6,0
2026-01-16T21:21:54.282382,172.20.10.5,7,0
2026-01-16T21:21:54.282382,172.20.10.5,8,0.298091
2026-01-16T21:21:54.282382,172.20.10.5,9,0
2026-01-16T21:21:54.282382,172.20.10.5,10,0
2026-01-16T21:21:54.282382,172.20.10.5,11,0
2026-01-16T21:21:54.282382,172.20.10.5,12,0
2026-01-16T21:21:54.282382,172.20.10.5,13,0
2026-01-16T21:21:54.282382,172.20.10.5,14,0
2026-01-16T21:21:54.282382,172.20.10.5,15,0
2026-01-16T21:21:54.282382,172.20.10.5,16,0
2026-01-16T21:21:54.282382,172.20.10.5,17,0
2026-01-16T21:21:54.282382,172.20.10.5,18,0
2026-01-16T21:21:54.282382,172.20.10.5,19,0
2026-01-16T21:21:54.282382,172.20.10.5,20,0
2026-01-16T21:21:54.282382,172.20.10.5,21,0
2026-01-16T21:21:54.282382,172.20.10.5,22,0
2026-01-16T21:21:54.282382,172.20.10.5,23,0
2026-01-16T21:21:54.282382,172.20.10.5,0,0
2026-01-16T21:21:54.282382,172.20.10.5,1,0
2026-01-16T21:21:54.282382,172.20.10.5,2,0
2026-01-16T21:21:54.282382,172.20.10.5,3,0
2026-01-16T21:21:54.282382,172.20.10.5,4,0
2026-01-16T21:21:54.282382,172.20.10.5,5,0
2026-01-16T21:21:54.282382,172.20.10.5,6,0
2026-01-16T21:21:54.282382,172.20.10.5,7,0
2026-01-16T21:21:54.282382,172.20.10.5,8,0.298091
2026-01-16T21:21:54.282382,172.20.10.5,9,0
2026-01-16T21:21:54.282382,172.20.10.5,10,0
2026-01-16T21:21:54.282382,172.20.10.5,11,0
2026-01-16T21:21:54.282382,172.20.10.5,12,0
2026-01-16T21:21:54.282382,172.20.10.5,13,0
2026-01-16T21:21:54.282382,172.20.10.5,14,0
2026-01-16T21:21:54.282382,172.20.10.5,15,0
2026-01-16T21:21:54.282382,172.20.10.5,16,0
2026-01-16T21:21:54.282382,172.20.10.5,17,0
2026-01-16T21:21:54.282382,172.20.10.5,18,0
2026-01-16T21:21:54.282382,172.20.10.5,19,0
2026-01-16T21:21:54.282382,172.20.10.5,20,0
2026-01-16T21:21:54.282382,172.20.10.5,21,0
2026-01-16T21:21:54.282382,172.20.10.5,22,0
2026-01-16T21:21:54.282382,172.20.10.5,23,0
2026-01-16T21:21:54.282382,172.20.10.5,0,0
2026-01-16T21:21:54.282382,172.20.10.5,1,0
2026-01-16T21:21:54.282382,172.20.10.5,2,0
2026-01-16T21:21:54.282382,172.20.10.5,3,0
2026-01-16T21:21:54.282382,172.20.10.5,4,0
2026-01-16T21:21:54.282382,172.20.10.5,5,0
2026-01-16T21:21:54.282382,172.20.10.5,6,0
2026-01-16T21:21:54.282382,172.20.10.5,7,0
2026-01-16T21:21:54.282382,172.20.10.5,8,0.298091
2026-01-16T21:21:54.282382,172.20.10.5,9,0
2026-01-16T21:21:54.282382,172.20.10.5,10,0
2026-01-16T21:21:54.282382,172.20.10.5,11,0
2026-01-16T21:21:54.282382,172.20.10.5,12,0
2026-01-16T21:21:54.282382,172.20.10.5,13,0
2026-01-16T21:21:54.282382,172.20.10.5,14,0
2026-01-16T21:21:54.282382,172.20.10.5,15,0
2026-01-16T21:21:54.282382,172.20.10.5,16,0
2026-01-16T21:21:54.282382,172.20.10.5,17,0
2026-01-16T21:21:54.282382,172.20.10.5,18,0
2026-01-16T21:21:54.282382,172.20.10.5,19,0
2026-01-16T21:21:54.282382,172.20.10.5,20,0
2026-01-16T21:21:54.282382,172.20.10.5,21,0
2026-01-16T21:21:54.282382,172.20.10.5,22,0
2026-01-16T21:21:54.282382,172.20.10.5,23,0
2026-01-16T21:21:54.282382,172.20.10.5,0,0
2026-01-16T21:21:54.282382,172.20.10.5,1,0
2026-01-16T21:21:54.282382,172.20.10.5,2,0
2026-01-16T21:21:54.282382,172.20.10.5,3,0
2026-01-16T21:21:54.282382,172.20.10.5,4,0
2026-01-16T21:21:54.282382,172.20.10.5,5,0
2026-01-16T21:21:54.282382,172.20.10.5,6,0
2026-01-16T21:21:54.282382,172.20.10.5,7,0
2026-01-16T21:21:54.282382,172.20.10.5,8,0.298091
2026-01-16T21:21:54.282382,172.20.10.5,9,0
2026-01-16T21:21:54.282382,172.20.10.5,10,0
2026-01-16T21:21:54.282382,172.20.10.5,11,0
2026-01-16T21:21:54.282382,172.20.10.5,12,0
2026-01-16T21:21:54.282382,172.20.10.5,13,0
2026-01-16T21:21:54.282382,172.20.10.5,14,0
2026-01-16T21:21:54.282382,172.20.10.5,15,0
2026-01-16T21:21:54.282382,172.20.10.5,16,0
2026-01-16T21:21:54.282382,172.20.10.5,17,0
2026-01-16T21:21:54.282382,172.20.10.5,18,0
2026-01-16T21:21:54.282382,172.20.10.5,19,0
2026-01-16T21:21:54.282382,172.20.10.5,20,0
2026-01-16T21:21:54.282382,172.20.10.5,21,0
2026-01-16T21:21:54.282382,172.20.10.5,22,0
2026-01-16T21:21:54.282382,172.20.10.5,23,0
2026-01-16T21:21:54.282382,172.20.10.5,0,0
2026-01-16T21:21:54.282382,172.20.10.5,1,0
2026-01-16T21:21:54.282382,172.20.10.5,2,0
2026-01-16T21:21:54.282382,172.20.10.5,3,0
2026-01-16T21:21:54.282382,172.20.10.5,4,0
2026-01-16T21:21:54.282382,172.20.10.5,5,0
2026-01-16T21:21:54.282382,172.20.10.5,6,0
2026-01-16T21:21:54.282382,172.20.10.5,7,0
2026-01-16T21:21:54.282382,172.20.10.5,8,0.298091
2026-01-16T21:21:54.282382,172.20.10.5,9,0
2026-01-16T21:21:54.282382,172.20.10.5,10,0
2026-01-16T21:21:54.282382,172.20.10.5,11,0
2026-01-16T21:21:54.282382,172.20.10.5,12,0
2026-01-16T21:21:54.282382,172.20.10.5,13,0
2026-01-16T21:21:54.282382,172.20.10.5,14,0
2026-01-16T21:21:54.282382,172.20.10.5,15,0
2026-01-16T21:21:54.282382,172.20.10.5,16,0
2026-01-16T21:21:54.282382,172.20.10.5,17,0
2026-01-16T21:21:54.282382,172.20.10.5,18,0
2026-01-16T21:21:54.282382,172.20.10.5,19,0
2026-01-16T21:21:54.282382,172.20.10.5,20,0
2026-01-16T21:21:54.282382,172.20.10.5,21,0
2026-01-16T21:21:54.282382,172.20.10.5,22,0
2026-01-16T21:21:54.282382,172.20.10.5,23,0
2026-01-16T21:21:54.282382,172.20.10.5,0,0
2026-01-16T21:21:54.282382,172.20.10.5,1,0
2026-01-16T21:21:54.282382,172.20.10.5,2,0
2026-01-16T21:21:54.282382,172.20.10.5,3,0
2026-01-16T21:21:54.282382,172.20.10.5,4,0
2026-01-16T21:21:54.282382,172.20.10.5,5,0
2026-01-16T21:21:54.282382,172.20.10.5,6,0
2026-01-16T21:21:54.282382,172.20.10.5,7,0
2026-01-16T21:21:54.282382,172.20.10.5,8,0.298091
2026-01-16T21:21:54.282382,172.20.10.5,9,0
2026-01-16T21:21:54.282382,172.20.10.5,10,0
2026-01-16T21:21:54.282382,172.20.10.5,11,0
2026-01-16T21:21:54.282382,172.20.10.5,12,0
2026-01-16T21:21:54.282382,172.20.10.5,13,0
2026-01-16T21:21:54.282382,172.20.10.5,14,0
2026-01-16T21:21:54.282382,172.20.10.5,15,0
2026-01-16T21:21:54.282382,172.20.10.5,16,0
2026-01-16T21:21:54.282382,172.20.10.5,17,0
2026-01-16T21:21:54.282382,172.20.10.5,18,0
2026-01-16T21:21:54.282382,172.20.10.5,19,0
2026-01-16T21:21:54.282382,172.20.10.5,20,0
2026-01-16T21:21:54.282382,172.20.10.5,21,0
2026-01-16T21:21:54.282382,172.20.10.5,22,0
2026-01-16T21:21:54.282382,172.20.10.5,23,0
2026-01-16T21:21:54.282382,172.20.10.5,0,0
2026-01-16T21:21:54.282382,172.20.10.5,1,0
2026-01-16T21:21:54.282382,172.20.10.5,2,0
2026-01-16T21:21:54.282382,172.20.10.5,3,0
2026-01-16T21:21:54.282382,172.20.10.5,4,0
2026-01-16T21:21:54.282382,172.20.10.5,5,0
2026-01-16T21:21:54.282382,172.20.10.5,6,0
2026-01-16T21:21:54.282382,172.20.10.5,7,0
2026-01-16T21:21:54.282382,172.20.10.5,8,0.298091
2026-01-16T21:21:54.282382,172.20.10.5,9,0
2026-01-16T21:21:54.282382,172.20.10.5,10,0
2026-01-16T21:21:54.282382,172.20.10.5,11,0
2026-01-16T21:21:54.282382,172.20.10.5,12,0
2026-01-16T21:21:54.282382,172.20.10.5,13,0
2026-01-16T21:21:54.282382,172.20.10.5,14,0
2026-01-16T21:21:54.282382,172.20.10.5,15,0
2026-01-16T21:21:54.282382,172.20.10.5,16,0
2026-01-16T21:21:54.282382,172.20.10.5,17,0
2026-01-16T21:21:54.282382,172.20.10.5,18,0
2026-01-16T21:21:54.282382,172.20.10.5,19,0
2026-01-16T21:21:54.282382,172.20.10.5,20,0
2026-01-16T21:21:54.282382,172.20.10.5,21,0
2026-01-16T21:21:54.282382,172.20.10.5,22,0
2026-01-16T21:21:54.282382,172.20.10.5,23,0
2026-01-16T21:21:54.282382,172.20.10.5,0,0
2026-01-16T21:21:54.282382,172.20.10.5,1,0
2026-01-16T21:21:54.282382,172.20.10.5,2,0
2026-01-16T21:21:54.282382,172.20.10.5,3,0
2026-01-16T21:21:54.282382,172.20.10.5,4,0
2026-01-16T21:21:54.282382,172.20.10.5,5,0
2026-01-16T21:21:54.282382,172.20.10.5,6,0
2026-01-16T21:21:54.282382,172.20.10.5,7,0
2026-01-16T21:21:54.282382,172.20.10.5,8,0.290623
2026-01-16T21:21:54.282382,172.20.10.5,9,0
2026-01-16T21:21:54.282382,172.20.10.5,10,0
2026-01-16T21:21:54.282382,172.20.10.5,11,0
2026-01-16T21:21:54.282382,172.20.10.5,12,0
2026-01-16T21:21:54.282382,172.20.10.5,13,0
2026-01-16T21:21:54.282382,172.20.10.5,14,0
2026-01-16T21:21:54.282382,172.20.10.5,15,0
2026-01-16T21:21:54.282382,172.20.10.5,16,0
2026-01-16T21:21:54.282382,172.20.10.5,17,0
2026-01-16T21:21:54.282382,172.20.10.5,18,0
2026-01-16T21:21:54.282382,172.20.10.5,19,0
2026-01-16T21:21:54.282382,172.20.10.5,20,0
2026-01-16T21:21:54.282382,172.20.10.5,21,0
2026-01-16T21:21:54.282382,172.20.10.5,22,0
2026-01-16T21:21:54.282382,172.20.10.5,23,0
2026-01-16T21:21:54.282382,172.20.10.5,0,0
2026-01-16T21:21:54.282382,172.20.10.5,1,0
2026-01-16T21:21:54.282382,172.20.10.5,2,0
2026-01-16T21:21:54.282382,172.20.10.5,3,0
2026-01-16T21:21:54.282382,172.20.10.5,4,0
2026-01-16T21:21:54.282382,172.20.10.5,5,0
2026-01-16T21:21:54.282382,172.20.10.5,6,0
2026-01-16T21:21:54.282382,172.20.10.5,7,0
2026-01-16T21:21:54.282382,172.20.10.5,8,0.298091
2026-01-16T21:21:54.282382,172.20.10.5,9,0
2026-01-16T21:21:54.282382,172.20.10.5,10,0
2026-01-16T21:21:54.282382,172.20.10.5,11,0
2026-01-16T21:21:54.282382,172.20.10.5,12,0
2026-01-16T21:21:54.282382,172.20.10.5,13,0
2026-01-16T21:21:54.282382,172.20.10.5,14,0
2026-01-16T21:21:54.282382,172.20.10.5,15,0
2026-01-16T21:21:54.282382,172.20.10.5,16,0
2026-01-16T21:21:54.282382,172.20.10.5,17,0
2026-01-16T21:21:54.282382,172.20.10.5,18,0
2026-01-16T21:21:54.282382,172.20.10.5,19,0
2026-01-16T21:21:54.282382,172.20.10.5,20,0
2026-01-16T21:21:54.282382,172.20.10.5,21,0
2026-01-16T21:21:54.282382,172.20.10.5,22,0
2026-01-16T21:21:54.282382,172.20.10.5,23,0
2026-01-16T21:21:54.282382,172.20.10.5,0,0
2026-01-16T21:21:54.282382,172.20.10.5,1,0
2026-01-16T21:21:54.282382,172.20.10.5,2,0
2026-01-16T21:21:54.282382,172.20.10.5,3,0
2026-01-16T21:21:54.282382,172.20.10.5,4,0
2026-01-16T21:21:54.282382,172.20.10.5,5,0
2026-01-16T21:21:54.282382,172.20.10.5,6,0
2026-01-16T21:21:54.282382,172.20.10.5,7,0
2026-01-16T21:21:54.282382,172.20.10.5,8,0.298091
2026-01-16T21:21:54.282382,172.20.10.5,9,0
2026-01-16T21:21:54.282382,172.20.10.5,10,0
2026-01-16T21:21:54.282382,172.20.10.5,11,0
2026-01-16T21:21:54.282382,172.20.10.5,12,0
2026-01-16T21:21:54.282382,172.20.10.5,13,0
2026-01-16T21:21:54.282382,172.20.10.5,14,0
2026-01-16T21:21:54.282382,172.20.10.5,15,0
2026-01-16T21:21:54.282382,172.20.10.5,16,0
2026-01-16T21:21:54.282382,172.20.10.5,17,0
2026-01-16T21:21:54.282382,172.20.10.5,18,0
2026-01-16T21:21:54.282382,172.20.10.5,19,0
2026-01-16T21:21:54.282382,172.20.10.5,20,0
2026-01-16T21:21:54.282382,172.20.10.5,21,0
2026-01-16T21:21:54.282382,172.20.10.5,22,0
2026-01-16T21:21:54.282382,172.20.10.5,23,0
2026-01-16T21:21:54.282382,172.20.10.5,0,0
2026-01-16T21:21:54.282382,172.20.10.5,1,0
2026-01-16T21:21:54.282382,172.20.10.5,2,0
2026-01-16T21:21:54.282382,172.20.10.5,3,0
2026-01-16T21:21:54.282382,172.20.10.5,4,0
2026-01-16T21:21:54.282382,172.20.10.5,5,0
2026-01-16T21:21:54.282382,172.20.10.5,6,0
2026-01-16T21:21:54.282382,172.20.10.5,7,0
2026-01-16T21:21:54.282382,172.20.10.5,8,0.298091
2026-01-16T21:21:54.282382,172.20.10.5,9,0
2026-01-16T21:21:54.282382,172.20.10.5,10,0
2026-01-16T21:21:54.282382,172.20.10.5,11,0
2026-01-16T21:21:54.282382,172.20.10.5,12,0
2026-01-16T21:21:54.282382,172.20.10.5,13,0
2026-01-16T21:21:54.282382,172.20.10.5,14,0
2026-01-16T21:21:54.282382,172.20.10.5,15,0
2026-01-16T21:21:54.282382,172.20.10.5,16,0
2026-01-16T21:21:54.282382,172.20.10.5,17,0
2026-01-16T21:21:54.282382,172.20.10.5,18,0
2026-01-16T21:21:54.282382,172.20.10.5,19,0
2026-01-16T21:21:54.282382,172.20.10.5,20,0
2026-01-16T21:21:54.282382,172.20.10.5,21,0
2026-01-16T21:21:54.282382,172.20.10.5,22,0
2026-01-16T21:21:54.282382,172.20.10.5,23,0
2026-01-16T21:21:54.282382,172.20.10.5,0,0
2026-01-16T21:21:54.282382,172.20.10.5,1,0
2026-01-16T21:21:54.282382,172.20.10.5,2,0
2026-01-16T21:21:54.282382,172.20.10.5,3,0
2026-01-16T21:21:54.282382,172.20.10.5,4,0
2026-01-16T21:21:54.282382,172.20.10.5,5,0
2026-01-16T21:21:54.282382,172.20.10.5,6,0
2026-01-16T21:21:54.282382,172.20.10.5,7,0
2026-01-16T21:21:54.282382,172.20.10.5,8,0.298091
2026-01-16T21:21:54.282382,172.20.10.5,9,0
2026-01-16T21:21:54.282382,172.20.10.5,10,0
2026-01-16T21:21:54.282382,172.20.10.5,11,0
2026-01-16T21:21:54.282382,172.20.10.5,12,0
2026-01-16T21:21:54.282382,172.20.10.5,13,0
2026-01-16T21:21:54.282382,172.20.10.5,14,0
2026-01-16T21:21:54.282382,172.20.10.5,15,0
2026-01-16T21:21:54.282382,172.20.10.5,16,0
2026-01-16T21:21:54.282382,172.20.10.5,17,0
2026-01-16T21:21:54.282382,172.20.10.5,18,0
2026-01-16T21:21:54.282382,172.20.10.5,19,0
2026-01-16T21:21:54.282382,172.20.10.5,20,0
2026-01-16T21:21:54.282382,172.20.10.5,21,0
2026-01-16T21:21:54.282382,172.20.10.5,22,0
2026-01-16T21:21:54.282382,172.20.10.5,23,0
2026-01-16T21:21:54.282382,172.20.10.5,0,0
2026-01-16T21:21:54.282382,172.20.10.5,1,0
2026-01-16T21:21:54.282382,172.20.10.5,2,0
2026-01-16T21:21:54.282382,172.20.10.5,3,0
2026-01-16T21:21:54.282382,172.20.10.5,4,0
2026-01-16T21:21:54.282382,172.20.10.5,5,0
2026-01-16T21:21:54.282382,172.20.10.5,6,0
2026-01-16T21:21:54.282382,172.20.10.5,7,0
2026-01-16T21:21:54.282382,172.20.10.5,8,0.298091
2026-01-16T21:21:54.282382,172.20.10.5,9,0
2026-01-16T21:21:54.282382,172.20.10.5,10,0
2026-01-16T21:21:54.282382,172.20.10.5,11,0
2026-01-16T21:21:54.282382,172.20.10.5,12,0
2026-01-16T21:21:54.282382,172.20.10.5,13,0
2026-01-16T21:21:54.282382,172.20.10.5,14,0
2026-01-16T21:21:54.282382,172.20.10.5,15,0
2026-01-16T21:21:54.282382,172.20.10.5,16,0
2026-01-16T21:21:54.282382,172.20.10.5,17,0
2026-01-16T21:21:54.282382,172.20.10.5,18,0
2026-01-16T21:21:54.282382,172.20.10.5,19,0
2026-01-16T21:21:54.282382,172.20.10.5,20,0
2026-01-16T21:21:54.282382,172.20.10.5,21,0
2026-01-16T21:21:54.282382,172.20.10.5,22,0
2026-01-16T21:21:54.282382,172.20.10.5,23,0
2026-01-16T21:21:54.282382,172.20.10.5,0,0
2026-01-16T21:21:54.282382,172.20.10.5,1,0
2026-01-16T21:21:54.282382,172.20.10.5,2,0
2026-01-16T21:21:54.282382,172.20.10.5,3,0
2026-01-16T21:21:54.282382,172.20.10.5,4,0
2026-01-16T21:21:54.282382,172.20.10.5,5,0
2026-01-16T21:21:54.282382,172.20.10.5,6,0
2026-01-16T21:21:54.282382,172.20.10.5,7,0
2026-01-16T21:21:54.282382,172.20.10.5,8,0.298091
2026-01-16T21:21:54.282382,172.20.10.5,9,0
2026-01-16T21:21:54.282382,172.20.10.5,10,0
2026-01-16T21:21:54.282382,172.20.10.5,11,0
2026-01-16T21:21:54.282382,172.20.10.5,12,0
2026-01-16T21:21:54.282382,172.20.10.5,13,0
2026-01-16T21:21:54.282382,172.20.10.5,14,0
2026-01-16T21:21:54.282382,172.20.10.5,15,0
2026-01-16T21:21:54.282382,172.20.10.5,16,0
2026-01-16T21:21:54.282382,172.20.10.5,17,0
2026-01-16T21:21:54.282382,172.20.10.5,18,0
2026-01-16T21:21:54.282382,172.20.10.5,19,0
2026-01-16T21:21:54.282382,172.20.10.5,20,0
2026-01-16T21:21:54.282382,172.20.10.5,21,0
2026-01-16T21:21:54.282382,172.20.10.5,22,0
2026-01-16T21:21:54.282382,172.20.10.5,23,0
2026-01-16T21:21:54.282382,172.20.10.5,0,0
2026-01-16T21:21:54.282382,172.20.10.5,1,0
2026-01-16T21:21:54.282382,172.20.10.5,2,0
2026-01-16T21:21:54.282382,172.20.10.5,3,0
2026-01-16T21:21:54.282382,172.20.10.5,4,0
2026-01-16T21:21:54.282382,172.20.10.5,5,0
2026-01-16T21:21:54.282382,172.20.10.5,6,0
2026-01-16T21:21:54.282382,172.20.10.5,7,0
2026-01-16T21:21:54.282382,172.20.10.5,8,0.287867
2026-01-16T21:21:54.282382,172.20.10.5,9,0
2026-01-16T21:21:54.282382,172.20.10.5,10,0
2026-01-16T21:21:54.282382,172.20.10.5,11,0
2026-01-16T21:21:54.282382,172.20.10.5,12,0
2026-01-16T21:21:54.282382,172.20.10.5,13,0
2026-01-16T21:21:54.282382,172.20.10.5,14,0
2026-01-16T21:21:54.282382,172.20.10.5,15,0
2026-01-16T21:21:54.282382,172.20.10.5,16,0
2026-01-16T21:21:54.282382,172.20.10.5,17,0
2026-01-16T21:21:54.282382,172.20.10.5,18,0
2026-01-16T21:21:54.282382,172.20.10.5,19,0
2026-01-16T21:21:54.282382,172.20.10.5,20,0
2026-01-16T21:21:54.282382,172.20.10.5,21,0
2026-01-16T21:21:54.282382,172.20.10.5,22,0
2026-01-16T21:21:54.282382,172.20.10.5,23,0
2026-01-16T21:21:54.282382,172.20.10.5,0,0
2026-01-16T21:21:54.282382,172.20.10.5,1,0
2026-01-16T21:21:54.282382,172.20.10.5,2,0
2026-01-16T21:21:54.282382,172.20.10.5,3,0
2026-01-16T21:21:54.282382,172.20.10.5,4,0
2026-01-16T21:21:54.282382,172.20.10.5,5,0
2026-01-16T21:21:54.282382,172.20.10.5,6,0
2026-01-16T21:21:54.282382,172.20.10.5,7,0
2026-01-16T21:21:54.282382,172.20.10.5,8,0.298091
2026-01-16T21:21:54.282382,172.20.10.5,9,0
2026-01-16T21:21:54.282382,172.20.10.5,10,0
2026-01-16T21:21:54.282382,172.20.10.5,11,0
2026-01-16T21:21:54.282382,172.20.10.5,12,0
2026-01-16T21:21:54.282382,172.20.10.5,13,0
2026-01-16T21:21:54.282382,172.20.10.5,14,0
2026-01-16T21:21:54.282382,172.20.10.5,15,0
2026-01-16T21:21:54.282382,172.20.10.5,16,0
2026-01-16T21:21:54.282382,172.20.10.5,17,0
2026-01-16T21:21:54.282382,172.20.10.5,18,0
2026-01-16T21:21:54.282382,172.20.10.5,19,0
2026-01-16T21:21:54.282382,172.20.10.5,20,0
2026-01-16T21:21:54.282382,172.20.10.5,21,0
2026-01-16T21:21:54.282382,172.20.10.5,22,0
2026-01-16T21:21:54.282382,172.20.10.5,23,0
2026-01-16T21:21:54.282382,172.20.10.5,0,0
2026-01-16T21:21:54.282382,172.20.10.5,1,0
2026-01-16T21:21:54.282382,172.20.10.5,2,0
2026-01-16T21:21:54.282382,172.20.10.5,3,0
2026-01-16T21:21:54.282382,172.20.10.5,4,0
2026-01-16T21:21:54.282382,172.20.10.5,5,0
2026-01-16T21:21:54.282382,172.20.10.5,6,0
2026-01-16T21:21:54.282382,172.20.10.5,7,0
2026-01-16T21:21:54.282382,172.20.10.5,8,0.298091
2026-01-16T21:21:54.282382,172.20.10.5,9,0
2026-01-16T21:21:54.282382,172.20.10.5,10,0
2026-01-16T21:21:54.282382,172.20.10.5,11,0
2026-01-16T21:21:54.282382,172.20.10.5,12,0
2026-01-16T21:21:54.282382,172.20.10.5,13,0
2026-01-16T21:21:54.282382,172.20.10.5,14,0
2026-01-16T21:21:54.282382,172.20.10.5,15,0
2026-01-16T21:21:54.282382,172.20.10.5,16,0
2026-01-16T21:21:54.282382,172.20.10.5,17,0
2026-01-16T21:21:54.282382,172.20.10.5,18,0
2026-01-16T21:21:54.282382,172.20.10.5,19,0
2026-01-16T21:21:54.282382,172.20.10.5,20,0
2026-01-16T21:21:54.282382,172.20.10.5,21,0
2026-01-16T21:21:54.282382,172.20.10.5,22,0
2026-01-16T21:21:54.282382,172.20.10.5,23,0
2026-01-16T21:21:54.282382,172.20.10.5,0,0
2026-01-16T21:21:54.282382,172.20.10.5,1,0
2026-01-16T21:21:54.282382,172.20.10.5,2,0
2026-01-16T21:21:54.282382,172.20.10.5,3,0
2026-01-16T21:21:54.282382,172.20.10.5,4,0
2026-01-16T21:21:54.282382,172.20.10.5,5,0
2026-01-16T21:21:54.282382,172.20.10.5,6,0
2026-01-16T21:21:54.282382,172.20.10.5,7,0
2026-01-16T21:21:54.282382,172.20.10.5,8,0.298091
2026-01-16T21:21:54.282382,172.20.10.5,9,0
2026-01-16T21:21:54.282382,172.20.10.5,10,0
2026-01-16T21:21:54.282382,172.20.10.5,11,0
2026-01-16T21:21:54.282382,172.20.10.5,12,0
2026-01-16T21:21:54.282382,172.20.10.5,13,0
2026-01-16T21:21:54.282382,172.20.10.5,14,0
2026-01-16T21:21:54.282382,172.20.10.5,15,0
2026-01-16T21:21:54.282382,172.20.10.5,16,0
2026-01-16T21:21:54.282382,172.20.10.5,17,0
2026-01-16T21:21:54.282382,172.20.10.5,18,0
2026-01-16T21:21:54.282382,172.20.10.5,19,0
2026-01-16T21:21:54.282382,172.20.10.5,20,0
2026-01-16T21:21:54.282382,172.20.10.5,21,0
2026-01-16T21:21:54.282382,172.20.10.5,22,0
2026-01-16T21:21:54.282382,172.20.10.5,23,0
2026-01-16T21:21:54.282382,172.20.10.5,0,0
2026-01-16T21:21:54.282382,172.20.10.5,1,0
2026-01-16T21:21:54.282382,172.20.10.5,2,0
2026-01-16T21:21:54.282382,172.20.10.5,3,0
2026-01-16T21:21:54.282382,172.20.10.5,4,0
2026-01-16T21:21:54.282382,172.20.10.5,5,0
2026-01-16T21:21:54.282382,172.20.10.5,6,0
2026-01-16T21:21:54.282382,172.20.10.5,7,0
2026-01-16T21:21:54.282382,172.20.10.5,8,0.297197
2026-01-16T21:21:54.282382,172.20.10.5,9,0
2026-01-16T21:21:54.282382,172.20.10.5,10,0
2026-01-16T21:21:54.282382,172.20.10.5,11,0
2026-01-16T21:21:54.282382,172.20.10.5,12,0
2026-01-16T21:21:54.282382,172.20.10.5,13,0
2026-01-16T21:21:54.282382,172.20.10.5,14,0
2026-01-16T21:21:54.282382,172.20.10.5,15,0
2026-01-16T21:21:54.282382,172.20.10.5,16,0
2026-01-16T21:21:54.282382,172.20.10.5,17,0
2026-01-16T21:21:54.282382,172.20.10.5,18,0
2026-01-16T21:21:54.282382,172.20.10.5,19,0
2026-01-16T21:21:54.282382,172.20.10.5,20,0
2026-01-16T21:21:54.282382,172.20.10.5,21,0
2026-01-16T21:21:54.282382,172.20.10.5,22,0
2026-01-16T21:21:54.282382,172.20.10.5,23,0
2026-01-16T21:21:54.282382,172.20.10.5,0,0
2026-01-16T21:21:54.282382,172.20.10.5,1,0
2026-01-16T21:21:54.282382,172.20.10.5,2,0
2026-01-16T21:21:54.282382,172.20.10.5,3,0
2026-01-16T21:21:54.282382,172.20.10.5,4,0
2026-01-16T21:21:54.282382,172.20.10.5,5,0
2026-01-16T21:21:54.282382,172.20.10.5,6,0
2026-01-16T21:21:54.282382,172.20.10.5,7,0
2026-01-16T21:21:54.282382,172.20.10.5,8,0.298091
2026-01-16T21:21:54.282382,172.20.10.5,9,0
2026-01-16T21:21:54.282382,172.20.10.5,10,0
2026-01-16T21:21:54.282382,172.20.10.5,11,0
2026-01-16T21:21:54.282382,172.20.10.5,12,0
2026-01-16T21:21:54.282382,172.20.10.5,13,0
2026-01-16T21:21:54.282382,172.20.10.5,14,0
2026-01-16T21:21:54.282382,172.20.10.5,15,0
2026-01-16T21:21:54.282382,172.20.10.5,16,0
2026-01-16T21:21:54.282382,172.20.10.5,17,0
2026-01-16T21:21:54.282382,172.20.10.5,18,0
2026-01-16T21:21:54.282382,172.20.10.5,19,0
2026-01-16T21:21:54.282382,172.20.10.5,20,0
2026-01-16T21:21:54.282382,172.20.10.5,21,0
2026-01-16T21:21:54.282382,172.20.10.5,22,0
2026-01-16T21:21:54.282382,172.20.10.5,23,0
2026-01-16T21:21:54.282382,172.20.10.5,0,0
2026-01-16T21:21:54.282382,172.20.10.5,1,0
2026-01-16T21:21:54.282382,172.20.10.5,2,0
2026-01-16T21:21:54.282382,172.20.10.5,3,0
2026-01-16T21:21:54.282382,172.20.10.5,4,0
2026-01-16T21:21:54.282382,172.20.10.5,5,0
2026-01-16T21:21:54.282382,172.20.10.5,6,0
2026-01-16T21:21:54.282382,172.20.10.5,7,0
2026-01-16T21:21:54.282382,172.20.10.5,8,0.298091
2026-01-16T21:21:54.282382,172.20.10.5,9,0
2026-01-16T21:21:54.282382,172.20.10.5,10,0
2026-01-16T21:21:54.282382,172.20.10.5,11,0
2026-01-16T21:21:54.282382,172.20.10.5,12,0
2026-01-16T21:21:54.282382,172.20.10.5,13,0
2026-01-16T21:21:54.282382,172.20.10.5,14,0
2026-01-16T21:21:54.282382,172.20.10.5,15,0
2026-01-16T21:21:54.282382,172.20.10.5,16,0
2026-01-16T21:21:54.282382,172.20.10.5,17,0
2026-01-16T21:21:54.282382,172.20.10.5,18,0
2026-01-16T21:21:54.282382,172.20.10.5,19,0
2026-01-16T21:21:54.282382,172.20.10.5,20,0
2026-01-16T21:21:54.282382,172.20.10.5,21,0
2026-01-16T21:21:54.282382,172.20.10.5,22,0
2026-01-16T21:21:54.282382,172.20.10.5,23,0
2026-01-16T21:21:54.282382,172.20.10.5,0,0
2026-01-16T21:21:54.282382,172.20.10.5,1,0
2026-01-16T21:21:54.282382,172.20.10.5,2,0
2026-01-16T21:21:54.282382,172.20.10.5,3,0
2026-01-16T21:21:54.282382,172.20.10.5,4,0
2026-01-16T21:21:54.282382,172.20.10.5,5,0
2026-01-16T21:21:54.282382,172.20.10.5,6,0
2026-01-16T21:21:54.282382,172.20.10.5,7,0
2026-01-16T21:21:54.282382,172.20.10.5,8,0.298091
2026-01-16T21:21:54.282382,172.20.10.5,9,0
2026-01-16T21:21:54.282382,172.20.10.5,10,0
2026-01-16T21:21:54.282382,172.20.10.5,11,0
2026-01-16T21:21:54.282382,172.20.10.5,12,0
2026-01-16T21:21:54.282382,172.20.10.5,13,0
2026-01-16T21:21:54.282382,172.20.10.5,14,0
2026-01-16T21:21:54.282382,172.20.10.5,15,0
2026-01-16T21:21:54.282382,172.20.10.5,16,0
2026-01-16T21:21:54.282382,172.20.10.5,17,0
2026-01-16T21:21:54.282382,172.20.10.5,18,0
2026-01-16T21:21:54.282382,172.20.10.5,19,0
2026-01-16T21:21:54.282382,172.20.10.5,20,0
2026-01-16T21:21:54.282382,172.20.10.5,21,0
2026-01-16T21:21:54.282382,172.20.10.5,22,0
2026-01-16T21:21:54.282382,172.20.10.5,23,0
2026-01-16T21:21:54.282382,172.20.10.5,0,0
2026-01-16T21:21:54.282382,172.20.10.5,1,0
2026-01-16T21:21:54.282382,172.20.10.5,2,0
2026-01-16T21:21:54.282382,172.20.10.5,3,0
2026-01-16T21:21:54.282382,172.20.10.5,4,0
2026-01-16T21:21:54.282382,172.20.10.5,5,0
2026-01-16T21:21:54.282382,172.20.10.5,6,0
2026-01-16T21:21:54.282382,172.20.10.5,7,0
2026-01-16T21:21:54.282382,172.20.10.5,8,0.298091
2026-01-16T21:21:54.282382,172.20.10.5,9,0
2026-01-16T21:21:54.282382,172.20.10.5,10,0
2026-01-16T21:21:54.282382,172.20.10.5,11,0
2026-01-16T21:21:54.282382,172.20.10.5,12,0
2026-01-16T21:21:54.282382,172.20.10.5,13,0
2026-01-16T21:21:54.282382,172.20.10.5,14,0
2026-01-16T21:21:54.282382,172.20.10.5,15,0
2026-01-16T21:21:54.282382,172.20.10.5,16,0
2026-01-16T21:21:54.282382,172.20.10.5,17,0
2026-01-16T21:21:54.282382,172.20.10.5,18,0
2026-01-16T21:21:54.282382,172.20.10.5,19,0
2026-01-16T21:21:54.282382,172.20.10.5,20,0
2026-01-16T21:21:54.282382,172.20.10.5,21,0
2026-01-16T21:21:54.282382,172.20.10.5,22,0
2026-01-16T21:21:54.282382,172.20.10.5,23,0
2026-01-16T21:21:54.282382,172.20.10.5,0,0
2026-01-16T21:21:54.282382,172.20.10.5,1,0
2026-01-16T21:21:54.282382,172.20.10.5,2,0
2026-01-16T21:21:54.282382,172.20.10.5,3,0
2026-01-16T21:21:54.282382,172.20.10.5,4,0
2026-01-16T21:21:54.282382,172.20.10.5,5,0
2026-01-16T21:21:54.282382,172.20.10.5,6,0
2026-01-16T21:21:54.282382,172.20.10.5,7,0
2026-01-16T21:21:54.282382,172.20.10.5,8,0.290623
2026-01-16T21:21:54.282382,172.20.10.5,9,0
2026-01-16T21:21:54.282382,172.20.10.5,10,0
2026-01-16T21:21:54.282382,172.20.10.5,11,0
2026-01-16T21:21:54.282382,172.20.10.5,12,0
2026-01-16T21:21:54.282382,172.20.10.5,13,0
2026-01-16T21:21:54.282382,172.20.10.5,14,0
2026-01-16T21:21:54.282382,172.20.10.5,15,0
2026-01-16T21:21:54.282382,172.20.10.5,16,0
2026-01-16T21:21:54.282382,172.20.10.5,17,0
2026-01-16T21:21:54.282382,172.20.10.5,18,0
2026-01-16T21:21:54.282382,172.20.10.5,19,0
2026-01-16T21:21:54.282382,172.20.10.5,20,0
2026-01-16T21:21:54.282382,172.20.10.5,21,0
2026-01-16T21:21:54.282382,172.20.10.5,22,0
2026-01-16T21:21:54.282382,172.20.10.5,23,0
2026-01-16T21:21:54.282382,172.20.10.5,0,0
2026-01-16T21:21:54.282382,172.20.10.5,1,0
2026-01-16T21:21:54.282382,172.20.10.5,2,0
2026-01-16T21:21:54.282382,172.20.10.5,3,0
2026-01-16T21:21:54.282382,172.20.10.5,4,0
2026-01-16T21:21:54.282382,172.20.10.5,5,0
2026-01-16T21:21:54.282382,172.20.10.5,6,0
2026-01-16T21:21:54.282382,172.20.10.5,7,0
2026-01-16T21:21:54.282382,172.20.10.5,8,0.298091
2026-01-16T21:21:54.282382,172.20.10.5,9,0
2026-01-16T21:21:54.282382,172.20.10.5,10,0
2026-01-16T21:21:54.282382,172.20.10.5,11,0
2026-01-16T21:21:54.282382,172.20.10.5,12,0
2026-01-16T21:21:54.282382,172.20.10.5,13,0
2026-01-16T21:21:54.282382,172.20.10.5,14,0
2026-01-16T21:21:54.282382,172.20.10.5,15,0
2026-01-16T21:21:54.282382,172.20.10.5,16,0
2026-01-16T21:21:54.282382,172.20.10.5,17,0
2026-01-16T21:21:54.282382,172.20.10.5,18,0
2026-01-16T21:21:54.282382,172.20.10.5,19,0
2026-01-16T21:21:54.282382,172.20.10.5,20,0
2026-01-16T21:21:54.282382,172.20.10.5,21,0
2026-01-16T21:21:54.282382,172.20.10.5,22,0
2026-01-16T21:21:54.282382,172.20.10.5,23,0
2026-01-16T21:21:54.282382,172.20.10.5,0,0
2026-01-16T21:21:54.282382,172.20.10.5,1,0
2026-01-16T21:21:54.282382,172.20.10.5,2,0
2026-01-16T21:21:54.282382,172.20.10.5,3,0
2026-01-16T21:21:54.282382,172.20.10.5,4,0
2026-01-16T21:21:54.282382,172.20.10.5,5,0
2026-01-16T21:21:54.282382,172.20.10.5,6,0
2026-01-16T21:21:54.282382,172.20.10.5,7,0
2026-01-16T21:21:54.282382,172.20.10.5,8,0.298091
2026-01-16T21:21:54.282382,172.20.10.5,9,0
2026-01-16T21:21:54.282382,172.20.10.5,10,0
2026-01-16T21:21:54.282382,172.20.10.5,11,0
2026-01-16T21:21:54.282382,172.20.10.5,12,0
2026-01-16T21:21:54.282382,172.20.10.5,13,0
2026-01-16T21:21:54.282382,172.20.10.5,14,0
2026-01-16T21:21:54.282382,172.20.10.5,15,0
2026-01-16T21:21:54.282382,172.20.10.5,16,0
2026-01-16T21:21:54.282382,172.20.10.5,17,0
2026-01-16T21:21:54.282382,172.20.10.5,18,0
2026-01-16T21:21:54.282382,172.20.10.5,19,0
2026-01-16T21:21:54.282382,172.20.10.5,20,0
2026-01-16T21:21:54.282382,172.20.10.5,21,0
2026-01-16T21:21:54.282382,172.20.10.5,22,0
2026-01-16T21:21:54.282382,172.20.10.5,23,0
2026-01-16T21:21:54.282382,172.20.10.5,0,0
2026-01-16T21:21:54.282382,172.20.10.5,1,0
2026-01-16T21:21:54.282382,172.20.10.5,2,0
2026-01-16T21:21:54.282382,172.20.10.5,3,0
2026-01-16T21:21:54.282382,172.20.10.5,4,0
2026-01-16T21:21:54.282382,172.20.10.5,5,0
2026-01-16T21:21:54.282382,172.20.10.5,6,0
2026-01-16T21:21:54.282382,172.20.10.5,7,0
2026-01-16T21:21:54.282382,172.20.10.5,8,0.298091
2026-01-16T21:21:54.282382,172.20.10.5,9,0
2026-01-16T21:21:54.282382,172.20.10.5,10,0
2026-01-16T21:21:54.282382,172.20.10.5,11,0
2026-01-16T21:21:54.282382,172.20.10.5,12,0
2026-01-16T21:21:54.282382,172.20.10.5,13,0
2026-01-16T21:21:54.282382,172.20.10.5,14,0
2026-01-16T21:21:54.282382,172.20.10.5,15,0
2026-01-16T21:21:54.282382,172.20.10.5,16,0
2026-01-16T21:21:54.282382,172.20.10.5,17,0
2026-01-16T21:21:54.282382,172.20.10.5,18,0
2026-01-16T21:21:54.282382,172.20.10.5,19,0
2026-01-16T21:21:54.282382,172.20.10.5,20,0
2026-01-16T21:21:54.282382,172.20.10.5,21,0
2026-01-16T21:21:54.282382,172.20.10.5,22,0
2026-01-16T21:21:54.282382,172.20.10.5,23,0
2026-01-16T21:21:54.282382,172.20.10.5,0,0
2026-01-16T21:21:54.282382,172.20.10.5,1,0
2026-01-16T21:21:54.282382,172.20.10.5,2,0
2026-01-16T21:21:54.282382,172.20.10.5,3,0
2026-01-16T21:21:54.282382,172.20.10.5,4,0
2026-01-16T21:21:54.282382,172.20.10.5,5,0
2026-01-16T21:21:54.282382,172.20.10.5,6,0
2026-01-16T21:21:54.282382,172.20.10.5,7,0
2026-01-16T21:21:54.282382,172.20.10.5,8,0.298091
2026-01-16T21:21:54.282382,172.20.10.5,9,0
2026-01-16T21:21:54.282382,172.20.10.5,10,0
2026-01-16T21:21:54.282382,172.20.10.5,11,0
2026-01-16T21:21:54.282382,172.20.10.5,12,0
2026-01-16T21:21:54.282382,172.20.10.5,13,0
2026-01-16T21:21:54.282382,172.20.10.5,14,0
2026-01-16T21:21:54.282382,172.20.10.5,15,0
2026-01-16T21:21:54.282382,172.20.10.5,16,0
2026-01-16T21:21:54.282382,172.20.10.5,17,0
2026-01-16T21:21:54.282382,172.20.10.5,18,0
2026-01-16T21:21:54.282382,172.20.10.5,19,0
2026-01-16T21:21:54.282382,172.20.10.5,20,0
2026-01-16T21:21:54.282382,172.20.10.5,21,0
2026-01-16T21:21:54.282382,172.20.10.5,22,0
2026-01-16T21:21:54.282382,172.20.10.5,23,0
2026-01-16T21:21:54.282382,172.20.10.5,0,0
2026-01-16T21:21:54.282382,172.20.10.5,1,0
2026-01-16T21:21:54.282382,172.20.10.5,2,0
2026-01-16T21:21:54.282382,172.20.10.5,3,0
2026-01-16T21:21:54.282382,172.20.10.5,4,0
2026-01-16T21:21:54.282382,172.20.10.5,5,0
2026-01-16T21:21:54.282382,172.20.10.5,6,0
2026-01-16T21:21:54.282382,172.20.10.5,7,0
2026-01-16T21:21:54.282382,172.20.10.5,8,0.298091
2026-01-16T21:21:54.282382,172.20.10.5,9,0
2026-01-16T21:21:54.282382,172.20.10.5,10,0
2026-01-16T21:21:54.282382,172.20.10.5,11,0
2026-01-16T21:21:54.282382,172.20.10.5,12,0
2026-01-16T21:21:54.282382,172.20.10.5,13,0
2026-01-16T21:21:54.282382,172.20.10.5,14,0
2026-01-16T21:21:54.282382,172.20.10.5,15,0
2026-01-16T21:21:54.282382,172.20.10.5,16,0
2026-01-16T21:21:54.282382,172.20.10.5,17,0
2026-01-16T21:21:54.282382,172.20.10.5,18,0
2026-01-16T21:21:54.282382,172.20.10.5,19,0
2026-01-16T21:21:54.282382,172.20.10.5,20,0
2026-01-16T21:21:54.282382,172.20.10.5,21,0
2026-01-16T21:21:54.282382,172.20.10.5,22,0
2026-01-16T21:21:54.282382,172.20.10.5,23,0
2026-01-16T21:21:54.282382,172.20.10.5,0,0
2026-01-16T21:21:54.282382,172.20.10.5,1,0
2026-01-16T21:21:54.282382,172.20.10.5,2,0
2026-01-16T21:21:54.282382,172.20.10.5,3,0
2026-01-16T21:21:54.282382,172.20.10.5,4,0
2026-01-16T21:21:54.282382,172.20.10.5,5,0
2026-01-16T21:21:54.282382,172.20.10.5,6,0
2026-01-16T21:21:54.282382,172.20.10.5,7,0
2026-01-16T21:21:54.282382,172.20.10.5,8,0.298091
2026-01-16T21:21:54.282382,172.20.10.5,9,0
2026-01-16T21:21:54.282382,172.20.10.5,10,0
2026-01-16T21:21:54.282382,172.20.10.5,11,0
2026-01-16T21:21:54.282382,172.20.10.5,12,0
2026-01-16T21:21:54.282382,172.20.10.5,13,0
2026-01-16T21:21:54.282382,172.20.10.5,14,0
2026-01-16T21:21:54.282382,172.20.10.5,15,0
2026-01-16T21:21:54.282382,172.20.10.5,16,0
2026-01-16T21:21:54.282382,172.20.10.5,17,0
2026-01-16T21:21:54.282382,172.20.10.5,18,0
2026-01-16T21:21:54.282382,172.20.10.5,19,0
2026-01-16T21:21:54.282382,172.20.10.5,20,0
2026-01-16T21:21:54.282382,172.20.10.5,21,0
2026-01-16T21:21:54.282382,172.20.10.5,22,0
2026-01-16T21:21:54.282382,172.20.10.5,23,0
2026-01-16T21:21:54.282382,172.20.10.5,0,0
2026-01-16T21:21:54.282382,172.20.10.5,1,0
2026-01-16T21:21:54.282382,172.20.10.5,2,0
2026-01-16T21:21:54.282382,172.20.10.5,3,0
2026-01-16T21:21:54.282382,172.20.10.5,4,0
2026-01-16T21:21:54.282382,172.20.10.5,5,0
2026-01-16T21:21:54.282382,172.20.10.5,6,0
2026-01-16T21:21:54.282382,172.20.10.5,7,0
2026-01-16T21:21:54.282382,172.20.10.5,8,0.298091
2026-01-16T21:21:54.282382,172.20.10.5,9,0
2026-01-16T21:21:54.282382,172.20.10.5,10,0
2026-01-16T21:21:54.282382,172.20.10.5,11,0
2026-01-16T21:21:54.282382,172.20.10.5,12,0
2026-01-16T21:21:54.282382,172.20.10.5,13,0
2026-01-16T21:21:54.282382,172.20.10.5,14,0
2026-01-16T21:21:54.282382,172.20.10.5,15,0
2026-01-16T21:21:54.282382,172.20.10.5,16,0
2026-01-16T21:21:54.282382,172.20.10.5,17,0
2026-01-16T21:21:54.282382,172.20.10.5,18,0
2026-01-16T21:21:54.282382,172.20.10.5,19,0
2026-01-16T21:21:54.282382,172.20.10.5,20,0
2026-01-16T21:21:54.282382,172.20.10.5,21,0
2026-01-16T21:21:54.282382,172.20.10.5,22,0
2026-01-16T21:21:54.282382,172.20.10.5,23,0
2026-01-16T21:21:54.282382,172.20.10.5,0,0
2026-01-16T21:21:54.282382,172.20.10.5,1,0
2026-01-16T21:21:54.282382,172.20.10.5,2,0
2026-01-16T21:21:54.282382,172.20.10.5,3,0
2026-01-16T21:21:54.282382,172.20.10.5,4,0
2026-01-16T21:21:54.282382,172.20.10.5,5,0
2026-01-16T21:21:54.282382,172.20.10.5,6,0
2026-01-16T21:21:54.282382,172.20.10.5,7,0
2026-01-16T21:21:54.282382,172.20.10.5,8,0.298091
2026-01-16T21:21:54.282382,172.20.10.5,9,0
2026-01-16T21:21:54.282382,172.20.10.5,10,0
2026-01-16T21:21:54.282382,172.20.10.5,11,0
2026-01-16T21:21:54.282382,172.20.10.5,12,0
2026-01-16T21:21:54.282382,172.20.10.5,13,0
2026-01-16T21:21:54.282382,172.20.10.5,14,0
2026-01-16T21:21:54.282382,172.20.10.5,15,0
2026-01-16T21:21:54.282382,172.20.10.5,16,0
2026-01-16T21:21:54.282382,172.20.10.5,17,0
2026-01-16T21:21:54.282382,172.20.10.5,18,0
2026-01-16T21:21:54.282382,172.20.10.5,19,0
2026-01-16T21:21:54.282382,172.20.10.5,20,0
2026-01-16T21:21:54.282382,172.20.10.5,21,0
2026-01-16T21:21:54.282382,172.20.10.5,22,0
2026-01-16T21:21:54.282382,172.20.10.5,23,0
2026-01-16T21:21:54.282382,172.20.10.5,0,0
2026-01-16T21:21:54.282382,172.20.10.5,1,0
2026-01-16T21:21:54.282382,172.20.10.5,2,0
2026-01-16T21:21:54.282382,172.20.10.5,3,0
2026-01-16T21:21:54.282382,172.20.10.5,4,0
2026-01-16T21:21:54.282382,172.20.10.5,5,0
2026-01-16T21:21:54.282382,172.20.10.5,6,0
2026-01-16T21:21:54.282382,172.20.10.5,7,0
2026-01-16T21:21:54.282382,172.20.10.5,8,0.298091
2026-01-16T21:21:54.282382,172.20.10.5,9,0
2026-01-16T21:21:54.282382,172.20.10.5,10,0
2026-01-16T21:21:54.282382,172.20.10.5,11,0
2026-01-16T21:21:54.282382,172.20.10.5,12,0
2026-01-16T21:21:54.282382,172.20.10.5,13,0
2026-01-16T21:21:54.282382,172.20.10.5,14,0
2026-01-16T21:21:54.282382,172.20.10.5,15,0
2026-01-16T21:21:54.282382,172.20.10.5,16,0
2026-01-16T21:21:54.282382,172.20.10.5,17,0
2026-01-16T21:21:54.282382,172.20.10.5,18,0
2026-01-16T21:21:54.282382,172.20.10.5,19,0
2026-01-16T21:21:54.282382,172.20.10.5,20,0
2026-01-16T21:21:54.282382,172.20.10.5,21,0
2026-01-16T21:21:54.282382,172.20.10.5,22,0
2026-01-16T21:21:54.282382,172.20.10.5,23,0
2026-01-16T21:21:54.282382,172.20.10.5,0,0
2026-01-16T21:21:54.282382,172.20.10.5,1,0
2026-01-16T21:21:54.282382,172.20.10.5,2,0
2026-01-16T21:21:54.282382,172.20.10.5,3,0
2026-01-16T21:21:54.282382,172.20.10.5,4,0
2026-01-16T21:21:54.282382,172.20.10.5,5,0
2026-01-16T21:21:54.282382,172.20.10.5,6,0
2026-01-16T21:21:54.282382,172.20.10.5,7,0
2026-01-16T21:21:54.282382,172.20.10.5,8,0.298091
2026-01-16T21:21:54.282382,172.20.10.5,9,0
2026-01-16T21:21:54.282382,172.20.10.5,10,0
2026-01-16T21:21:54.282382,172.20.10.5,11,0
2026-01-16T21:21:54.282382,172.20.10.5,12,0
2026-01-16T21:21:54.282382,172.20.10.5,13,0
2026-01-16T21:21:54.282382,172.20.10.5,14,0
2026-01-16T21:21:54.282382,172.20.10.5,15,0
2026-01-16T21:21:54.282382,172.20.10.5,16,0
2026-01-16T21:21:54.282382,172.20.10.5,17,0
2026-01-16T21:21:54.282382,172.20.10.5,18,0
2026-01-16T21:21:54.282382,172.20.10.5,19,0
2026-01-16T21:21:54.282382,172.20.10.5,20,0
2026-01-16T21:21:54.282382,172.20.10.5,21,0
2026-01-16T21:21:54.282382,172.20.10.5,22,0
2026-01-16T21:21:54.282382,172.20.10.5,23,0
2026-01-16T21:21:54.282382,172.20.10.5,0,0
2026-01-16T21:21:54.282382,172.20.10.5,1,0
2026-01-16T21:21:54.282382,172.20.10.5,2,0
2026-01-16T21:21:54.282382,172.20.10.5,3,0
2026-01-16T21:21:54.282382,172.20.10.5,4,0
2026-01-16T21:21:54.282382,172.20.10.5,5,0
2026-01-16T21:21:54.282382,172.20.10.5,6,0
2026-01-16T21:21:54.282382,172.20.10.5,7,0
2026-01-16T21:21:54.282382,172.20.10.5,8,0.298091
2026-01-16T21:21:54.282382,172.20.10.5,9,0
2026-01-16T21:21:54.282382,172.20.10.5,10,0
2026-01-16T21:21:54.282382,172.20.10.5,11,0
2026-01-16T21:21:54.282382,172.20.10.5,12,0
2026-01-16T21:21:54.282382,172.20.10.5,13,0
2026-01-16T21:21:54.282382,172.20.10.5,14,0
2026-01-16T21:21:54.282382,172.20.10.5,15,0
2026-01-16T21:21:54.282382,172.20.10.5,16,0
2026-01-16T21:21:54.282382,172.20.10.5,17,0
2026-01-16T21:21:54.282382,172.20.10.5,18,0
2026-01-16T21:21:54.282382,172.20.10.5,19,0
2026-01-16T21:21:54.282382,172.20.10.5,20,0
2026-01-16T21:21:54.282382,172.20.10.5,21,0
2026-01-16T21:21:54.282382,172.20.10.5,22,0
2026-01-16T21:21:54.282382,172.20.10.5,23,0
2026-01-16T21:21:54.282382,172.20.10.5,0,0
2026-01-16T21:21:54.282382,172.20.10.5,1,0
2026-01-16T21:21:54.282382,172.20.10.5,2,0
2026-01-16T21:21:54.282382,172.20.10.5,3,0
2026-01-16T21:21:54.282382,172.20.10.5,4,0
2026-01-16T21:21:54.282382,172.20.10.5,5,0
2026-01-16T21:21:54.282382,172.20.10.5,6,0
2026-01-16T21:21:54.282382,172.20.10.5,7,0
2026-01-16T21:21:54.282382,172.20.10.5,8,0.298091
2026-01-16T21:21:54.282382,172.20.10.5,9,0
2026-01-16T21:21:54.282382,172.20.10.5,10,0
2026-01-16T21:21:54.282382,172.20.10.5,11,0
2026-01-16T21:21:54.282382,172.20.10.5,12,0
2026-01-16T21:21:54.282382,172.20.10.5,13,0
2026-01-16T21:21:54.282382,172.20.10.5,14,0
2026-01-16T21:21:54.282382,172.20.10.5,15,0
2026-01-16T21:21:54.282382,172.20.10.5,16,0
2026-01-16T21:21:54.282382,172.20.10.5,17,0
2026-01-16T21:21:54.282382,172.20.10.5,18,0
2026-01-16T21:21:54.282382,172.20.10.5,19,0
2026-01-16T21:21:54.282382,172.20.10.5,20,0
2026-01-16T21:21:54.282382,172.20.10.5,21,0
2026-01-16T21:21:54.282382,172.20.10.5,22,0
2026-01-16T21:21:54.282382,172.20.10.5,23,0
2026-01-16T21:21:54.282382,172.20.10.5,0,0
2026-01-16T21:21:54.282382,172.20.10.5,1,0
2026-01-16T21:21:54.282382,172.20.10.5,2,0
2026-01-16T21:21:54.282382,172.20.10.5,3,0
2026-01-16T21:21:54.282382,172.20.10.5,4,0
2026-01-16T21:21:54.282382,172.20.10.5,5,0
2026-01-16T21:21:54.282382,172.20.10.5,6,0
2026-01-16T21:21:54.282382,172.20.10.5,7,0
2026-01-16T21:21:54.282382,172.20.10.5,8,0.290744
2026-01-16T21:21:54.282382,172.20.10.5,9,0
2026-01-16T21:21:54.282382,172.20.10.5,10,0
2026-01-16T21:21:54.282382,172.20.10.5,11,0
2026-01-16T21:21:54.282382,172.20.10.5,12,0
2026-01-16T21:21:54.282382,172.20.10.5,13,0
2026-01-16T21:21:54.282382,172.20.10.5,14,0
2026-01-16T21:21:54.282382,172.20.10.5,15,0
2026-01-16T21:21:54.282382,172.20.10.5,16,0
2026-01-16T21:21:54.282382,172.20.10.5,17,0
2026-01-16T21:21:54.282382,172.20.10.5,18,0
2026-01-16T21:21:54.282382,172.20.10.5,19,0
2026-01-16T21:21:54.282382,172.20.10.5,20,0
2026-01-16T21:21:54.282382,172.20.10.5,21,0
2026-01-16T21:21:54.282382,172.20.10.5,22,0
2026-01-16T21:21:54.282382,172.20.10.5,23,0
2026-01-16T21:21:54.282382,172.20.10.5,0,0
2026-01-16T21:21:54.282382,172.20.10.5,1,0
2026-01-16T21:21:54.282382,172.20.10.5,2,0
2026-01-16T21:21:54.282382,172.20.10.5,3,0
2026-01-16T21:21:54.282382,172.20.10.5,4,0
2026-01-16T21:21:54.282382,172.20.10.5,5,0
2026-01-16T21:21:54.282382,172.20.10.5,6,0
2026-01-16T21:21:54.282382,172.20.10.5,7,0
2026-01-16T21:21:54.282382,172.20.10.5,8,0.298091
2026-01-16T21:21:54.282382,172.20.10.5,9,0
2026-01-16T21:21:54.282382,172.20.10.5,10,0
2026-01-16T21:21:54.282382,172.20.10.5,11,0
2026-01-16T21:21:54.282382,172.20.10.5,12,0
2026-01-16T21:21:54.282382,172.20.10.5,13,0
2026-01-16T21:21:54.282382,172.20.10.5,14,0
2026-01-16T21:21:54.282382,172.20.10.5,15,0
2026-01-16T21:21:54.282382,172.20.10.5,16,0
2026-01-16T21:21:54.282382,172.20.10.5,17,0
2026-01-16T21:21:54.282382,172.20.10.5,18,0
2026-01-16T21:21:54.282382,172.20.10.5,19,0
2026-01-16T21:21:54.282382,172.20.10.5,20,0
2026-01-16T21:21:54.282382,172.20.10.5,21,0
2026-01-16T21:21:54.282382,172.20.10.5,22,0
2026-01-16T21:21:54.282382,172.20.10.5,23,0
2026-01-16T21:21:54.282382,172.20.10.5,0,0
2026-01-16T21:21:54.282382,172.20.10.5,1,0
2026-01-16T21:21:54.282382,172.20.10.5,2,0
2026-01-16T21:21:54.282382,172.20.10.5,3,0
2026-01-16T21:21:54.282382,172.20.10.5,4,0
2026-01-16T21:21:54.282382,172.20.10.5,5,0
2026-01-16T21:21:54.282382,172.20.10.5,6,0
2026-01-16T21:21:54.282382,172.20.10.5,7,0
2026-01-16T21:21:54.282382,172.20.10.5,8,0.298091
2026-01-16T21:21:54.282382,172.20.10.5,9,0
2026-01-16T21:21:54.282382,172.20.10.5,10,0
2026-01-16T21:21:54.282382,172.20.10.5,11,0
2026-01-16T21:21:54.282382,172.20.10.5,12,0
2026-01-16T21:21:54.282382,172.20.10.5,13,0
2026-01-16T21:21:54.282382,172.20.10.5,14,0
2026-01-16T21:21:54.282382,172.20.10.5,15,0
2026-01-16T21:21:54.282382,172.20.10.5,16,0
2026-01-16T21:21:54.282382,172.20.10.5,17,0
2026-01-16T21:21:54.282382,172.20.10.5,18,0
2026-01-16T21:21:54.282382,172.20.10.5,19,0
2026-01-16T21:21:54.282382,172.20.10.5,20,0
2026-01-16T21:21:54.282382,172.20.10.5,21,0
2026-01-16T21:21:54.282382,172.20.10.5,22,0
2026-01-16T21:21:54.282382,172.20.10.5,23,0
2026-01-16T21:21:54.282382,172.20.10.5,0,0
2026-01-16T21:21:54.282382,172.20.10.5,1,0
2026-01-16T21:21:54.282382,172.20.10.5,2,0
2026-01-16T21:21:54.282382,172.20.10.5,3,0
2026-01-16T21:21:54.282382,172.20.10.5,4,0
2026-01-16T21:21:54.282382,172.20.10.5,5,0
2026-01-16T21:21:54.282382,172.20.10.5,6,0
2026-01-16T21:21:54.282382,172.20.10.5,7,0
2026-01-16T21:21:54.282382,172.20.10.5,8,0.298091
2026-01-16T21:21:54.282382,172.20.10.5,9,0
2026-01-16T21:21:54.282382,172.20.10.5,10,0
2026-01-16T21:21:54.282382,172.20.10.5,11,0
2026-01-16T21:21:54.282382,172.20.10.5,12,0
2026-01-16T21:21:54.282382,172.20.10.5,13,0
2026-01-16T21:21:54.282382,172.20.10.5,14,0
2026-01-16T21:21:54.282382,172.20.10.5,15,0
2026-01-16T21:21:54.282382,172.20.10.5,16,0
2026-01-16T21:21:54.282382,172.20.10.5,17,0
2026-01-16T21:21:54.282382,172.20.10.5,18,0
2026-01-16T21:21:54.282382,172.20.10.5,19,0
2026-01-16T21:21:54.282382,172.20.10.5,20,0
2026-01-16T21:21:54.282382,172.20.10.5,21,0
2026-01-16T21:21:54.282382,172.20.10.5,22,0
2026-01-16T21:21:54.282382,172.20.10.5,23,0
2026-01-16T21:21:54.282382,172.20.10.5,0,0
2026-01-16T21:21:54.282382,172.20.10.5,1,0
2026-01-16T21:21:54.282382,172.20.10.5,2,0
2026-01-16T21:21:54.282382,172.20.10.5,3,0
2026-01-16T21:21:54.282382,172.20.10.5,4,0
2026-01-16T21:21:54.282382,172.20.10.5,5,0
2026-01-16T21:21:54.282382,172.20.10.5,6,0
2026-01-16T21:21:54.282382,172.20.10.5,7,0
2026-01-16T21:21:54.282382,172.20.10.5,8,0.298091
2026-01-16T21:21:54.282382,172.20.10.5,9,0
2026-01-16T21:21:54.282382,172.20.10.5,10,0
2026-01-16T21:21:54.282382,172.20.10.5,11,0
2026-01-16T21:21:54.282382,172.20.10.5,12,0
2026-01-16T21:21:54.282382,172.20.10.5,13,0
2026-01-16T21:21:54.282382,172.20.10.5,14,0
2026-01-16T21:21:54.282382,172.20.10.5,15,0
2026-01-16T21:21:54.282382,172.20.10.5,16,0
2026-01-16T21:21:54.282382,172.20.10.5,17,0
2026-01-16T21:21:54.282382,172.20.10.5,18,0
2026-01-16T21:21:54.282382,172.20.10.5,19,0
2026-01-16T21:21:54.282382,172.20.10.5,20,0
2026-01-16T21:21:54.282382,172.20.10.5,21,0
2026-01-16T21:21:54.282382,172.20.10.5,22,0
2026-01-16T21:21:54.282382,172.20.10.5,23,0
2026-01-16T21:21:54.282382,172.20.10.5,0,0
2026-01-16T21:21:54.282382,172.20.10.5,1,0
2026-01-16T21:21:54.282382,172.20.10.5,2,0
2026-01-16T21:21:54.282382,172.20.10.5,3,0
2026-01-16T21:21:54.282382,172.20.10.5,4,0
2026-01-16T21:21:54.282382,172.20.10.5,5,0
2026-01-16T21:21:54.282382,172.20.10.5,6,0
2026-01-16T21:21:54.282382,172.20.10.5,7,0
2026-01-16T21:21:54.282382,172.20.10.5,8,0.298091
2026-01-16T21:21:54.282382,172.20.10.5,9,0
2026-01-16T21:21:54.282382,172.20.10.5,10,0
2026-01-16T21:21:54.282382,172.20.10.5,11,0
2026-01-16T21:21:54.282382,172.20.10.5,12,0
2026-01-16T21:21:54.282382,172.20.10.5,13,0
2026-01-16T21:21:54.282382,172.20.10.5,14,0
2026-01-16T21:21:54.282382,172.20.10.5,15,0
2026-01-16T21:21:54.282382,172.20.10.5,16,0
2026-01-16T21:21:54.282382,172.20.10.5,17,0
2026-01-16T21:21:54.282382,172.20.10.5,18,0
2026-01-16T21:21:54.282382,172.20.10.5,19,0
2026-01-16T21:21:54.282382,172.20.10.5,20,0
2026-01-16T21:21:54.282382,172.20.10.5,21,0
2026-01-16T21:21:54.282382,172.20.10.5,22,0
2026-01-16T21:21:54.282382,172.20.10.5,23,0
2026-01-16T21:21:54.282382,172.20.10.5,0,0
2026-01-16T21:21:54.282382,172.20.10.5,1,0
2026-01-16T21:21:54.282382,172.20.10.5,2,0
2026-01-16T21:21:54.282382,172.20.10.5,3,0
2026-01-16T21:21:54.282382,172.20.10.5,4,0
2026-01-16T21:21:54.282382,172.20.10.5,5,0
2026-01-16T21:21:54.282382,172.20.10.5,6,0
2026-01-16T21:21:54.282382,172.20.10.5,7,0
2026-01-16T21:21:54.282382,172.20.10.5,8,0.298091
2026-01-16T21:21:54.282382,172.20.10.5,9,0
2026-01-16T21:21:54.282382,172.20.10.5,10,0
2026-01-16T21:21:54.282382,172.20.10.5,11,0
2026-01-16T21:21:54.282382,172.20.10.5,12,0
2026-01-16T21:21:54.282382,172.20.10.5,13,0
2026-01-16T21:21:54.282382,172.20.10.5,14,0
2026-01-16T21:21:54.282382,172.20.10.5,15,0
2026-01-16T21:21:54.282382,172.20.10.5,16,0
2026-01-16T21:21:54.282382,172.20.10.5,17,0
2026-01-16T21:21:54.282382,172.20.10.5,18,0
2026-01-16T21:21:54.282382,172.20.10.5,19,0
2026-01-16T21:21:54.282382,172.20.10.5,20,0
2026-01-16T21:21:54.282382,172.20.10.5,21,0
2026-01-16T21:21:54.282382,172.20.10.5,22,0
2026-01-16T21:21:54.282382,172.20.10.5,23,0
2026-01-16T21:21:54.282382,172.20.10.5,0,0
2026-01-16T21:21:54.282382,172.20.10.5,1,0
2026-01-16T21:21:54.282382,172.20.10.5,2,0
2026-01-16T21:21:54.282382,172.20.10.5,3,0
2026-01-16T21:21:54.282382,172.20.10.5,4,0
2026-01-16T21:21:54.282382,172.20.10.5,5,0
2026-01-16T21:21:54.282382,172.20.10.5,6,0
2026-01-16T21:21:54.282382,172.20.10.5,7,0
2026-01-16T21:21:54.282382,172.20.10.5,8,0.298091
2026-01-16T21:21:54.282382,172.20.10.5,9,0
2026-01-16T21:21:54.282382,172.20.10.5,10,0
2026-01-16T21:21:54.282382,172.20.10.5,11,0
2026-01-16T21:21:54.282382,172.20.10.5,12,0
2026-01-16T21:21:54.282382,172.20.10.5,13,0
2026-01-16T21:21:54.282382,172.20.10.5,14,0
2026-01-16T21:21:54.282382,172.20.10.5,15,0
2026-01-16T21:21:54.282382,172.20.10.5,16,0
2026-01-16T21:21:54.282382,172.20.10.5,17,0
2026-01-16T21:21:54.282382,172.20.10.5,18,0
2026-01-16T21:21:54.282382,172.20.10.5,19,0
2026-01-16T21:21:54.282382,172.20.10.5,20,0
2026-01-16T21:21:54.282382,172.20.10.5,21,0
2026-01-16T21:21:54.282382,172.20.10.5,22,0
2026-01-16T21:21:54.282382,172.20.10.5,23,0
2026-01-16T21:21:54.282382,172.20.10.5,0,0
2026-01-16T21:21:54.282382,172.20.10.5,1,0
2026-01-16T21:21:54.282382,172.20.10.5,2,0
2026-01-16T21:21:54.282382,172.20.10.5,3,0
2026-01-16T21:21:54.282382,172.20.10.5,4,0
2026-01-16T21:21:54.282382,172.20.10.5,5,0
2026-01-16T21:21:54.282382,172.20.10.5,6,0
2026-01-16T21:21:54.282382,172.20.10.5,7,0
2026-01-16T21:21:54.282382,172.20.10.5,8,0.298091
2026-01-16T21:21:54.282382,172.20.10.5,9,0
2026-01-16T21:21:54.282382,172.20.10.5,10,0
2026-01-16T21:21:54.282382,172.20.10.5,11,0
2026-01-16T21:21:54.282382,172.20.10.5,12,0
2026-01-16T21:21:54.282382,172.20.10.5,13,0
2026-01-16T21:21:54.282382,172.20.10.5,14,0
2026-01-16T21:21:54.282382,172.20.10.5,15,0
2026-01-16T21:21:54.282382,172.20.10.5,16,0
2026-01-16T21:21:54.282382,172.20.10.5,17,0
2026-01-16T21:21:54.282382,172.20.10.5,18,0
2026-01-16T21:21:54.282382,172.20.10.5,19,0
2026-01-16T21:21:54.282382,172.20.10.5,20,0
2026-01-16T21:21:54.282382,172.20.10.5,21,0
2026-01-16T21:21:54.282382,172.20.10.5,22,0
2026-01-16T21:21:54.282382,172.20.10.5,23,0
2026-01-16T21:21:54.282382,172.20.10.5,0,0
2026-01-16T21:21:54.282382,172.20.10.5,1,0
2026-01-16T21:21:54.282382,172.20.10.5,2,0
2026-01-16T21:21:54.282382,172.20.10.5,3,0
2026-01-16T21:21:54.282382,172.20.10.5,4,0
2026-01-16T21:21:54.282382,172.20.10.5,5,0
2026-01-16T21:21:54.282382,172.20.10.5,6,0
2026-01-16T21:21:54.282382,172.20.10.5,7,0
2026-01-16T21:21:54.282382,172.20.10.5,8,0.298091
2026-01-16T21:21:54.282382,172.20.10.5,9,0
2026-01-16T21:21:54.282382,172.20.10.5,10,0
2026-01-16T21:21:54.282382,172.20.10.5,11,0
2026-01-16T21:21:54.282382,172.20.10.5,12,0
2026-01-16T21:21:54.282382,172.20.10.5,13,0
2026-01-16T21:21:54.282382,172.20.10.5,14,0
2026-01-16T21:21:54.282382,172.20.10.5,15,0
2026-01-16T21:21:54.282382,172.20.10.5,16,0
2026-01-16T21:21:54.282382,172.20.10.5,17,0
2026-01-16T21:21:54.282382,172.20.10.5,18,0
2026-01-16T21:21:54.282382,172.20.10.5,19,0
2026-01-16T21:21:54.282382,172.20.10.5,20,0
2026-01-16T21:21:54.282382,172.20.10.5,21,0
2026-01-16T21:21:54.282382,172.20.10.5,22,0
2026-01-16T21:21:54.282382,172.20.10.5,23,0
2026-01-16T21:21:54.282382,172.20.10.5,0,0
2026-01-16T21:21:54.282382,172.20.10.5,1,0
2026-01-16T21:21:54.282382,172.20.10.5,2,0
2026-01-16T21:21:54.282382,172.20.10.5,3,0
2026-01-16T21:21:54.282382,172.20.10.5,4,0
2026-01-16T21:21:54.282382,172.20.10.5,5,0
2026-01-16T21:21:54.282382,172.20.10.5,6,0
2026-01-16T21:21:54.282382,172.20.10.5,7,0
2026-01-16T21:21:54.282382,172.20.10.5,8,0.298091
2026-01-16T21:21:54.282382,172.20.10.5,9,0
2026-01-16T21:21:54.282382,172.20.10.5,10,0
2026-01-16T21:21:54.282382,172.20.10.5,11,0
2026-01-16T21:21:54.282382,172.20.10.5,12,0
2026-01-16T21:21:54.282382,172.20.10.5,13,0
2026-01-16T21:21:54.282382,172.20.10.5,14,0
2026-01-16T21:21:54.282382,172.20.10.5,15,0
2026-01-16T21:21:54.282382,172.20.10.5,16,0
2026-01-16T21:21:54.282382,172.20.10.5,17,0
2026-01-16T21:21:54.282382,172.20.10.5,18,0
2026-01-16T21:21:54.282382,172.20.10.5,19,0
2026-01-16T21:21:54.282382,172.20.10.5,20,0
2026-01-16T21:21:54.282382,172.20.10.5,21,0
2026-01-16T21:21:54.282382,172.20.10.5,22,0
2026-01-16T21:21:54.282382,172.20.10.5,23,0
2026-01-16T21:21:54.282382,172.20.10.5,0,0
2026-01-16T21:21:54.282382,172.20.10.5,1,0
2026-01-16T21:21:54.282382,172.20.10.5,2,0
2026-01-16T21:21:54.282382,172.20.10.5,3,0
2026-01-16T21:21:54.282382,172.20.10.5,4,0
2026-01-16T21:21:54.282382,172.20.10.5,5,0
2026-01-16T21:21:54.282382,172.20.10.5,6,0
2026-01-16T21:21:54.282382,172.20.10.5,7,0
2026-01-16T21:21:54.282382,172.20.10.5,8,0.298091
2026-01-16T21:21:54.282382,172.20.10.5,9,0
2026-01-16T21:21:54.282382,172.20.10.5,10,0
2026-01-16T21:21:54.282382,172.20.10.5,11,0
2026-01-16T21:21:54.282382,172.20.10.5,12,0
2026-01-16T21:21:54.282382,172.20.10.5,13,0
2026-01-16T21:21:54.282382,172.20.10.5,14,0
2026-01-16T21:21:54.282382,172.20.10.5,15,0
2026-01-16T21:21:54.282382,172.20.10.5,16,0
2026-01-16T21:21:54.282382,172.20.10.5,17,0
2026-01-16T21:21:54.282382,172.20.10.5,18,0
2026-01-16T21:21:54.282382,172.20.10.5,19,0
2026-01-16T21:21:54.282382,172.20.10.5,20,0
2026-01-16T21:21:54.282382,172.20.10.5,21,0
2026-01-16T21:21:54.282382,172.20.10.5,22,0
2026-01-16T21:21:54.282382,172.20.10.5,23,0
2026-01-16T21:21:54.282382,172.20.10.5,0,0
2026-01-16T21:21:54.282382,172.20.10.5,1,0
2026-01-16T21:21:54.282382,172.20.10.5,2,0
2026-01-16T21:21:54.282382,172.20.10.5,3,0
2026-01-16T21:21:54.282382,172.20.10.5,4,0
2026-01-16T21:21:54.282382,172.20.10.5,5,0
2026-01-16T21:21:54.282382,172.20.10.5,6,0
2026-01-16T21:21:54.282382,172.20.10.5,7,0
2026-01-16T21:21:54.282382,172.20.10.5,8,0.298091
2026-01-16T21:21:54.282382,172.20.10.5,9,0
2026-01-16T21:21:54.282382,172.20.10.5,10,0
2026-01-16T21:21:54.282382,172.20.10.5,11,0
2026-01-16T21:21:54.282382,172.20.10.5,12,0
2026-01-16T21:21:54.282382,172.20.10.5,13,0
2026-01-16T21:21:54.282382,172.20.10.5,14,0
2026-01-16T21:21:54.282382,172.20.10.5,15,0
2026-01-16T21:21:54.282382,172.20.10.5,16,0
2026-01-16T21:21:54.282382,172.20.10.5,17,0
2026-01-16T21:21:54.282382,172.20.10.5,18,0
2026-01-16T21:21:54.282382,172.20.10.5,19,0
2026-01-16T21:21:54.282382,172.20.10.5,20,0
2026-01-16T21:21:54.282382,172.20.10.5,21,0
2026-01-16T21:21:54.282382,172.20.10.5,22,0
2026-01-16T21:21:54.282382,172.20.10.5,23,0
2026-01-16T21:21:54.282382,172.20.10.5,0,0
2026-01-16T21:21:54.282382,172.20.10.5,1,0
2026-01-16T21:21:54.282382,172.20.10.5,2,0
2026-01-16T21:21:54.282382,172.20.10.5,3,0
2026-01-16T21:21:54.282382,172.20.10.5,4,0
2026-01-16T21:21:54.282382,172.20.10.5,5,0
2026-01-16T21:21:54.282382,172.20.10.5,6,0
2026-01-16T21:21:54.282382,172.20.10.5,7,0
2026-01-16T21:21:54.282382,172.20.10.5,8,0.298091
2026-01-16T21:21:54.282382,172.20.10.5,9,0
2026-01-16T21:21:54.282382,172.20.10.5,10,0
2026-01-16T21:21:54.282382,172.20.10.5,11,0
2026-01-16T21:21:54.282382,172.20.10.5,12,0
2026-01-16T21:21:54.282382,172.20.10.5,13,0
2026-01-16T21:21:54.282382,172.20.10.5,14,0
2026-01-16T21:21:54.282382,172.20.10.5,15,0
2026-01-16T21:21:54.282382,172.20.10.5,16,0
2026-01-16T21:21:54.282382,172.20.10.5,17,0
2026-01-16T21:21:54.282382,172.20.10.5,18,0
2026-01-16T21:21:54.282382,172.20.10.5,19,0
2026-01-16T21:21:54.282382,172.20.10.5,20,0
2026-01-16T21:21:54.282382,172.20.10.5,21,0
2026-01-16T21:21:54.282382,172.20.10.5,22,0
2026-01-16T21:21:54.282382,172.20.10.5,23,0
2026-01-16T21:21:54.282382,172.20.10.5,0,0
2026-01-16T21:21:54.282382,172.20.10.5,1,0
2026-01-16T21:21:54.282382,172.20.10.5,2,0
2026-01-16T21:21:54.282382,172.20.10.5,3,0
2026-01-16T21:21:54.282382,172.20.10.5,4,0
2026-01-16T21:21:54.282382,172.20.10.5,5,0
2026-01-16T21:21:54.282382,172.20.10.5,6,0
2026-01-16T21:21:54.282382,172.20.10.5,7,0
2026-01-16T21:21:54.282382,172.20.10.5,8,0.298091
2026-01-16T21:21:54.282382,172.20.10.5,9,0
2026-01-16T21:21:54.282382,172.20.10.5,10,0
2026-01-16T21:21:54.282382,172.20.10.5,11,0
2026-01-16T21:21:54.282382,172.20.10.5,12,0
2026-01-16T21:21:54.282382,172.20.10.5,13,0
2026-01-16T21:21:54.282382,172.20.10.5,14,0
2026-01-16T21:21:54.282382,172.20.10.5,15,0
2026-01-16T21:21:54.282382,172.20.10.5,16,0
2026-01-16T21:21:54.282382,172.20.10.5,17,0
2026-01-16T21:21:54.282382,172.20.10.5,18,0
2026-01-16T21:21:54.282382,172.20.10.5,19,0
2026-01-16T21:21:54.282382,172.20.10.5,20,0
2026-01-16T21:21:54.282382,172.20.10.5,21,0
2026-01-16T21:21:54.282382,172.20.10.5,22,0
2026-01-16T21:21:54.282382,172.20.10.5,23,0
2026-01-16T21:21:54.282382,172.20.10.5,0,0
2026-01-16T21:21:54.282382,172.20.10.5,1,0
2026-01-16T21:21:54.282382,172.20.10.5,2,0
2026-01-16T21:21:54.282382,172.20.10.5,3,0
2026-01-16T21:21:54.282382,172.20.10.5,4,0
2026-01-16T21:21:54.282382,172.20.10.5,5,0
2026-01-16T21:21:54.282382,172.20.10.5,6,0
2026-01-16T21:21:54.282382,172.20.10.5,7,0
2026-01-16T21:21:54.282382,172.20.10.5,8,0.298091
2026-01-16T21:21:54.282382,172.20.10.5,9,0
2026-01-16T21:21:54.282382,172.20.10.5,10,0
2026-01-16T21:21:54.282382,172.20.10.5,11,0
2026-01-16T21:21:54.282382,172.20.10.5,12,0
2026-01-16T21:21:54.282382,172.20.10.5,13,0
2026-01-16T21:21:54.282382,172.20.10.5,14,0
2026-01-16T21:21:54.282382,172.20.10.5,15,0
2026-01-16T21:21:54.282382,172.20.10.5,16,0
2026-01-16T21:21:54.282382,172.20.10.5,17,0
2026-01-16T21:21:54.282382,172.20.10.5,18,0
2026-01-16T21:21:54.282382,172.20.10.5,19,0
2026-01-16T21:21:54.282382,172.20.10.5,20,0
2026-01-16T21:21:54.282382,172.20.10.5,21,0
2026-01-16T21:21:54.282382,172.20.10.5,22,0
2026-01-16T21:21:54.282382,172.20.10.5,23,0
2026-01-16T21:21:54.282382,172.20.10.5,0,0
2026-01-16T21:21:54.282382,172.20.10.5,1,0
2026-01-16T21:21:54.282382,172.20.10.5,2,0
2026-01-16T21:21:54.282382,172.20.10.5,3,0
2026-01-16T21:21:54.282382,172.20.10.5,4,0
2026-01-16T21:21:54.282382,172.20.10.5,5,0
2026-01-16T21:21:54.282382,172.20.10.5,6,0
2026-01-16T21:21:54.282382,172.20.10.5,7,0
2026-01-16T21:21:54.282382,172.20.10.5,8,0.298091
2026-01-16T21:21:54.282382,172.20.10.5,9,0
2026-01-16T21:21:54.282382,172.20.10.5,10,0
2026-01-16T21:21:54.282382,172.20.10.5,11,0
2026-01-16T21:21:54.282382,172.20.10.5,12,0
2026-01-16T21:21:54.282382,172.20.10.5,13,0
2026-01-16T21:21:54.282382,172.20.10.5,14,0
2026-01-16T21:21:54.282382,172.20.10.5,15,0
2026-01-16T21:21:54.282382,172.20.10.5,16,0
2026-01-16T21:21:54.282382,172.20.10.5,17,0
2026-01-16T21:21:54.282382,172.20.10.5,18,0
2026-01-16T21:21:54.282382,172.20.10.5,19,0
2026-01-16T21:21:54.282382,172.20.10.5,20,0
2026-01-16T21:21:54.282382,172.20.10.5,21,0
2026-01-16T21:21:54.282382,172.20.10.5,22,0
2026-01-16T21:21:54.282382,172.20.10.5,23,0
2026-01-16T21:21:54.282382,172.20.10.5,0,0
2026-01-16T21:21:54.282382,172.20.10.5,1,0
2026-01-16T21:21:54.282382,172.20.10.5,2,0
2026-01-16T21:21:54.282382,172.20.10.5,3,0
2026-01-16T21:21:54.282382,172.20.10.5,4,0
2026-01-16T21:21:54.282382,172.20.10.5,5,0
2026-01-16T21:21:54.282382,172.20.10.5,6,0
2026-01-16T21:21:54.282382,172.20.10.5,7,0
2026-01-16T21:21:54.282382,172.20.10.5,8,0.298091
2026-01-16T21:21:54.282382,172.20.10.5,9,0
2026-01-16T21:21:54.282382,172.20.10.5,10,0
2026-01-16T21:21:54.282382,172.20.10.5,11,0
2026-01-16T21:21:54.282382,172.20.10.5,12,0
2026-01-16T21:21:54.282382,172.20.10.5,13,0
2026-01-16T21:21:54.282382,172.20.10.5,14,0
2026-01-16T21:21:54.282382,172.20.10.5,15,0
2026-01-16T21:21:54.282382,172.20.10.5,16,0
2026-01-16T21:21:54.282382,172.20.10.5,17,0
2026-01-16T21:21:54.282382,172.20.10.5,18,0
2026-01-16T21:21:54.282382,172.20.10.5,19,0
2026-01-16T21:21:54.282382,172.20.10.5,20,0
2026-01-16T21:21:54.282382,172.20.10.5,21,0
2026-01-16T21:21:54.282382,172.20.10.5,22,0
2026-01-16T21:21:54.282382,172.20.10.5,23,0
2026-01-16T21:21:54.282382,172.20.10.5,0,0
2026-01-16T21:21:54.282382,172.20.10.5,1,0
2026-01-16T21:21:54.282382,172.20.10.5,2,0
2026-01-16T21:21:54.282382,172.20.10.5,3,0
2026-01-16T21:21:54.282382,172.20.10.5,4,0
2026-01-16T21:21:54.282382,172.20.10.5,5,0
2026-01-16T21:21:54.282382,172.20.10.5,6,0
2026-01-16T21:21:54.282382,172.20.10.5,7,0
2026-01-16T21:21:54.282382,172.20.10.5,8,0.298091
2026-01-16T21:21:54.282382,172.20.10.5,9,0
2026-01-16T21:21:54.282382,172.20.10.5,10,0
2026-01-16T21:21:54.282382,172.20.10.5,11,0
2026-01-16T21:21:54.282382,172.20.10.5,12,0
2026-01-16T21:21:54.282382,172.20.10.5,13,0
2026-01-16T21:21:54.282382,172.20.10.5,14,0
2026-01-16T21:21:54.282382,172.20.10.5,15,0
2026-01-16T21:21:54.282382,172.20.10.5,16,0
2026-01-16T21:21:54.282382,172.20.10.5,17,0
2026-01-16T21:21:54.282382,172.20.10.5,18,0
2026-01-16T21:21:54.282382,172.20.10.5,19,0
2026-01-16T21:21:54.282382,172.20.10.5,20,0
2026-01-16T21:21:54.282382,172.20.10.5,21,0
2026-01-16T21:21:54.282382,172.20.10.5,22,0
2026-01-16T21:21:54.282382,172.20.10.5,23,0
2026-01-16T21:21:54.282382,172.20.10.5,0,0
2026-01-16T21:21:54.282382,172.20.10.5,1,0
2026-01-16T21:21:54.282382,172.20.10.5,2,0
2026-01-16T21:21:54.282382,172.20.10.5,3,0
2026-01-16T21:21:54.282382,172.20.10.5,4,0
2026-01-16T21:21:54.282382,172.20.10.5,5,0
2026-01-16T21:21:54.282382,172.20.10.5,6,0
2026-01-16T21:21:54.282382,172.20.10.5,7,0
2026-01-16T21:21:54.282382,172.20.10.5,8,0.298091
2026-01-16T21:21:54.282382,172.20.10.5,9,0
2026-01-16T21:21:54.282382,172.20.10.5,10,0
2026-01-16T21:21:54.282382,172.20.10.5,11,0
2026-01-16T21:21:54.282382,172.20.10.5,12,0
2026-01-16T21:21:54.282382,172.20.10.5,13,0
2026-01-16T21:21:54.282382,172.20.10.5,14,0
2026-01-16T21:21:54.282382,172.20.10.5,15,0
2026-01-16T21:21:54.282382,172.20.10.5,16,0
2026-01-16T21:21:54.282382,172.20.10.5,17,0
2026-01-16T21:21:54.282382,172.20.10.5,18,0
2026-01-16T21:21:54.282382,172.20.10.5,19,0
2026-01-16T21:21:54.282382,172.20.10.5,20,0
2026-01-16T21:21:54.282382,172.20.10.5,21,0
2026-01-16T21:21:54.282382,172.20.10.5,22,0
2026-01-16T21:21:54.282382,172.20.10.5,23,0
2026-01-16T21:21:54.282382,172.20.10.5,0,0
2026-01-16T21:21:54.282382,172.20.10.5,1,0
2026-01-16T21:21:54.282382,172.20.10.5,2,0
2026-01-16T21:21:54.282382,172.20.10.5,3,0
2026-01-16T21:21:54.282382,172.20.10.5,4,0
2026-01-16T21:21:54.282382,172.20.10.5,5,0
2026-01-16T21:21:54.282382,172.20.10.5,6,0
2026-01-16T21:21:54.282382,172.20.10.5,7,0
2026-01-16T21:21:54.282382,172.20.10.5,8,0.298091
2026-01-16T21:21:54.282382,172.20.10.5,9,0
2026-01-16T21:21:54.282382,172.20.10.5,10,0
2026-01-16T21:21:54.282382,172.20.10.5,11,0
2026-01-16T21:21:54.282382,172.20.10.5,12,0
2026-01-16T21:21:54.282382,172.20.10.5,13,0
2026-01-16T21:21:54.282382,172.20.10.5,14,0
2026-01-16T21:21:54.282382,172.20.10.5,15,0
2026-01-16T21:21:54.282382,172.20.10.5,16,0
2026-01-16T21:21:54.282382,172.20.10.5,17,0
2026-01-16T21:21:54.282382,172.20.10.5,18,0
2026-01-16T21:21:54.282382,172.20.10.5,19,0
2026-01-16T21:21:54.282382,172.20.10.5,20,0
2026-01-16T21:21:54.282382,172.20.10.5,21,0
2026-01-16T21:21:54.282382,172.20.10.5,22,0
2026-01-16T21:21:54.282382,172.20.10.5,23,0
2026-01-16T21:21:54.282382,172.20.10.5,0,0
2026-01-16T21:21:54.282382,172.20.10.5,1,0
2026-01-16T21:21:54.282382,172.20.10.5,2,0
2026-01-16T21:21:54.282382,172.20.10.5,3,0
2026-01-16T21:21:54.282382,172.20.10.5,4,0
2026-01-16T21:21:54.282382,172.20.10.5,5,0
2026-01-16T21:21:54.282382,172.20.10.5,6,0
2026-01-16T21:21:54.282382,172.20.10.5,7,0
2026-01-16T21:21:54.282382,172.20.10.5,8,0.298091
2026-01-16T21:21:54.282382,172.20.10.5,9,0
2026-01-16T21:21:54.282382,172.20.10.5,10,0
2026-01-16T21:21:54.282382,172.20.10.5,11,0
2026-01-16T21:21:54.282382,172.20.10.5,12,0
2026-01-16T21:21:54.282382,172.20.10.5,13,0
2026-01-16T21:21:54.282382,172.20.10.5,14,0
2026-01-16T21:21:54.282382,172.20.10.5,15,0
2026-01-16T21:21:54.282382,172.20.10.5,16,0
2026-01-16T21:21:54.282382,172.20.10.5,17,0
2026-01-16T21:21:54.282382,172.20.10.5,18,0
2026-01-16T21:21:54.282382,172.20.10.5,19,0
2026-01-16T21:21:54.282382,172.20.10.5,20,0
2026-01-16T21:21:54.282382,172.20.10.5,21,0
2026-01-16T21:21:54.282382,172.20.10.5,22,0
2026-01-16T21:21:54.282382,172.20.10.5,23,0
2026-01-16T21:21:54.282382,172.20.10.5,0,0
2026-01-16T21:21:54.282382,172.20.10.5,1,0
2026-01-16T21:21:54.282382,172.20.10.5,2,0
2026-01-16T21:21:54.282382,172.20.10.5,3,0
2026-01-16T21:21:54.282382,172.20.10.5,4,0
2026-01-16T21:21:54.282382,172.20.10.5,5,0
2026-01-16T21:21:54.282382,172.20.10.5,6,0
2026-01-16T21:21:54.282382,172.20.10.5,7,0
2026-01-16T21:21:54.282382,172.20.10.5,8,0.298091
2026-01-16T21:21:54.282382,172.20.10.5,9,0
2026-01-16T21:21:54.282382,172.20.10.5,10,0
2026-01-16T21:21:54.282382,172.20.10.5,11,0
2026-01-16T21:21:54.282382,172.20.10.5,12,0
2026-01-16T21:21:54.282382,172.20.10.5,13,0
2026-01-16T21:21:54.282382,172.20.10.5,14,0
2026-01-16T21:21:54.282382,172.20.10.5,15,0
2026-01-16T21:21:54.282382,172.20.10.5,16,0
2026-01-16T21:21:54.282382,172.20.10.5,17,0
2026-01-16T21:21:54.282382,172.20.10.5,18,0
2026-01-16T21:21:54.282382,172.20.10.5,19,0
2026-01-16T21:21:54.282382,172.20.10.5,20,0
2026-01-16T21:21:54.282382,172.20.10.5,21,0
2026-01-16T21:21:54.282382,172.20.10.5,22,0
2026-01-16T21:21:54.282382,172.20.10.5,23,0
2026-01-16T21:21:54.282382,172.20.10.5,0,0
2026-01-16T21:21:54.282382,172.20.10.5,1,0
2026-01-16T21:21:54.282382,172.20.10.5,2,0
2026-01-16T21:21:54.282382,172.20.10.5,3,0
2026-01-16T21:21:54.282382,172.20.10.5,4,0
2026-01-16T21:21:54.282382,172.20.10.5,5,0
2026-01-16T21:21:54.282382,172.20.10.5,6,0
2026-01-16T21:21:54.282382,172.20.10.5,7,0
2026-01-16T21:21:54.282382,172.20.10.5,8,0.298091
2026-01-16T21:21:54.282382,172.20.10.5,9,0
2026-01-16T21:21:54.282382,172.20.10.5,10,0
2026-01-16T21:21:54.282382,172.20.10.5,11,0
2026-01-16T21:21:54.282382,172.20.10.5,12,0
2026-01-16T21:21:54.282382,172.20.10.5,13,0
2026-01-16T21:21:54.282382,172.20.10.5,14,0
2026-01-16T21:21:54.282382,172.20.10.5,15,0
2026-01-16T21:21:54.282382,172.20.10.5,16,0
2026-01-16T21:21:54.282382,172.20.10.5,17,0
2026-01-16T21:21:54.282382,172.20.10.5,18,0
2026-01-16T21:21:54.282382,172.20.10.5,19,0
2026-01-16T21:21:54.282382,172.20.10.5,20,0
2026-01-16T21:21:54.282382,172.20.10.5,21,0
2026-01-16T21:21:54.282382,172.20.10.5,22,0
2026-01-16T21:21:54.282382,172.20.10.5,23,0
2026-01-16T21:21:54.282382,172.20.10.5,0,0
2026-01-16T21:21:54.282382,172.20.10.5,1,0
2026-01-16T21:21:54.282382,172.20.10.5,2,0
2026-01-16T21:21:54.282382,172.20.10.5,3,0
2026-01-16T21:21:54.282382,172.20.10.5,4,0
2026-01-16T21:21:54.282382,172.20.10.5,5,0
2026-01-16T21:21:54.282382,172.20.10.5,6,0
2026-01-16T21:21:54.282382,172.20.10.5,7,0
2026-01-16T21:21:54.282382,172.20.10.5,8,0.298091
2026-01-16T21:21:54.282382,172.20.10.5,9,0
2026-01-16T21:21:54.282382,172.20.10.5,10,0
2026-01-16T21:21:54.282382,172.20.10.5,11,0
2026-01-16T21:21:54.282382,172.20.10.5,12,0
2026-01-16T21:21:54.282382,172.20.10.5,13,0
2026-01-16T21:21:54.282382,172.20.10.5,14,0
2026-01-16T21:21:54.282382,172.20.10.5,15,0
2026-01-16T21:21:54.282382,172.20.10.5,16,0
2026-01-16T21:21:54.282382,172.20.10.5,17,0
2026-01-16T21:21:54.282382,172.20.10.5,18,0
2026-01-16T21:21:54.282382,172.20.10.5,19,0
2026-01-16T21:21:54.282382,172.20.10.5,20,0
2026-01-16T21:21:54.282382,172.20.10.5,21,0
2026-01-16T21:21:54.282382,172.20.10.5,22,0
2026-01-16T21:21:54.282382,172.20.10.5,23,0
2026-01-16T21:21:54.282382,172.20.10.5,0,0
2026-01-16T21:21:54.282382,172.20.10.5,1,0
2026-01-16T21:21:54.282382,172.20.10.5,2,0
2026-01-16T21:21:54.282382,172.20.10.5,3,0
2026-01-16T21:21:54.282382,172.20.10.5,4,0
2026-01-16T21:21:54.282382,172.20.10.5,5,0
2026-01-16T21:21:54.282382,172.20.10.5,6,0
2026-01-16T21:21:54.282382,172.20.10.5,7,0
2026-01-16T21:21:54.282382,172.20.10.5,8,0.298091
2026-01-16T21:21:54.282382,172.20.10.5,9,0
2026-01-16T21:21:54.282382,172.20.10.5,10,0
2026-01-16T21:21:54.282382,172.20.10.5,11,0
2026-01-16T21:21:54.282382,172.20.10.5,12,0
2026-01-16T21:21:54.282382,172.20.10.5,13,0
2026-01-16T21:21:54.282382,172.20.10.5,14,0
2026-01-16T21:21:54.282382,172.20.10.5,15,0
2026-01-16T21:21:54.282382,172.20.10.5,16,0
2026-01-16T21:21:54.282382,172.20.10.5,17,0
2026-01-16T21:21:54.282382,172.20.10.5,18,0
2026-01-16T21:21:54.282382,172.20.10.5,19,0
2026-01-16T21:21:54.282382,172.20.10.5,20,0
2026-01-16T21:21:54.282382,172.20.10.5,21,0
2026-01-16T21:21:54.282382,172.20.10.5,22,0
2026-01-16T21:21:54.282382,172.20.10.5,23,0
2026-01-16T21:21:54.282382,172.20.10.5,0,0
2026-01-16T21:21:54.282382,172.20.10.5,1,0
2026-01-16T21:21:54.282382,172.20.10.5,2,0
2026-01-16T21:21:54.282382,172.20.10.5,3,0
2026-01-16T21:21:54.282382,172.20.10.5,4,0
2026-01-16T21:21:54.282382,172.20.10.5,5,0
2026-01-16T21:21:54.282382,172.20.10.5,6,0
2026-01-16T21:21:54.282382,172.20.10.5,7,0
2026-01-16T21:21:54.282382,172.20.10.5,8,0.298091
2026-01-16T21:21:54.282382,172.20.10.5,9,0
2026-01-16T21:21:54.282382,172.20.10.5,10,0
2026-01-16T21:21:54.282382,172.20.10.5,11,0
2026-01-16T21:21:54.282382,172.20.10.5,12,0
2026-01-16T21:21:54.282382,172.20.10.5,13,0
2026-01-16T21:21:54.282382,172.20.10.5,14,0
2026-01-16T21:21:54.282382,172.20.10.5,15,0
2026-01-16T21:21:54.282382,172.20.10.5,16,0
2026-01-16T21:21:54.282382,172.20.10.5,17,0
2026-01-16T21:21:54.282382,172.20.10.5,18,0
2026-01-16T21:21:54.282382,172.20.10.5,19,0
2026-01-16T21:21:54.282382,172.20.10.5,20,0
2026-01-16T21:21:54.282382,172.20.10.5,21,0
2026-01-16T21:21:54.282382,172.20.10.5,22,0
2026-01-16T21:21:54.282382,172.20.10.5,23,0
2026-01-16T21:21:54.282382,172.20.10.5,0,0
2026-01-16T21:21:54.282382,172.20.10.5,1,0
2026-01-16T21:21:54.282382,172.20.10.5,2,0
2026-01-16T21:21:54.282382,172.20.10.5,3,0
2026-01-16T21:21:54.282382,172.20.10.5,4,0
2026-01-16T21:21:54.282382,172.20.10.5,5,0
2026-01-16T21:21:54.282382,172.20.10.5,6,0
2026-01-16T21:21:54.282382,172.20.10.5,7,0
2026-01-16T21:21:54.282382,172.20.10.5,8,0.298091
2026-01-16T21:21:54.282382,172.20.10.5,9,0
2026-01-16T21:21:54.282382,172.20.10.5,10,0
2026-01-16T21:21:54.282382,172.20.10.5,11,0
2026-01-16T21:21:54.282382,172.20.10.5,12,0
2026-01-16T21:21:54.282382,172.20.10.5,13,0
2026-01-16T21:21:54.282382,172.20.10.5,14,0
2026-01-16T21:21:54.282382,172.20.10.5,15,0
2026-01-16T21:21:54.282382,172.20.10.5,16,0
2026-01-16T21:21:54.282382,172.20.10.5,17,0
2026-01-16T21:21:54.282382,172.20.10.5,18,0
2026-01-16T21:21:54.282382,172.20.10.5,19,0
2026-01-16T21:21:54.282382,172.20.10.5,20,0
2026-01-16T21:21:54.282382,172.20.10.5,21,0
2026-01-16T21:21:54.282382,172.20.10.5,22,0
2026-01-16T21:21:54.282382,172.20.10.5,23,0
2026-01-16T21:21:54.282382,172.20.10.5,0,0
2026-01-16T21:21:54.282382,172.20.10.5,1,0
2026-01-16T21:21:54.282382,172.20.10.5,2,0
2026-01-16T21:21:54.282382,172.20.10.5,3,0
2026-01-16T21:21:54.282382,172.20.10.5,4,0
2026-01-16T21:21:54.282382,172.20.10.5,5,0
2026-01-16T21:21:54.282382,172.20.10.5,6,0
2026-01-16T21:21:54.282382,172.20.10.5,7,0
2026-01-16T21:21:54.282382,172.20.10.5,8,0.298091
2026-01-16T21:21:54.282382,172.20.10.5,9,0
2026-01-16T21:21:54.282382,172.20.10.5,10,0
2026-01-16T21:21:54.282382,172.20.10.5,11,0
2026-01-16T21:21:54.282382,172.20.10.5,12,0
2026-01-16T21:21:54.282382,172.20.10.5,13,0
2026-01-16T21:21:54.282382,172.20.10.5,14,0
2026-01-16T21:21:54.282382,172.20.10.5,15,0
2026-01-16T21:21:54.282382,172.20.10.5,16,0
2026-01-16T21:21:54.282382,172.20.10.5,17,0
2026-01-16T21:21:54.282382,172.20.10.5,18,0
2026-01-16T21:21:54.282382,172.20.10.5,19,0
2026-01-16T21:21:54.282382,172.20.10.5,20,0
2026-01-16T21:21:54.282382,172.20.10.5,21,0
2026-01-16T21:21:54.282382,172.20.10.5,22,0
2026-01-16T21:21:54.282382,172.20.10.5,23,0
2026-01-16T21:21:54.282382,172.20.10.5,0,0
2026-01-16T21:21:54.282382,172.20.10.5,1,0
2026-01-16T21:21:54.282382,172.20.10.5,2,0
2026-01-16T21:21:54.282382,172.20.10.5,3,0
2026-01-16T21:21:54.282382,172.20.10.5,4,0
2026-01-16T21:21:54.282382,172.20.10.5,5,0
2026-01-16T21:21:54.282382,172.20.10.5,6,0
2026-01-16T21:21:54.282382,172.20.10.5,7,0
2026-01-16T21:21:54.282382,172.20.10.5,8,0.298091
2026-01-16T21:21:54.282382,172.20.10.5,9,0
2026-01-16T21:21:54.282382,172.20.10.5,10,0
2026-01-16T21:21:54.282382,172.20.10.5,11,0
2026-01-16T21:21:54.282382,172.20.10.5,12,0
2026-01-16T21:21:54.282382,172.20.10.5,13,0
2026-01-16T21:21:54.282382,172.20.10.5,14,0
2026-01-16T21:21:54.282382,172.20.10.5,15,0
2026-01-16T21:21:54.282382,172.20.10.5,16,0
2026-01-16T21:21:54.282382,172.20.10.5,17,0
2026-01-16T21:21:54.282382,172.20.10.5,18,0
2026-01-16T21:21:54.282382,172.20.10.5,19,0
2026-01-16T21:21:54.282382,172.20.10.5,20,0
2026-01-16T21:21:54.282382,172.20.10.5,21,0
2026-01-16T21:21:54.282382,172.20.10.5,22,0
2026-01-16T21:21:54.282382,172.20.10.5,23,0
2026-01-16T21:21:54.282382,172.20.10.5,0,0
2026-01-16T21:21:54.282382,172.20.10.5,1,0
2026-01-16T21:21:54.282382,172.20.10.5,2,0
2026-01-16T21:21:54.282382,172.20.10.5,3,0
2026-01-16T21:21:54.282382,172.20.10.5,4,0
2026-01-16T21:21:54.282382,172.20.10.5,5,0
2026-01-16T21:21:54.282382,172.20.10.5,6,0
2026-01-16T21:21:54.282382,172.20.10.5,7,0
2026-01-16T21:21:54.282382,172.20.10.5,8,0.298091
2026-01-16T21:21:54.282382,172.20.10.5,9,0
2026-01-16T21:21:54.282382,172.20.10.5,10,0
2026-01-16T21:21:54.282382,172.20.10.5,11,0
2026-01-16T21:21:54.282382,172.20.10.5,12,0
2026-01-16T21:21:54.282382,172.20.10.5,13,0
2026-01-16T21:21:54.282382,172.20.10.5,14,0
2026-01-16T21:21:54.282382,172.20.10.5,15,0
2026-01-16T21:21:54.282382,172.20.10.5,16,0
2026-01-16T21:21:54.282382,172.20.10.5,17,0
2026-01-16T21:21:54.282382,172.20.10.5,18,0
2026-01-16T21:21:54.282382,172.20.10.5,19,0
2026-01-16T21:21:54.282382,172.20.10.5,20,0
2026-01-16T21:21:54.282382,172.20.10.5,21,0
2026-01-16T21:21:54.282382,172.20.10.5,22,0
2026-01-16T21:21:54.282382,172.20.10.5,23,0
2026-01-16T21:21:54.282382,172.20.10.5,0,0
2026-01-16T21:21:54.282382,172.20.10.5,1,0
2026-01-16T21:21:54.282382,172.20.10.5,2,0
2026-01-16T21:21:54.282382,172.20.10.5,3,0
2026-01-16T21:21:54.282382,172.20.10.5,4,0
2026-01-16T21:21:54.282382,172.20.10.5,5,0
2026-01-16T21:21:54.282382,172.20.10.5,6,0
2026-01-16T21:21:54.282382,172.20.10.5,7,0
2026-01-16T21:21:54.282382,172.20.10.5,8,0.298091
2026-01-16T21:21:54.282382,172.20.10.5,9,0
2026-01-16T21:21:54.282382,172.20.10.5,10,0
2026-01-16T21:21:54.282382,172.20.10.5,11,0
2026-01-16T21:21:54.282382,172.20.10.5,12,0
2026-01-16T21:21:54.282382,172.20.10.5,13,0
2026-01-16T21:21:54.282382,172.20.10.5,14,0
2026-01-16T21:21:54.282382,172.20.10.5,15,0
2026-01-16T21:21:54.282382,172.20.10.5,16,0
2026-01-16T21:21:54.282382,172.20.10.5,17,0
2026-01-16T21:21:54.282382,172.20.10.5,18,0
2026-01-16T21:21:54.282382,172.20.10.5,19,0
2026-01-16T21:21:54.282382,172.20.10.5,20,0
2026-01-16T21:21:54.282382,172.20.10.5,21,0
2026-01-16T21:21:54.282382,172.20.10.5,22,0
2026-01-16T21:21:54.282382,172.20.10.5,23,0
2026-01-16T21:21:54.282382,172.20.10.5,0,0
2026-01-16T21:21:54.282382,172.20.10.5,1,0
2026-01-16T21:21:54.282382,172.20.10.5,2,0
2026-01-16T21:21:54.282382,172.20.10.5,3,0
2026-01-16T21:21:54.282382,172.20.10.5,4,0
2026-01-16T21:21:54.282382,172.20.10.5,5,0
2026-01-16T21:21:54.282382,172.20.10.5,6,0
2026-01-16T21:21:54.282382,172.20.10.5,7,0
2026-01-16T21:21:54.282382,172.20.10.5,8,0.298091
2026-01-16T21:21:54.282382,172.20.10.5,9,0
2026-01-16T21:21:54.282382,172.20.10.5,10,0
2026-01-16T21:21:54.282382,172.20.10.5,11,0
2026-01-16T21:21:54.282382,172.20.10.5,12,0
2026-01-16T21:21:54.282382,172.20.10.5,13,0
2026-01-16T21:21:54.282382,172.20.10.5,14,0
2026-01-16T21:21:54.282382,172.20.10.5,15,0
2026-01-16T21:21:54.282382,172.20.10.5,16,0
2026-01-16T21:21:54.282382,172.20.10.5,17,0
2026-01-16T21:21:54.282382,172.20.10.5,18,0
2026-01-16T21:21:54.282382,172.20.10.5,19,0
2026-01-16T21:21:54.282382,172.20.10.5,20,0
2026-01-16T21:21:54.282382,172.20.10.5,21,0
2026-01-16T21:21:54.282382,172.20.10.5,22,0
2026-01-16T21:21:54.282382,172.20.10.5,23,0
2026-01-16T21:21:54.282382,172.20.10.5,0,0
2026-01-16T21:21:54.282382,172.20.10.5,1,0
2026-01-16T21:21:54.282382,172.20.10.5,2,0
2026-01-16T21:21:54.282382,172.20.10.5,3,0
2026-01-16T21:21:54.282382,172.20.10.5,4,0
2026-01-16T21:21:54.282382,172.20.10.5,5,0
2026-01-16T21:21:54.282382,172.20.10.5,6,0
2026-01-16T21:21:54.282382,172.20.10.5,7,0
2026-01-16T21:21:54.282382,172.20.10.5,8,0.298091
2026-01-16T21:21:54.282382,172.20.10.5,9,0
2026-01-16T21:21:54.282382,172.20.10.5,10,0
2026-01-16T21:21:54.282382,172.20.10.5,11,0
2026-01-16T21:21:54.282382,172.20.10.5,12,0
2026-01-16T21:21:54.282382,172.20.10.5,13,0
2026-01-16T21:21:54.282382,172.20.10.5,14,0
2026-01-16T21:21:54.282382,172.20.10.5,15,0
2026-01-16T21:21:54.282382,172.20.10.5,16,0
2026-01-16T21:21:54.282382,172.20.10.5,17,0
2026-01-16T21:21:54.282382,172.20.10.5,18,0
2026-01-16T21:21:54.282382,172.20.10.5,19,0
2026-01-16T21:21:54.282382,172.20.10.5,20,0
2026-01-16T21:21:54.282382,172.20.10.5,21,0
2026-01-16T21:21:54.282382,172.20.10.5,22,0
2026-01-16T21:21:54.282382,172.20.10.5,23,0
2026-01-16T21:21:54.282382,172.20.10.5,0,0
2026-01-16T21:21:54.282382,172.20.10.5,1,0
2026-01-16T21:21:54.282382,172.20.10.5,2,0
2026-01-16T21:21:54.282382,172.20.10.5,3,0
2026-01-16T21:21:54.282382,172.20.10.5,4,0
2026-01-16T21:21:54.282382,172.20.10.5,5,0
2026-01-16T21:21:54.282382,172.20.10.5,6,0
2026-01-16T21:21:54.282382,172.20.10.5,7,0
2026-01-16T21:21:54.282382,172.20.10.5,8,0.298091
2026-01-16T21:21:54.282382,172.20.10.5,9,0
2026-01-16T21:21:54.282382,172.20.10.5,10,0
2026-01-16T21:21:54.282382,172.20.10.5,11,0
2026-01-16T21:21:54.282382,172.20.10.5,12,0
2026-01-16T21:21:54.282382,172.20.10.5,13,0
2026-01-16T21:21:54.282382,172.20.10.5,14,0
2026-01-16T21:21:54.282382,172.20.10.5,15,0
2026-01-16T21:21:54.282382,172.20.10.5,16,0
2026-01-16T21:21:54.282382,172.20.10.5,17,0
2026-01-16T21:21:54.282382,172.20.10.5,18,0
2026-01-16T21:21:54.282382,172.20.10.5,19,0
2026-01-16T21:21:54.282382,172.20.10.5,20,0
2026-01-16T21:21:54.282382,172.20.10.5,21,0
2026-01-16T21:21:54.282382,172.20.10.5,22,0
2026-01-16T21:21:54.282382,172.20.10.5,23,0
2026-01-16T21:21:54.282382,172.20.10.5,0,0
2026-01-16T21:21:54.282382,172.20.10.5,1,0
2026-01-16T21:21:54.282382,172.20.10.5,2,0
2026-01-16T21:21:54.282382,172.20.10.5,3,0
2026-01-16T21:21:54.282382,172.20.10.5,4,0
2026-01-16T21:21:54.282382,172.20.10.5,5,0
2026-01-16T21:21:54.282382,172.20.10.5,6,0
2026-01-16T21:21:54.282382,172.20.10.5,7,0
2026-01-16T21:21:54.282382,172.20.10.5,8,0.298091
2026-01-16T21:21:54.282382,172.20.10.5,9,0
2026-01-16T21:21:54.282382,172.20.10.5,10,0
2026-01-16T21:21:54.282382,172.20.10.5,11,0
2026-01-16T21:21:54.282382,172.20.10.5,12,0
2026-01-16T21:21:54.282382,172.20.10.5,13,0
2026-01-16T21:21:54.282382,172.20.10.5,14,0
2026-01-16T21:21:54.282382,172.20.10.5,15,0
2026-01-16T21:21:54.282382,172.20.10.5,16,0
2026-01-16T21:21:54.282382,172.20.10.5,17,0
2026-01-16T21:21:54.282382,172.20.10.5,18,0
2026-01-16T21:21:54.282382,172.20.10.5,19,0
2026-01-16T21:21:54.282382,172.20.10.5,20,0
2026-01-16T21:21:54.282382,172.20.10.5,21,0
2026-01-16T21:21:54.282382,172.20.10.5,22,0
2026-01-16T21:21:54.282382,172.20.10.5,23,0
2026-01-16T21:21:54.282382,172.20.10.5,0,0
2026-01-16T21:21:54.282382,172.20.10.5,1,0
2026-01-16T21:21:54.282382,172.20.10.5,2,0
2026-01-16T21:21:54.282382,172.20.10.5,3,0
2026-01-16T21:21:54.282382,172.20.10.5,4,0
2026-01-16T21:21:54.282382,172.20.10.5,5,0
2026-01-16T21:21:54.282382,172.20.10.5,6,0
2026-01-16T21:21:54.282382,172.20.10.5,7,0
2026-01-16T21:21:54.282382,172.20.10.5,8,0.298091
2026-01-16T21:21:54.282382,172.20.10.5,9,0
2026-01-16T21:21:54.282382,172.20.10.5,10,0
2026-01-16T21:21:54.282382,172.20.10.5,11,0
2026-01-16T21:21:54.282382,172.20.10.5,12,0
2026-01-16T21:21:54.282382,172.20.10.5,13,0
2026-01-16T21:21:54.282382,172.20.10.5,14,0
2026-01-16T21:21:54.282382,172.20.10.5,15,0
2026-01-16T21:21:54.282382,172.20.10.5,16,0
2026-01-16T21:21:54.282382,172.20.10.5,17,0
2026-01-16T21:21:54.282382,172.20.10.5,18,0
2026-01-16T21:21:54.282382,172.20.10.5,19,0
2026-01-16T21:21:54.282382,172.20.10.5,20,0
2026-01-16T21:21:54.282382,172.20.10.5,21,0
2026-01-16T21:21:54.282382,172.20.10.5,22,0
2026-01-16T21:21:54.282382,172.20.10.5,23,0
2026-01-16T21:21:54.282382,172.20.10.5,0,0
2026-01-16T21:21:54.282382,172.20.10.5,1,0
2026-01-16T21:21:54.282382,172.20.10.5,2,0
2026-01-16T21:21:54.282382,172.20.10.5,3,0
2026-01-16T21:21:54.282382,172.20.10.5,4,0
2026-01-16T21:21:54.282382,172.20.10.5,5,0
2026-01-16T21:21:54.282382,172.20.10.5,6,0
2026-01-16T21:21:54.282382,172.20.10.5,7,0
2026-01-16T21:21:54.282382,172.20.10.5,8,0.298091
2026-01-16T21:21:54.282382,172.20.10.5,9,0
2026-01-16T21:21:54.282382,172.20.10.5,10,0
2026-01-16T21:21:54.282382,172.20.10.5,11,0
2026-01-16T21:21:54.282382,172.20.10.5,12,0
2026-01-16T21:21:54.282382,172.20.10.5,13,0
2026-01-16T21:21:54.282382,172.20.10.5,14,0
2026-01-16T21:21:54.282382,172.20.10.5,15,0
2026-01-16T21:21:54.282382,172.20.10.5,16,0
2026-01-16T21:21:54.282382,172.20.10.5,17,0
2026-01-16T21:21:54.282382,172.20.10.5,18,0
2026-01-16T21:21:54.282382,172.20.10.5,19,0
2026-01-16T21:21:54.282382,172.20.10.5,20,0
2026-01-16T21:21:54.282382,172.20.10.5,21,0
2026-01-16T21:21:54.282382,172.20.10.5,22,0
2026-01-16T21:21:54.282382,172.20.10.5,23,0
2026-01-16T21:21:54.282382,172.20.10.5,0,0
2026-01-16T21:21:54.282382,172.20.10.5,1,0
2026-01-16T21:21:54.282382,172.20.10.5,2,0
2026-01-16T21:21:54.282382,172.20.10.5,3,0
2026-01-16T21:21:54.282382,172.20.10.5,4,0
2026-01-16T21:21:54.282382,172.20.10.5,5,0
2026-01-16T21:21:54.282382,172.20.10.5,6,0
2026-01-16T21:21:54.282382,172.20.10.5,7,0
2026-01-16T21:21:54.282382,172.20.10.5,8,0.298091
2026-01-16T21:21:54.282382,172.20.10.5,9,0
2026-01-16T21:21:54.282382,172.20.10.5,10,0
2026-01-16T21:21:54.282382,172.20.10.5,11,0
2026-01-16T21:21:54.282382,172.20.10.5,12,0
2026-01-16T21:21:54.282382,172.20.10.5,13,0
2026-01-16T21:21:54.282382,172.20.10.5,14,0
2026-01-16T21:21:54.282382,172.20.10.5,15,0
2026-01-16T21:21:54.282382,172.20.10.5,16,0
2026-01-16T21:21:54.282382,172.20.10.5,17,0
2026-01-16T21:21:54.282382,172.20.10.5,18,0
2026-01-16T21:21:54.282382,172.20.10.5,19,0
2026-01-16T21:21:54.282382,172.20.10.5,20,0
2026-01-16T21:21:54.282382,172.20.10.5,21,0
2026-01-16T21:21:54.282382,172.20.10.5,22,0
2026-01-16T21:21:54.282382,172.20.10.5,23,0
2026-01-16T21:21:54.282382,172.20.10.5,0,0
2026-01-16T21:21:54.282382,172.20.10.5,1,0
2026-01-16T21:21:54.282382,172.20.10.5,2,0
2026-01-16T21:21:54.282382,172.20.10.5,3,0
2026-01-16T21:21:54.282382,172.20.10.5,4,0
2026-01-16T21:21:54.282382,172.20.10.5,5,0
2026-01-16T21:21:54.282382,172.20.10.5,6,0
2026-01-16T21:21:54.282382,172.20.10.5,7,0
2026-01-16T21:21:54.282382,172.20.10.5,8,0.298091
2026-01-16T21:21:54.282382,172.20.10.5,9,0
2026-01-16T21:21:54.282382,172.20.10.5,10,0
2026-01-16T21:21:54.282382,172.20.10.5,11,0
2026-01-16T21:21:54.282382,172.20.10.5,12,0
2026-01-16T21:21:54.282382,172.20.10.5,13,0
2026-01-16T21:21:54.282382,172.20.10.5,14,0
2026-01-16T21:21:54.282382,172.20.10.5,15,0
2026-01-16T21:21:54.282382,172.20.10.5,16,0
2026-01-16T21:21:54.282382,172.20.10.5,17,0
2026-01-16T21:21:54.282382,172.20.10.5,18,0
2026-01-16T21:21:54.282382,172.20.10.5,19,0
2026-01-16T21:21:54.282382,172.20.10.5,20,0
2026-01-16T21:21:54.282382,172.20.10.5,21,0
2026-01-16T21:21:54.282382,172.20.10.5,22,0
2026-01-16T21:21:54.282382,172.20.10.5,23,0
2026-01-16T21:21:54.282382,172.20.10.5,0,0
2026-01-16T21:21:54.282382,172.20.10.5,1,0
2026-01-16T21:21:54.282382,172.20.10.5,2,0
2026-01-16T21:21:54.282382,172.20.10.5,3,0
2026-01-16T21:21:54.282382,172.20.10.5,4,0
2026-01-16T21:21:54.282382,172.20.10.5,5,0
2026-01-16T21:21:54.282382,172.20.10.5,6,0
2026-01-16T21:21:54.282382,172.20.10.5,7,0
2026-01-16T21:21:54.282382,172.20.10.5,8,0.298091
2026-01-16T21:21:54.282382,172.20.10.5,9,0
2026-01-16T21:21:54.282382,172.20.10.5,10,0
2026-01-16T21:21:54.282382,172.20.10.5,11,0
2026-01-16T21:21:54.282382,172.20.10.5,12,0
2026-01-16T21:21:54.282382,172.20.10.5,13,0
2026-01-16T21:21:54.282382,172.20.10.5,14,0
2026-01-16T21:21:54.282382,172.20.10.5,15,0
2026-01-16T21:21:54.282382,172.20.10.5,16,0
2026-01-16T21:21:54.282382,172.20.10.5,17,0
2026-01-16T21:21:54.282382,172.20.10.5,18,0
2026-01-16T21:21:54.282382,172.20.10.5,19,0
2026-01-16T21:21:54.282382,172.20.10.5,20,0
2026-01-16T21:21:54.282382,172.20.10.5,21,0
2026-01-16T21:21:54.282382,172.20.10.5,22,0
2026-01-16T21:21:54.282382,172.20.10.5,23,0
2026-01-16T21:21:54.282382,172.20.10.5,0,0
2026-01-16T21:21:54.282382,172.20.10.5,1,0
2026-01-16T21:21:54.282382,172.20.10.5,2,0
2026-01-16T21:21:54.282382,172.20.10.5,3,0
2026-01-16T21:21:54.282382,172.20.10.5,4,0
2026-01-16T21:21:54.282382,172.20.10.5,5,0
2026-01-16T21:21:54.282382,172.20.10.5,6,0
2026-01-16T21:21:54.282382,172.20.10.5,7,0
2026-01-16T21:21:54.282382,172.20.10.5,8,0.298091
2026-01-16T21:21:54.282382,172.20.10.5,9,0
2026-01-16T21:21:54.282382,172.20.10.5,10,0
2026-01-16T21:21:54.282382,172.20.10.5,11,0
2026-01-16T21:21:54.282382,172.20.10.5,12,0
2026-01-16T21:21:54.282382,172.20.10.5,13,0
2026-01-16T21:21:54.282382,172.20.10.5,14,0
2026-01-16T21:21:54.282382,172.20.10.5,15,0
2026-01-16T21:21:54.282382,172.20.10.5,16,0
2026-01-16T21:21:54.282382,172.20.10.5,17,0
2026-01-16T21:21:54.282382,172.20.10.5,18,0
2026-01-16T21:21:54.282382,172.20.10.5,19,0
2026-01-16T21:21:54.282382,172.20.10.5,20,0
2026-01-16T21:21:54.282382,172.20.10.5,21,0
2026-01-16T21:21:54.282382,172.20.10.5,22,0
2026-01-16T21:21:54.282382,172.20.10.5,23,0
2026-01-16T21:21:54.282382,172.20.10.5,0,0
2026-01-16T21:21:54.282382,172.20.10.5,1,0
2026-01-16T21:21:54.282382,172.20.10.5,2,0
2026-01-16T21:21:54.282382,172.20.10.5,3,0
2026-01-16T21:21:54.282382,172.20.10.5,4,0
2026-01-16T21:21:54.282382,172.20.10.5,5,0
2026-01-16T21:21:54.282382,172.20.10.5,6,0
2026-01-16T21:21:54.282382,172.20.10.5,7,0
2026-01-16T21:21:54.282382,172.20.10.5,8,0.298091
2026-01-16T21:21:54.282382,172.20.10.5,9,0
2026-01-16T21:21:54.282382,172.20.10.5,10,0
2026-01-16T21:21:54.282382,172.20.10.5,11,0
2026-01-16T21:21:54.282382,172.20.10.5,12,0
2026-01-16T21:21:54.282382,172.20.10.5,13,0
2026-01-16T21:21:54.282382,172.20.10.5,14,0
2026-01-16T21:21:54.282382,172.20.10.5,15,0
2026-01-16T21:21:54.282382,172.20.10.5,16,0
2026-01-16T21:21:54.282382,172.20.10.5,17,0
2026-01-16T21:21:54.282382,172.20.10.5,18,0
2026-01-16T21:21:54.282382,172.20.10.5,19,0
2026-01-16T21:21:54.282382,172.20.10.5,20,0
2026-01-16T21:21:54.282382,172.20.10.5,21,0
2026-01-16T21:21:54.282382,172.20.10.5,22,0
2026-01-16T21:21:54.282382,172.20.10.5,23,0
2026-01-16T21:21:54.282382,172.20.10.5,0,0
2026-01-16T21:21:54.282382,172.20.10.5,1,0
2026-01-16T21:21:54.282382,172.20.10.5,2,0
2026-01-16T21:21:54.282382,172.20.10.5,3,0
2026-01-16T21:21:54.282382,172.20.10.5,4,0
2026-01-16T21:21:54.282382,172.20.10.5,5,0
2026-01-16T21:21:54.282382,172.20.10.5,6,0
2026-01-16T21:21:54.282382,172.20.10.5,7,0
2026-01-16T21:21:54.282382,172.20.10.5,8,0.298091
2026-01-16T21:21:54.282382,172.20.10.5,9,0
2026-01-16T21:21:54.282382,172.20.10.5,10,0
2026-01-16T21:21:54.282382,172.20.10.5,11,0
2026-01-16T21:21:54.282382,172.20.10.5,12,0
2026-01-16T21:21:54.282382,172.20.10.5,13,0
2026-01-16T21:21:54.282382,172.20.10.5,14,0
2026-01-16T21:21:54.282382,172.20.10.5,15,0
2026-01-16T21:21:54.282382,172.20.10.5,16,0
2026-01-16T21:21:54.282382,172.20.10.5,17,0
2026-01-16T21:21:54.282382,172.20.10.5,18,0
2026-01-16T21:21:54.282382,172.20.10.5,19,0
2026-01-16T21:21:54.282382,172.20.10.5,20,0
2026-01-16T21:21:54.282382,172.20.10.5,21,0
2026-01-16T21:21:54.282382,172.20.10.5,22,0
2026-01-16T21:21:54.282382,172.20.10.5,23,0
2026-01-16T21:21:54.282382,172.20.10.5,0,0
2026-01-16T21:21:54.282382,172.20.10.5,1,0
2026-01-16T21:21:54.282382,172.20.10.5,2,0
2026-01-16T21:21:54.282382,172.20.10.5,3,0
2026-01-16T21:21:54.282382,172.20.10.5,4,0
2026-01-16T21:21:54.282382,172.20.10.5,5,0
2026-01-16T21:21:54.282382,172.20.10.5,6,0
2026-01-16T21:21:54.282382,172.20.10.5,7,0
2026-01-16T21:21:54.282382,172.20.10.5,8,0.298091
2026-01-16T21:21:54.282382,172.20.10.5,9,0
2026-01-16T21:21:54.282382,172.20.10.5,10,0
2026-01-16T21:21:54.282382,172.20.10.5,11,0
2026-01-16T21:21:54.282382,172.20.10.5,12,0
2026-01-16T21:21:54.282382,172.20.10.5,13,0
2026-01-16T21:21:54.282382,172.20.10.5,14,0
2026-01-16T21:21:54.282382,172.20.10.5,15,0
2026-01-16T21:21:54.282382,172.20.10.5,16,0
2026-01-16T21:21:54.282382,172.20.10.5,17,0
2026-01-16T21:21:54.282382,172.20.10.5,18,0
2026-01-16T21:21:54.282382,172.20.10.5,19,0
2026-01-16T21:21:54.282382,172.20.10.5,20,0
2026-01-16T21:21:54.282382,172.20.10.5,21,0
2026-01-16T21:21:54.282382,172.20.10.5,22,0
2026-01-16T21:21:54.282382,172.20.10.5,23,0
2026-01-16T21:21:54.282382,172.20.10.5,0,0
2026-01-16T21:21:54.282382,172.20.10.5,1,0
2026-01-16T21:21:54.282382,172.20.10.5,2,0
2026-01-16T21:21:54.282382,172.20.10.5,3,0
2026-01-16T21:21:54.282382,172.20.10.5,4,0
2026-01-16T21:21:54.282382,172.20.10.5,5,0
2026-01-16T21:21:54.282382,172.20.10.5,6,0
2026-01-16T21:21:54.282382,172.20.10.5,7,0
2026-01-16T21:21:54.282382,172.20.10.5,8,0.298091
2026-01-16T21:21:54.282382,172.20.10.5,9,0
2026-01-16T21:21:54.282382,172.20.10.5,10,0
2026-01-16T21:21:54.282382,172.20.10.5,11,0
2026-01-16T21:21:54.282382,172.20.10.5,12,0
2026-01-16T21:21:54.282382,172.20.10.5,13,0
2026-01-16T21:21:54.282382,172.20.10.5,14,0
2026-01-16T21:21:54.282382,172.20.10.5,15,0
2026-01-16T21:21:54.282382,172.20.10.5,16,0
2026-01-16T21:21:54.282382,172.20.10.5,17,0
2026-01-16T21:21:54.282382,172.20.10.5,18,0
2026-01-16T21:21:54.282382,172.20.10.5,19,0
2026-01-16T21:21:54.282382,172.20.10.5,20,0
2026-01-16T21:21:54.282382,172.20.10.5,21,0
2026-01-16T21:21:54.282382,172.20.10.5,22,0
2026-01-16T21:21:54.282382,172.20.10.5,23,0
2026-01-16T21:21:54.282382,172.20.10.5,0,0
2026-01-16T21:21:54.282382,172.20.10.5,1,0
2026-01-16T21:21:54.282382,172.20.10.5,2,0
2026-01-16T21:21:54.282382,172.20.10.5,3,0
2026-01-16T21:21:54.282382,172.20.10.5,4,0
2026-01-16T21:21:54.282382,172.20.10.5,5,0
2026-01-16T21:21:54.282382,172.20.10.5,6,0
2026-01-16T21:21:54.282382,172.20.10.5,7,0
2026-01-16T21:21:54.282382,172.20.10.5,8,0.298091
2026-01-16T21:21:54.282382,172.20.10.5,9,0
2026-01-16T21:21:54.282382,172.20.10.5,10,0
2026-01-16T21:21:54.282382,172.20.10.5,11,0
2026-01-16T21:21:54.282382,172.20.10.5,12,0
2026-01-16T21:21:54.282382,172.20.10.5,13,0
2026-01-16T21:21:54.282382,172.20.10.5,14,0
2026-01-16T21:21:54.282382,172.20.10.5,15,0
2026-01-16T21:21:54.282382,172.20.10.5,16,0
2026-01-16T21:21:54.282382,172.20.10.5,17,0
2026-01-16T21:21:54.282382,172.20.10.5,18,0
2026-01-16T21:21:54.282382,172.20.10.5,19,0
2026-01-16T21:21:54.282382,172.20.10.5,20,0
2026-01-16T21:21:54.282382,172.20.10.5,21,0
2026-01-16T21:21:54.282382,172.20.10.5,22,0
2026-01-16T21:21:54.282382,172.20.10.5,23,0
2026-01-16T21:21:54.282382,172.20.10.5,0,0
2026-01-16T21:21:54.282382,172.20.10.5,1,0
2026-01-16T21:21:54.282382,172.20.10.5,2,0
2026-01-16T21:21:54.282382,172.20.10.5,3,0
2026-01-16T21:21:54.282382,172.20.10.5,4,0
2026-01-16T21:21:54.282382,172.20.10.5,5,0
2026-01-16T21:21:54.282382,172.20.10.5,6,0
2026-01-16T21:21:54.282382,172.20.10.5,7,0
2026-01-16T21:21:54.282382,172.20.10.5,8,0.298091
2026-01-16T21:21:54.282382,172.20.10.5,9,0
2026-01-16T21:21:54.282382,172.20.10.5,10,0
2026-01-16T21:21:54.282382,172.20.10.5,11,0
2026-01-16T21:21:54.282382,172.20.10.5,12,0
2026-01-16T21:21:54.282382,172.20.10.5,13,0
2026-01-16T21:21:54.282382,172.20.10.5,14,0
2026-01-16T21:21:54.282382,172.20.10.5,15,0
2026-01-16T21:21:54.282382,172.20.10.5,16,0
2026-01-16T21:21:54.282382,172.20.10.5,17,0
2026-01-16T21:21:54.282382,172.20.10.5,18,0
2026-01-16T21:21:54.282382,172.20.10.5,19,0
2026-01-16T21:21:54.282382,172.20.10.5,20,0
2026-01-16T21:21:54.282382,172.20.10.5,21,0
2026-01-16T21:21:54.282382,172.20.10.5,22,0
2026-01-16T21:21:54.282382,172.20.10.5,23,0
2026-01-16T21:21:54.282382,172.20.10.5,0,0
2026-01-16T21:21:54.282382,172.20.10.5,1,0
2026-01-16T21:21:54.282382,172.20.10.5,2,0
2026-01-16T21:21:54.282382,172.20.10.5,3,0
2026-01-16T21:21:54.282382,172.20.10.5,4,0
2026-01-16T21:21:54.282382,172.20.10.5,5,0
2026-01-16T21:21:54.282382,172.20.10.5,6,0
2026-01-16T21:21:54.282382,172.20.10.5,7,0
2026-01-16T21:21:54.282382,172.20.10.5,8,0.298091
2026-01-16T21:21:54.282382,172.20.10.5,9,0
2026-01-16T21:21:54.282382,172.20.10.5,10,0
2026-01-16T21:21:54.282382,172.20.10.5,11,0
2026-01-16T21:21:54.282382,172.20.10.5,12,0
2026-01-16T21:21:54.282382,172.20.10.5,13,0
2026-01-16T21:21:54.282382,172.20.10.5,14,0
2026-01-16T21:21:54.282382,172.20.10.5,15,0
2026-01-16T21:21:54.282382,172.20.10.5,16,0
2026-01-16T21:21:54.282382,172.20.10.5,17,0
2026-01-16T21:21:54.282382,172.20.10.5,18,0
2026-01-16T21:21:54.282382,172.20.10.5,19,0
2026-01-16T21:21:54.282382,172.20.10.5,20,0
2026-01-16T21:21:54.282382,172.20.10.5,21,0
2026-01-16T21:21:54.282382,172.20.10.5,22,0
2026-01-16T21:21:54.282382,172.20.10.5,23,0
2026-01-16T21:21:54.282382,172.20.10.5,0,0
2026-01-16T21:21:54.282382,172.20.10.5,1,0
2026-01-16T21:21:54.282382,172.20.10.5,2,0
2026-01-16T21:21:54.282382,172.20.10.5,3,0
2026-01-16T21:21:54.282382,172.20.10.5,4,0
2026-01-16T21:21:54.282382,172.20.10.5,5,0
2026-01-16T21:21:54.282382,172.20.10.5,6,0
2026-01-16T21:21:54.282382,172.20.10.5,7,0
2026-01-16T21:21:54.282382,172.20.10.5,8,0.298091
2026-01-16T21:21:54.282382,172.20.10.5,9,0
2026-01-16T21:21:54.282382,172.20.10.5,10,0
2026-01-16T21:21:54.282382,172.20.10.5,11,0
2026-01-16T21:21:54.282382,172.20.10.5,12,0
2026-01-16T21:21:54.282382,172.20.10.5,13,0
2026-01-16T21:21:54.282382,172.20.10.5,14,0
2026-01-16T21:21:54.282382,172.20.10.5,15,0
2026-01-16T21:21:54.282382,172.20.10.5,16,0
2026-01-16T21:21:54.282382,172.20.10.5,17,0
2026-01-16T21:21:54.282382,172.20.10.5,18,0
2026-01-16T21:21:54.282382,172.20.10.5,19,0
2026-01-16T21:21:54.282382,172.20.10.5,20,0
2026-01-16T21:21:54.282382,172.20.10.5,21,0
2026-01-16T21:21:54.282382,172.20.10.5,22,0
2026-01-16T21:21:54.282382,172.20.10.5,23,0
2026-01-16T21:21:54.282382,172.20.10.5,0,0
2026-01-16T21:21:54.282382,172.20.10.5,1,0
2026-01-16T21:21:54.282382,172.20.10.5,2,0
2026-01-16T21:21:54.282382,172.20.10.5,3,0
2026-01-16T21:21:54.282382,172.20.10.5,4,0
2026-01-16T21:21:54.282382,172.20.10.5,5,0
2026-01-16T21:21:54.282382,172.20.10.5,6,0
2026-01-16T21:21:54.282382,172.20.10.5,7,0
2026-01-16T21:21:54.282382,172.20.10.5,8,0.298091
2026-01-16T21:21:54.282382,172.20.10.5,9,0
2026-01-16T21:21:54.282382,172.20.10.5,10,0
2026-01-16T21:21:54.282382,172.20.10.5,11,0
2026-01-16T21:21:54.282382,172.20.10.5,12,0
2026-01-16T21:21:54.282382,172.20.10.5,13,0
2026-01-16T21:21:54.282382,172.20.10.5,14,0
2026-01-16T21:21:54.282382,172.20.10.5,15,0
2026-01-16T21:21:54.282382,172.20.10.5,16,0
2026-01-16T21:21:54.282382,172.20.10.5,17,0
2026-01-16T21:21:54.282382,172.20.10.5,18,0
2026-01-16T21:21:54.282382,172.20.10.5,19,0
2026-01-16T21:21:54.282382,172.20.10.5,20,0
2026-01-16T21:21:54.282382,172.20.10.5,21,0
2026-01-16T21:21:54.282382,172.20.10.5,22,0
2026-01-16T21:21:54.282382,172.20.10.5,23,0
2026-01-16T21:21:54.282382,172.20.10.5,0,0
2026-01-16T21:21:54.282382,172.20.10.5,1,0
2026-01-16T21:21:54.282382,172.20.10.5,2,0
2026-01-16T21:21:54.282382,172.20.10.5,3,0
2026-01-16T21:21:54.282382,172.20.10.5,4,0
2026-01-16T21:21:54.282382,172.20.10.5,5,0
2026-01-16T21:21:54.282382,172.20.10.5,6,0
2026-01-16T21:21:54.282382,172.20.10.5,7,0
2026-01-16T21:21:54.282382,172.20.10.5,8,0.298091
2026-01-16T21:21:54.282382,172.20.10.5,9,0
2026-01-16T21:21:54.282382,172.20.10.5,10,0
2026-01-16T21:21:54.282382,172.20.10.5,11,0
2026-01-16T21:21:54.282382,172.20.10.5,12,0
2026-01-16T21:21:54.282382,172.20.10.5,13,0
2026-01-16T21:21:54.282382,172.20.10.5,14,0
2026-01-16T21:21:54.282382,172.20.10.5,15,0
2026-01-16T21:21:54.282382,172.20.10.5,16,0
2026-01-16T21:21:54.282382,172.20.10.5,17,0
2026-01-16T21:21:54.282382,172.20.10.5,18,0
2026-01-16T21:21:54.282382,172.20.10.5,19,0
2026-01-16T21:21:54.282382,172.20.10.5,20,0
2026-01-16T21:21:54.282382,172.20.10.5,21,0
2026-01-16T21:21:54.282382,172.20.10.5,22,0
2026-01-16T21:21:54.282382,172.20.10.5,23,0
2026-01-16T21:21:54.282382,172.20.10.5,0,0
2026-01-16T21:21:54.282382,172.20.10.5,1,0
2026-01-16T21:21:54.282382,172.20.10.5,2,0
2026-01-16T21:21:54.282382,172.20.10.5,3,0
2026-01-16T21:21:54.282382,172.20.10.5,4,0
2026-01-16T21:21:54.282382,172.20.10.5,5,0
2026-01-16T21:21:54.282382,172.20.10.5,6,0
2026-01-16T21:21:54.282382,172.20.10.5,7,0
2026-01-16T21:21:54.282382,172.20.10.5,8,0.298091
2026-01-16T21:21:54.282382,172.20.10.5,9,0
2026-01-16T21:21:54.282382,172.20.10.5,10,0
2026-01-16T21:21:54.282382,172.20.10.5,11,0
2026-01-16T21:21:54.282382,172.20.10.5,12,0
2026-01-16T21:21:54.282382,172.20.10.5,13,0
2026-01-16T21:21:54.282382,172.20.10.5,14,0
2026-01-16T21:21:54.282382,172.20.10.5,15,0
2026-01-16T21:21:54.282382,172.20.10.5,16,0
2026-01-16T21:21:54.282382,172.20.10.5,17,0
2026-01-16T21:21:54.282382,172.20.10.5,18,0
2026-01-16T21:21:54.282382,172.20.10.5,19,0
2026-01-16T21:21:54.282382,172.20.10.5,20,0
2026-01-16T21:21:54.282382,172.20.10.5,21,0
2026-01-16T21:21:54.282382,172.20.10.5,22,0
2026-01-16T21:21:54.282382,172.20.10.5,23,0
2026-01-16T21:21:54.282382,172.20.10.5,0,0
2026-01-16T21:21:54.282382,172.20.10.5,1,0
2026-01-16T21:21:54.282382,172.20.10.5,2,0
2026-01-16T21:21:54.282382,172.20.10.5,3,0
2026-01-16T21:21:54.282382,172.20.10.5,4,0
2026-01-16T21:21:54.282382,172.20.10.5,5,0
2026-01-16T21:21:54.282382,172.20.10.5,6,0
2026-01-16T21:21:54.282382,172.20.10.5,7,0
2026-01-16T21:21:54.282382,172.20.10.5,8,0.298091
2026-01-16T21:21:54.282382,172.20.10.5,9,0
2026-01-16T21:21:54.282382,172.20.10.5,10,0
2026-01-16T21:21:54.282382,172.20.10.5,11,0
2026-01-16T21:21:54.282382,172.20.10.5,12,0
2026-01-16T21:21:54.282382,172.20.10.5,13,0
2026-01-16T21:21:54.282382,172.20.10.5,14,0
2026-01-16T21:21:54.282382,172.20.10.5,15,0
2026-01-16T21:21:54.282382,172.20.10.5,16,0
2026-01-16T21:21:54.282382,172.20.10.5,17,0
2026-01-16T21:21:54.282382,172.20.10.5,18,0
2026-01-16T21:21:54.282382,172.20.10.5,19,0
2026-01-16T21:21:54.282382,172.20.10.5,20,0
2026-01-16T21:21:54.282382,172.20.10.5,21,0
2026-01-16T21:21:54.282382,172.20.10.5,22,0
2026-01-16T21:21:54.282382,172.20.10.5,23,0
2026-01-16T21:21:54.282382,172.20.10.5,0,0
2026-01-16T21:21:54.282382,172.20.10.5,1,0
2026-01-16T21:21:54.282382,172.20.10.5,2,0
2026-01-16T21:21:54.282382,172.20.10.5,3,0
2026-01-16T21:21:54.282382,172.20.10.5,4,0
2026-01-16T21:21:54.282382,172.20.10.5,5,0
2026-01-16T21:21:54.282382,172.20.10.5,6,0
2026-01-16T21:21:54.282382,172.20.10.5,7,0
2026-01-16T21:21:54.282382,172.20.10.5,8,0.298091
2026-01-16T21:21:54.282382,172.20.10.5,9,0
2026-01-16T21:21:54.282382,172.20.10.5,10,0
2026-01-16T21:21:54.282382,172.20.10.5,11,0
2026-01-16T21:21:54.282382,172.20.10.5,12,0
2026-01-16T21:21:54.282382,172.20.10.5,13,0
2026-01-16T21:21:54.282382,172.20.10.5,14,0
2026-01-16T21:21:54.282382,172.20.10.5,15,0
2026-01-16T21:21:54.282382,172.20.10.5,16,0
2026-01-16T21:21:54.282382,172.20.10.5,17,0
2026-01-16T21:21:54.282382,172.20.10.5,18,0
2026-01-16T21:21:54.282382,172.20.10.5,19,0
2026-01-16T21:21:54.282382,172.20.10.5,20,0
2026-01-16T21:21:54.282382,172.20.10.5,21,0
2026-01-16T21:21:54.282382,172.20.10.5,22,0
2026-01-16T21:21:54.282382,172.20.10.5,23,0
2026-01-16T21:21:54.282382,172.20.10.5,0,0
2026-01-16T21:21:54.282382,172.20.10.5,1,0
2026-01-16T21:21:54.282382,172.20.10.5,2,0
2026-01-16T21:21:54.282382,172.20.10.5,3,0
2026-01-16T21:21:54.282382,172.20.10.5,4,0
2026-01-16T21:21:54.282382,172.20.10.5,5,0
2026-01-16T21:21:54.282382,172.20.10.5,6,0
2026-01-16T21:21:54.282382,172.20.10.5,7,0
2026-01-16T21:21:54.282382,172.20.10.5,8,0.298091
2026-01-16T21:21:54.282382,172.20.10.5,9,0
2026-01-16T21:21:54.282382,172.20.10.5,10,0
2026-01-16T21:21:54.282382,172.20.10.5,11,0
2026-01-16T21:21:54.282382,172.20.10.5,12,0
2026-01-16T21:21:54.282382,172.20.10.5,13,0
2026-01-16T21:21:54.282382,172.20.10.5,14,0
2026-01-16T21:21:54.282382,172.20.10.5,15,0
2026-01-16T21:21:54.282382,172.20.10.5,16,0
2026-01-16T21:21:54.282382,172.20.10.5,17,0
2026-01-16T21:21:54.282382,172.20.10.5,18,0
2026-01-16T21:21:54.282382,172.20.10.5,19,0
2026-01-16T21:21:54.282382,172.20.10.5,20,0
2026-01-16T21:21:54.282382,172.20.10.5,21,0
2026-01-16T21:21:54.282382,172.20.10.5,22,0
2026-01-16T21:21:54.282382,172.20.10.5,23,0
2026-01-16T21:21:54.282382,172.20.10.5,0,0
2026-01-16T21:21:54.282382,172.20.10.5,1,0
2026-01-16T21:21:54.282382,172.20.10.5,2,0
2026-01-16T21:21:54.282382,172.20.10.5,3,0
2026-01-16T21:21:54.282382,172.20.10.5,4,0
2026-01-16T21:21:54.282382,172.20.10.5,5,0
2026-01-16T21:21:54.282382,172.20.10.5,6,0
2026-01-16T21:21:54.282382,172.20.10.5,7,0
2026-01-16T21:21:54.282382,172.20.10.5,8,0.298091
2026-01-16T21:21:54.282382,172.20.10.5,9,0
2026-01-16T21:21:54.282382,172.20.10.5,10,0
2026-01-16T21:21:54.282382,172.20.10.5,11,0
2026-01-16T21:21:54.282382,172.20.10.5,12,0
2026-01-16T21:21:54.282382,172.20.10.5,13,0
2026-01-16T21:21:54.282382,172.20.10.5,14,0
2026-01-16T21:21:54.282382,172.20.10.5,15,0
2026-01-16T21:21:54.282382,172.20.10.5,16,0
2026-01-16T21:21:54.282382,172.20.10.5,17,0
2026-01-16T21:21:54.282382,172.20.10.5,18,0
2026-01-16T21:21:54.282382,172.20.10.5,19,0
2026-01-16T21:21:54.282382,172.20.10.5,20,0
2026-01-16T21:21:54.282382,172.20.10.5,21,0
2026-01-16T21:21:54.282382,172.20.10.5,22,0
2026-01-16T21:21:54.282382,172.20.10.5,23,0
2026-01-16T21:21:54.282382,172.20.10.5,0,0
2026-01-16T21:21:54.282382,172.20.10.5,1,0
2026-01-16T21:21:54.282382,172.20.10.5,2,0
2026-01-16T21:21:54.282382,172.20.10.5,3,0
2026-01-16T21:21:54.282382,172.20.10.5,4,0
2026-01-16T21:21:54.282382,172.20.10.5,5,0
2026-01-16T21:21:54.282382,172.20.10.5,6,0
2026-01-16T21:21:54.282382,172.20.10.5,7,0
2026-01-16T21:21:54.282382,172.20.10.5,8,0.298091
2026-01-16T21:21:54.282382,172.20.10.5,9,0
2026-01-16T21:21:54.282382,172.20.10.5,10,0
2026-01-16T21:21:54.282382,172.20.10.5,11,0
2026-01-16T21:21:54.282382,172.20.10.5,12,0
2026-01-16T21:21:54.282382,172.20.10.5,13,0
2026-01-16T21:21:54.282382,172.20.10.5,14,0
2026-01-16T21:21:54.282382,172.20.10.5,15,0
2026-01-16T21:21:54.282382,172.20.10.5,16,0
2026-01-16T21:21:54.282382,172.20.10.5,17,0
2026-01-16T21:21:54.282382,172.20.10.5,18,0
2026-01-16T21:21:54.282382,172.20.10.5,19,0
2026-01-16T21:21:54.282382,172.20.10.5,20,0
2026-01-16T21:21:54.282382,172.20.10.5,21,0
2026-01-16T21:21:54.282382,172.20.10.5,22,0
2026-01-16T21:21:54.282382,172.20.10.5,23,0
2026-01-16T21:21:54.282382,172.20.10.5,0,0
2026-01-16T21:21:54.282382,172.20.10.5,1,0
2026-01-16T21:21:54.282382,172.20.10.5,2,0
2026-01-16T21:21:54.282382,172.20.10.5,3,0
2026-01-16T21:21:54.282382,172.20.10.5,4,0
2026-01-16T21:21:54.282382,172.20.10.5,5,0
2026-01-16T21:21:54.282382,172.20.10.5,6,0
2026-01-16T21:21:54.282382,172.20.10.5,7,0
2026-01-16T21:21:54.282382,172.20.10.5,8,0.298091
2026-01-16T21:21:54.282382,172.20.10.5,9,0
2026-01-16T21:21:54.282382,172.20.10.5,10,0
2026-01-16T21:21:54.282382,172.20.10.5,11,0
2026-01-16T21:21:54.282382,172.20.10.5,12,0
2026-01-16T21:21:54.282382,172.20.10.5,13,0
2026-01-16T21:21:54.282382,172.20.10.5,14,0
2026-01-16T21:21:54.282382,172.20.10.5,15,0
2026-01-16T21:21:54.282382,172.20.10.5,16,0
2026-01-16T21:21:54.282382,172.20.10.5,17,0
2026-01-16T21:21:54.282382,172.20.10.5,18,0
2026-01-16T21:21:54.282382,172.20.10.5,19,0
2026-01-16T21:21:54.282382,172.20.10.5,20,0
2026-01-16T21:21:54.282382,172.20.10.5,21,0
2026-01-16T21:21:54.282382,172.20.10.5,22,0
2026-01-16T21:21:54.282382,172.20.10.5,23,0
2026-01-16T21:21:54.282382,172.20.10.5,0,0
2026-01-16T21:21:54.282382,172.20.10.5,1,0
2026-01-16T21:21:54.282382,172.20.10.5,2,0
2026-01-16T21:21:54.282382,172.20.10.5,3,0
2026-01-16T21:21:54.282382,172.20.10.5,4,0
2026-01-16T21:21:54.282382,172.20.10.5,5,0
2026-01-16T21:21:54.282382,172.20.10.5,6,0
2026-01-16T21:21:54.282382,172.20.10.5,7,0
2026-01-16T21:21:54.282382,172.20.10.5,8,0.298091
2026-01-16T21:21:54.282382,172.20.10.5,9,0
2026-01-16T21:21:54.282382,172.20.10.5,10,0
2026-01-16T21:21:54.282382,172.20.10.5,11,0
2026-01-16T21:21:54.282382,172.20.10.5,12,0
2026-01-16T21:21:54.282382,172.20.10.5,13,0
2026-01-16T21:21:54.282382,172.20.10.5,14,0
2026-01-16T21:21:54.282382,172.20.10.5,15,0
2026-01-16T21:21:54.282382,172.20.10.5,16,0
2026-01-16T21:21:54.282382,172.20.10.5,17,0
2026-01-16T21:21:54.282382,172.20.10.5,18,0
2026-01-16T21:21:54.282382,172.20.10.5,19,0
2026-01-16T21:21:54.282382,172.20.10.5,20,0
2026-01-16T21:21:54.282382,172.20.10.5,21,0
2026-01-16T21:21:54.282382,172.20.10.5,22,0
2026-01-16T21:21:54.282382,172.20.10.5,23,0
2026-01-16T21:21:54.282382,172.20.10.5,0,0
2026-01-16T21:21:54.282382,172.20.10.5,1,0
2026-01-16T21:21:54.282382,172.20.10.5,2,0
2026-01-16T21:21:54.282382,172.20.10.5,3,0
2026-01-16T21:21:54.282382,172.20.10.5,4,0
2026-01-16T21:21:54.282382,172.20.10.5,5,0
2026-01-16T21:21:54.282382,172.20.10.5,6,0
2026-01-16T21:21:54.282382,172.20.10.5,7,0
2026-01-16T21:21:54.282382,172.20.10.5,8,0.298091
2026-01-16T21:21:54.282382,172.20.10.5,9,0
2026-01-16T21:21:54.282382,172.20.10.5,10,0
2026-01-16T21:21:54.282382,172.20.10.5,11,0
2026-01-16T21:21:54.282382,172.20.10.5,12,0
2026-01-16T21:21:54.282382,172.20.10.5,13,0
2026-01-16T21:21:54.282382,172.20.10.5,14,0
2026-01-16T21:21:54.282382,172.20.10.5,15,0
2026-01-16T21:21:54.282382,172.20.10.5,16,0
2026-01-16T21:21:54.282382,172.20.10.5,17,0
2026-01-16T21:21:54.282382,172.20.10.5,18,0
2026-01-16T21:21:54.282382,172.20.10.5,19,0
2026-01-16T21:21:54.282382,172.20.10.5,20,0
2026-01-16T21:21:54.282382,172.20.10.5,21,0
2026-01-16T21:21:54.282382,172.20.10.5,22,0
2026-01-16T21:21:54.282382,172.20.10.5,23,0
2026-01-16T21:21:54.282382,172.20.10.5,0,0
2026-01-16T21:21:54.282382,172.20.10.5,1,0
2026-01-16T21:21:54.282382,172.20.10.5,2,0
2026-01-16T21:21:54.282382,172.20.10.5,3,0
2026-01-16T21:21:54.282382,172.20.10.5,4,0
2026-01-16T21:21:54.282382,172.20.10.5,5,0
2026-01-16T21:21:54.282382,172.20.10.5,6,0
2026-01-16T21:21:54.282382,172.20.10.5,7,0
2026-01-16T21:21:54.282382,172.20.10.5,8,0.298091
2026-01-16T21:21:54.282382,172.20.10.5,9,0
2026-01-16T21:21:54.282382,172.20.10.5,10,0
2026-01-16T21:21:54.282382,172.20.10.5,11,0
2026-01-16T21:21:54.282382,172.20.10.5,12,0
2026-01-16T21:21:54.282382,172.20.10.5,13,0
2026-01-16T21:21:54.282382,172.20.10.5,14,0
2026-01-16T21:21:54.282382,172.20.10.5,15,0
2026-01-16T21:21:54.282382,172.20.10.5,16,0
2026-01-16T21:21:54.282382,172.20.10.5,17,0
2026-01-16T21:21:54.282382,172.20.10.5,18,0
2026-01-16T21:21:54.282382,172.20.10.5,19,0
2026-01-16T21:21:54.282382,172.20.10.5,20,0
2026-01-16T21:21:54.282382,172.20.10.5,21,0
2026-01-16T21:21:54.282382,172.20.10.5,22,0
2026-01-16T21:21:54.282382,172.20.10.5,23,0
2026-01-16T21:21:54.282382,172.20.10.5,0,0
2026-01-16T21:21:54.282382,172.20.10.5,1,0
2026-01-16T21:21:54.282382,172.20.10.5,2,0
2026-01-16T21:21:54.282382,172.20.10.5,3,0
2026-01-16T21:21:54.282382,172.20.10.5,4,0
2026-01-16T21:21:54.282382,172.20.10.5,5,0
2026-01-16T21:21:54.282382,172.20.10.5,6,0
2026-01-16T21:21:54.282382,172.20.10.5,7,0
2026-01-16T21:21:54.282382,172.20.10.5,8,0.298091
2026-01-16T21:21:54.282382,172.20.10.5,9,0
2026-01-16T21:21:54.282382,172.20.10.5,10,0
2026-01-16T21:21:54.282382,172.20.10.5,11,0
2026-01-16T21:21:54.282382,172.20.10.5,12,0
2026-01-16T21:21:54.282382,172.20.10.5,13,0
2026-01-16T21:21:54.282382,172.20.10.5,14,0
2026-01-16T21:21:54.282382,172.20.10.5,15,0
2026-01-16T21:21:54.282382,172.20.10.5,16,0
2026-01-16T21:21:54.282382,172.20.10.5,17,0
2026-01-16T21:21:54.282382,172.20.10.5,18,0
2026-01-16T21:21:54.282382,172.20.10.5,19,0
2026-01-16T21:21:54.282382,172.20.10.5,20,0
2026-01-16T21:21:54.282382,172.20.10.5,21,0
2026-01-16T21:21:54.282382,172.20.10.5,22,0
2026-01-16T21:21:54.282382,172.20.10.5,23,0
2026-01-16T21:21:54.282382,172.20.10.5,0,0
2026-01-16T21:21:54.282382,172.20.10.5,1,0
2026-01-16T21:21:54.282382,172.20.10.5,2,0
2026-01-16T21:21:54.282382,172.20.10.5,3,0
2026-01-16T21:21:54.282382,172.20.10.5,4,0
2026-01-16T21:21:54.282382,172.20.10.5,5,0
2026-01-16T21:21:54.282382,172.20.10.5,6,0
2026-01-16T21:21:54.282382,172.20.10.5,7,0
2026-01-16T21:21:54.282382,172.20.10.5,8,0.298091
2026-01-16T21:21:54.282382,172.20.10.5,9,0
2026-01-16T21:21:54.282382,172.20.10.5,10,0
2026-01-16T21:21:54.282382,172.20.10.5,11,0
2026-01-16T21:21:54.282382,172.20.10.5,12,0
2026-01-16T21:21:54.282382,172.20.10.5,13,0
2026-01-16T21:21:54.282382,172.20.10.5,14,0
2026-01-16T21:21:54.282382,172.20.10.5,15,0
2026-01-16T21:21:54.282382,172.20.10.5,16,0
2026-01-16T21:21:54.282382,172.20.10.5,17,0
2026-01-16T21:21:54.282382,172.20.10.5,18,0
2026-01-16T21:21:54.282382,172.20.10.5,19,0
2026-01-16T21:21:54.282382,172.20.10.5,20,0
2026-01-16T21:21:54.282382,172.20.10.5,21,0
2026-01-16T21:21:54.282382,172.20.10.5,22,0
2026-01-16T21:21:54.282382,172.20.10.5,23,0
2026-01-16T21:21:54.282382,172.20.10.5,0,0
2026-01-16T21:21:54.282382,172.20.10.5,1,0
2026-01-16T21:21:54.282382,172.20.10.5,2,0
2026-01-16T21:21:54.282382,172.20.10.5,3,0
2026-01-16T21:21:54.282382,172.20.10.5,4,0
2026-01-16T21:21:54.282382,172.20.10.5,5,0
2026-01-16T21:21:54.282382,172.20.10.5,6,0
2026-01-16T21:21:54.282382,172.20.10.5,7,0
2026-01-16T21:21:54.282382,172.20.10.5,8,0.298091
2026-01-16T21:21:54.282382,172.20.10.5,9,0
2026-01-16T21:21:54.282382,172.20.10.5,10,0
2026-01-16T21:21:54.282382,172.20.10.5,11,0
2026-01-16T21:21:54.282382,172.20.10.5,12,0
2026-01-16T21:21:54.282382,172.20.10.5,13,0
2026-01-16T21:21:54.282382,172.20.10.5,14,0
2026-01-16T21:21:54.282382,172.20.10.5,15,0
2026-01-16T21:21:54.282382,172.20.10.5,16,0
2026-01-16T21:21:54.282382,172.20.10.5,17,0
2026-01-16T21:21:54.282382,172.20.10.5,18,0
2026-01-16T21:21:54.282382,172.20.10.5,19,0
2026-01-16T21:21:54.282382,172.20.10.5,20,0
2026-01-16T21:21:54.282382,172.20.10.5,21,0
2026-01-16T21:21:54.282382,172.20.10.5,22,0
2026-01-16T21:21:54.282382,172.20.10.5,23,0
2026-01-16T21:21:54.282382,172.20.10.5,0,0
2026-01-16T21:21:54.282382,172.20.10.5,1,0
2026-01-16T21:21:54.282382,172.20.10.5,2,0
2026-01-16T21:21:54.282382,172.20.10.5,3,0
2026-01-16T21:21:54.282382,172.20.10.5,4,0
2026-01-16T21:21:54.282382,172.20.10.5,5,0
2026-01-16T21:21:54.282382,172.20.10.5,6,0
2026-01-16T21:21:54.282382,172.20.10.5,7,0
2026-01-16T21:21:54.282382,172.20.10.5,8,0.298091
2026-01-16T21:21:54.282382,172.20.10.5,9,0
2026-01-16T21:21:54.282382,172.20.10.5,10,0
2026-01-16T21:21:54.282382,172.20.10.5,11,0
2026-01-16T21:21:54.282382,172.20.10.5,12,0
2026-01-16T21:21:54.282382,172.20.10.5,13,0
2026-01-16T21:21:54.282382,172.20.10.5,14,0
2026-01-16T21:21:54.282382,172.20.10.5,15,0
2026-01-16T21:21:54.282382,172.20.10.5,16,0
2026-01-16T21:21:54.282382,172.20.10.5,17,0
2026-01-16T21:21:54.282382,172.20.10.5,18,0
2026-01-16T21:21:54.282382,172.20.10.5,19,0
2026-01-16T21:21:54.282382,172.20.10.5,20,0
2026-01-16T21:21:54.282382,172.20.10.5,21,0
2026-01-16T21:21:54.282382,172.20.10.5,22,0
2026-01-16T21:21:54.282382,172.20.10.5,23,0
2026-01-16T21:21:54.282382,172.20.10.5,0,0
2026-01-16T21:21:54.282382,172.20.10.5,1,0
2026-01-16T21:21:54.282382,172.20.10.5,2,0
2026-01-16T21:21:54.282382,172.20.10.5,3,0
2026-01-16T21:21:54.282382,172.20.10.5,4,0
2026-01-16T21:21:54.282382,172.20.10.5,5,0
2026-01-16T21:21:54.282382,172.20.10.5,6,0
2026-01-16T21:21:54.282382,172.20.10.5,7,0
2026-01-16T21:21:54.282382,172.20.10.5,8,0.298091
2026-01-16T21:21:54.282382,172.20.10.5,9,0
2026-01-16T21:21:54.282382,172.20.10.5,10,0
2026-01-16T21:21:54.282382,172.20.10.5,11,0
2026-01-16T21:21:54.282382,172.20.10.5,12,0
2026-01-16T21:21:54.282382,172.20.10.5,13,0
2026-01-16T21:21:54.282382,172.20.10.5,14,0
2026-01-16T21:21:54.282382,172.20.10.5,15,0
2026-01-16T21:21:54.282382,172.20.10.5,16,0
2026-01-16T21:21:54.282382,172.20.10.5,17,0
2026-01-16T21:21:54.282382,172.20.10.5,18,0
2026-01-16T21:21:54.282382,172.20.10.5,19,0
2026-01-16T21:21:54.282382,172.20.10.5,20,0
2026-01-16T21:21:54.282382,172.20.10.5,21,0
2026-01-16T21:21:54.282382,172.20.10.5,22,0
2026-01-16T21:21:54.282382,172.20.10.5,23,0
2026-01-16T21:21:54.282382,172.20.10.5,0,0
2026-01-16T21:21:54.282382,172.20.10.5,1,0
2026-01-16T21:21:54.282382,172.20.10.5,2,0
2026-01-16T21:21:54.282382,172.20.10.5,3,0
2026-01-16T21:21:54.282382,172.20.10.5,4,0
2026-01-16T21:21:54.282382,172.20.10.5,5,0
2026-01-16T21:21:54.282382,172.20.10.5,6,0
2026-01-16T21:21:54.282382,172.20.10.5,7,0
2026-01-16T21:21:54.282382,172.20.10.5,8,0.298091
2026-01-16T21:21:54.282382,172.20.10.5,9,0
2026-01-16T21:21:54.282382,172.20.10.5,10,0
2026-01-16T21:21:54.282382,172.20.10.5,11,0
2026-01-16T21:21:54.282382,172.20.10.5,12,0
2026-01-16T21:21:54.282382,172.20.10.5,13,0
2026-01-16T21:21:54.282382,172.20.10.5,14,0
2026-01-16T21:21:54.282382,172.20.10.5,15,0
2026-01-16T21:21:54.282382,172.20.10.5,16,0
2026-01-16T21:21:54.282382,172.20.10.5,17,0
2026-01-16T21:21:54.282382,172.20.10.5,18,0
2026-01-16T21:21:54.282382,172.20.10.5,19,0
2026-01-16T21:21:54.282382,172.20.10.5,20,0
2026-01-16T21:21:54.282382,172.20.10.5,21,0
2026-01-16T21:21:54.282382,172.20.10.5,22,0
2026-01-16T21:21:54.282382,172.20.10.5,23,0
2026-01-16T21:21:54.282382,172.20.10.5,0,0
2026-01-16T21:21:54.282382,172.20.10.5,1,0
2026-01-16T21:21:54.282382,172.20.10.5,2,0
2026-01-16T21:21:54.282382,172.20.10.5,3,0
2026-01-16T21:21:54.282382,172.20.10.5,4,0
2026-01-16T21:21:54.282382,172.20.10.5,5,0
2026-01-16T21:21:54.282382,172.20.10.5,6,0
2026-01-16T21:21:54.282382,172.20.10.5,7,0
2026-01-16T21:21:54.282382,172.20.10.5,8,0.298091
2026-01-16T21:21:54.282382,172.20.10.5,9,0
2026-01-16T21:21:54.282382,172.20.10.5,10,0
2026-01-16T21:21:54.282382,172.20.10.5,11,0
2026-01-16T21:21:54.282382,172.20.10.5,12,0
2026-01-16T21:21:54.282382,172.20.10.5,13,0
2026-01-16T21:21:54.282382,172.20.10.5,14,0
2026-01-16T21:21:54.282382,172.20.10.5,15,0
2026-01-16T21:21:54.282382,172.20.10.5,16,0
2026-01-16T21:21:54.282382,172.20.10.5,17,0
2026-01-16T21:21:54.282382,172.20.10.5,18,0
2026-01-16T21:21:54.282382,172.20.10.5,19,0
2026-01-16T21:21:54.282382,172.20.10.5,20,0
2026-01-16T21:21:54.282382,172.20.10.5,21,0
2026-01-16T21:21:54.282382,172.20.10.5,22,0
2026-01-16T21:21:54.282382,172.20.10.5,23,0
2026-01-16T21:21:54.282382,172.20.10.5,0,0
2026-01-16T21:21:54.282382,172.20.10.5,1,0
2026-01-16T21:21:54.282382,172.20.10.5,2,0
2026-01-16T21:21:54.282382,172.20.10.5,3,0
2026-01-16T21:21:54.282382,172.20.10.5,4,0
2026-01-16T21:21:54.282382,172.20.10.5,5,0
2026-01-16T21:21:54.282382,172.20.10.5,6,0
2026-01-16T21:21:54.282382,172.20.10.5,7,0
2026-01-16T21:21:54.282382,172.20.10.5,8,0.298091
2026-01-16T21:21:54.282382,172.20.10.5,9,0
2026-01-16T21:21:54.282382,172.20.10.5,10,0
2026-01-16T21:21:54.282382,172.20.10.5,11,0
2026-01-16T21:21:54.282382,172.20.10.5,12,0
2026-01-16T21:21:54.282382,172.20.10.5,13,0
2026-01-16T21:21:54.282382,172.20.10.5,14,0
2026-01-16T21:21:54.282382,172.20.10.5,15,0
2026-01-16T21:21:54.282382,172.20.10.5,16,0
2026-01-16T21:21:54.282382,172.20.10.5,17,0
2026-01-16T21:21:54.282382,172.20.10.5,18,0
2026-01-16T21:21:54.282382,172.20.10.5,19,0
2026-01-16T21:21:54.282382,172.20.10.5,20,0
2026-01-16T21:21:54.282382,172.20.10.5,21,0
2026-01-16T21:21:54.282382,172.20.10.5,22,0
2026-01-16T21:21:54.282382,172.20.10.5,23,0
2026-01-16T21:21:54.282382,172.20.10.5,0,0
2026-01-16T21:21:54.282382,172.20.10.5,1,0
2026-01-16T21:21:54.282382,172.20.10.5,2,0
2026-01-16T21:21:54.282382,172.20.10.5,3,0
2026-01-16T21:21:54.282382,172.20.10.5,4,0
2026-01-16T21:21:54.282382,172.20.10.5,5,0
2026-01-16T21:21:54.282382,172.20.10.5,6,0
2026-01-16T21:21:54.282382,172.20.10.5,7,0
2026-01-16T21:21:54.282382,172.20.10.5,8,0.298091
2026-01-16T21:21:54.282382,172.20.10.5,9,0
2026-01-16T21:21:54.282382,172.20.10.5,10,0
2026-01-16T21:21:54.282382,172.20.10.5,11,0
2026-01-16T21:21:54.282382,172.20.10.5,12,0
2026-01-16T21:21:54.282382,172.20.10.5,13,0
2026-01-16T21:21:54.282382,172.20.10.5,14,0
2026-01-16T21:21:54.282382,172.20.10.5,15,0
2026-01-16T21:21:54.282382,172.20.10.5,16,0
2026-01-16T21:21:54.282382,172.20.10.5,17,0
2026-01-16T21:21:54.282382,172.20.10.5,18,0
2026-01-16T21:21:54.282382,172.20.10.5,19,0
2026-01-16T21:21:54.282382,172.20.10.5,20,0
2026-01-16T21:21:54.282382,172.20.10.5,21,0
2026-01-16T21:21:54.282382,172.20.10.5,22,0
2026-01-16T21:21:54.282382,172.20.10.5,23,0
2026-01-16T21:21:54.282382,172.20.10.5,0,0
2026-01-16T21:21:54.282382,172.20.10.5,1,0
2026-01-16T21:21:54.282382,172.20.10.5,2,0
2026-01-16T21:21:54.282382,172.20.10.5,3,0
2026-01-16T21:21:54.282382,172.20.10.5,4,0
2026-01-16T21:21:54.282382,172.20.10.5,5,0
2026-01-16T21:21:54.282382,172.20.10.5,6,0
2026-01-16T21:21:54.282382,172.20.10.5,7,0
2026-01-16T21:21:54.282382,172.20.10.5,8,0.298091
2026-01-16T21:21:54.282382,172.20.10.5,9,0
2026-01-16T21:21:54.282382,172.20.10.5,10,0
2026-01-16T21:21:54.282382,172.20.10.5,11,0
2026-01-16T21:21:54.282382,172.20.10.5,12,0
2026-01-16T21:21:54.282382,172.20.10.5,13,0
2026-01-16T21:21:54.282382,172.20.10.5,14,0
2026-01-16T21:21:54.282382,172.20.10.5,15,0
2026-01-16T21:21:54.282382,172.20.10.5,16,0
2026-01-16T21:21:54.282382,172.20.10.5,17,0
2026-01-16T21:21:54.282382,172.20.10.5,18,0
2026-01-16T21:21:54.282382,172.20.10.5,19,0
2026-01-16T21:21:54.282382,172.20.10.5,20,0
2026-01-16T21:21:54.282382,172.20.10.5,21,0
2026-01-16T21:21:54.282382,172.20.10.5,22,0
2026-01-16T21:21:54.282382,172.20.10.5,23,0
2026-01-16T21:21:54.282382,172.20.10.5,0,0
2026-01-16T21:21:54.282382,172.20.10.5,1,0
2026-01-16T21:21:54.282382,172.20.10.5,2,0
2026-01-16T21:21:54.282382,172.20.10.5,3,0
2026-01-16T21:21:54.282382,172.20.10.5,4,0
2026-01-16T21:21:54.282382,172.20.10.5,5,0
2026-01-16T21:21:54.282382,172.20.10.5,6,0
2026-01-16T21:21:54.282382,172.20.10.5,7,0
2026-01-16T21:21:54.282382,172.20.10.5,8,1.94252
2026-01-16T21:21:54.282382,172.20.10.5,9,0
2026-01-16T21:21:54.282382,172.20.10.5,10,0
2026-01-16T21:21:54.282382,172.20.10.5,11,0
2026-01-16T21:21:54.282382,172.20.10.5,12,0
2026-01-16T21:21:54.282382,172.20.10.5,13,0
2026-01-16T21:21:54.282382,172.20.10.5,14,0
2026-01-16T21:21:54.282382,172.20.10.5,15,0
2026-01-16T21:21:54.282382,172.20.10.5,16,0
2026-01-16T21:21:54.282382,172.20.10.5,17,0
2026-01-16T21:21:54.282382,172.20.10.5,18,0
2026-01-16T21:21:54.282382,172.20.10.5,19,0
2026-01-16T21:21:54.282382,172.20.10.5,20,0
2026-01-16T21:21:54.282382,172.20.10.5,21,0
2026-01-16T21:21:54.282382,172.20.10.5,22,0
2026-01-16T21:21:54.282382,172.20.10.5,23,0
2026-01-16T21:21:54.282382,172.20.10.5,0,0
2026-01-16T21:21:54.282382,172.20.10.5,1,0
2026-01-16T21:21:54.282382,172.20.10.5,2,0
2026-01-16T21:21:54.282382,172.20.10.5,3,0
2026-01-16T21:21:54.282382,172.20.10.5,4,0
2026-01-16T21:21:54.282382,172.20.10.5,5,0
2026-01-16T21:21:54.282382,172.20.10.5,6,0
2026-01-16T21:21:54.282382,172.20.10.5,7,0
2026-01-16T21:21:54.282382,172.20.10.5,8,5.04069
2026-01-16T21:21:54.282382,172.20.10.5,9,0
2026-01-16T21:21:54.282382,172.20.10.5,10,0
2026-01-16T21:21:54.282382,172.20.10.5,11,0
2026-01-16T21:21:54.282382,172.20.10.5,12,0
2026-01-16T21:21:54.282382,172.20.10.5,13,0
2026-01-16T21:21:54.282382,172.20.10.5,14,0
2026-01-16T21:21:54.282382,172.20.10.5,15,0
2026-01-16T21:21:54.282382,172.20.10.5,16,0
2026-01-16T21:21:54.282382,172.20.10.5,17,0
2026-01-16T21:21:54.282382,172.20.10.5,18,0
2026-01-16T21:21:54.282382,172.20.10.5,19,0
2026-01-16T21:21:54.282382,172.20.10.5,20,0
2026-01-16T21:21:54.282382,172.20.10.5,21,0
2026-01-16T21:21:54.282382,172.20.10.5,22,0
2026-01-16T21:21:54.282382,172.20.10.5,23,0
2026-01-16T21:21:54.282382,172.20.10.5,0,0
2026-01-16T21:21:54.282382,172.20.10.5,1,0
2026-01-16T21:21:54.282382,172.20.10.5,2,0
2026-01-16T21:21:54.282382,172.20.10.5,3,0
2026-01-16T21:21:54.282382,172.20.10.5,4,0
2026-01-16T21:21:54.282382,172.20.10.5,5,0
2026-01-16T21:21:54.282382,172.20.10.5,6,0
2026-01-16T21:21:54.282382,172.20.10.5,7,0
2026-01-16T21:21:54.282382,172.20.10.5,8,1.44924
2026-01-16T21:21:54.282382,172.20.10.5,9,0
2026-01-16T21:21:54.282382,172.20.10.5,10,0
2026-01-16T21:21:54.282382,172.20.10.5,11,0
2026-01-16T21:21:54.282382,172.20.10.5,12,0
2026-01-16T21:21:54.282382,172.20.10.5,13,0
2026-01-16T21:21:54.282382,172.20.10.5,14,0
2026-01-16T21:21:54.282382,172.20.10.5,15,0
2026-01-16T21:21:54.282382,172.20.10.5,16,0
2026-01-16T21:21:54.282382,172.20.10.5,17,0
2026-01-16T21:21:54.282382,172.20.10.5,18,0
2026-01-16T21:21:54.282382,172.20.10.5,19,0
2026-01-16T21:21:54.282382,172.20.10.5,20,0
2026-01-16T21:21:54.282382,172.20.10.5,21,0
2026-01-16T21:21:54.282382,172.20.10.5,22,0
2026-01-16T21:21:54.282382,172.20.10.5,23,0
2026-01-16T21:21:54.282382,172.20.10.5,0,0
2026-01-16T21:21:54.282382,172.20.10.5,1,0
2026-01-16T21:21:54.282382,172.20.10.5,2,0
2026-01-16T21:21:54.282382,172.20.10.5,3,0
2026-01-16T21:21:54.282382,172.20.10.5,4,0
2026-01-16T21:21:54.282382,172.20.10.5,5,0
2026-01-16T21:21:54.282382,172.20.10.5,6,0
2026-01-16T21:21:54.282382,172.20.10.5,7,0
2026-01-16T21:21:54.282382,172.20.10.5,8,1.55419
2026-01-16T21:21:54.282382,172.20.10.5,9,0
2026-01-16T21:21:54.282382,172.20.10.5,10,0
2026-01-16T21:21:54.282382,172.20.10.5,11,0
2026-01-16T21:21:54.282382,172.20.10.5,12,0
2026-01-16T21:21:54.282382,172.20.10.5,13,0
2026-01-16T21:21:54.282382,172.20.10.5,14,0
2026-01-16T21:21:54.282382,172.20.10.5,15,0
2026-01-16T21:21:54.282382,172.20.10.5,16,0
2026-01-16T21:21:54.282382,172.20.10.5,17,0
2026-01-16T21:21:54.282382,172.20.10.5,18,0
2026-01-16T21:21:54.282382,172.20.10.5,19,0
2026-01-16T21:21:54.282382,172.20.10.5,20,0
2026-01-16T21:21:54.282382,172.20.10.5,21,0
2026-01-16T21:21:54.282382,172.20.10.5,22,0
2026-01-16T21:21:54.282382,172.20.10.5,23,0
2026-01-16T21:21:54.282382,172.20.10.5,0,0
2026-01-16T21:21:54.282382,172.20.10.5,1,0
2026-01-16T21:21:54.282382,172.20.10.5,2,0
2026-01-16T21:21:54.282382,172.20.10.5,3,0
2026-01-16T21:21:54.282382,172.20.10.5,4,0
2026-01-16T21:21:54.282382,172.20.10.5,5,0
2026-01-16T21:21:54.282382,172.20.10.5,6,0
2026-01-16T21:21:54.282382,172.20.10.5,7,0
2026-01-16T21:21:54.282382,172.20.10.5,8,93.5324
2026-01-16T21:21:54.282382,172.20.10.5,9,0
2026-01-16T21:21:54.282382,172.20.10.5,10,0
2026-01-16T21:21:54.282382,172.20.10.5,11,0
2026-01-16T21:21:54.282382,172.20.10.5,12,0
2026-01-16T21:21:54.282382,172.20.10.5,13,0
2026-01-16T21:21:54.282382,172.20.10.5,14,0
2026-01-16T21:21:54.282382,172.20.10.5,15,0
2026-01-16T21:21:54.282382,172.20.10.5,16,0
2026-01-16T21:21:54.282382,172.20.10.5,17,0
2026-01-16T21:21:54.282382,172.20.10.5,18,0
2026-01-16T21:21:54.282382,172.20.10.5,19,0
2026-01-16T21:21:54.282382,172.20.10.5,20,0
2026-01-16T21:21:54.282382,172.20.10.5,21,0
2026-01-16T21:21:54.282382,172.20.10.5,22,0
2026-01-16T21:21:54.282382,172.20.10.5,23,0
2026-01-16T21:21:54.282382,172.20.10.5,0,0
2026-01-16T21:21:54.282382,172.20.10.5,1,0
2026-01-16T21:21:54.282382,172.20.10.5,2,0
2026-01-16T21:21:54.282382,172.20.10.5,3,0
2026-01-16T21:21:54.282382,172.20.10.5,4,0
2026-01-16T21:21:54.282382,172.20.10.5,5,0
2026-01-16T21:21:54.282382,172.20.10.5,6,0
2026-01-16T21:21:54.282382,172.20.10.5,7,0
2026-01-16T21:21:54.282382,172.20.10.5,8,5.29583
2026-01-16T21:21:54.282382,172.20.10.5,9,0
2026-01-16T21:21:54.282382,172.20.10.5,10,0
2026-01-16T21:21:54.282382,172.20.10.5,11,0
2026-01-16T21:21:54.282382,172.20.10.5,12,0
2026-01-16T21:21:54.282382,172.20.10.5,13,0
2026-01-16T21:21:54.282382,172.20.10.5,14,0
2026-01-16T21:21:54.282382,172.20.10.5,15,0
2026-01-16T21:21:54.282382,172.20.10.5,16,0
2026-01-16T21:21:54.282382,172.20.10.5,17,0
2026-01-16T21:21:54.282382,172.20.10.5,18,0
2026-01-16T21:21:54.282382,172.20.10.5,19,0
2026-01-16T21:21:54.282382,172.20.10.5,20,0
2026-01-16T21:21:54.282382,172.20.10.5,21,0
2026-01-16T21:21:54.282382,172.20.10.5,22,0
2026-01-16T21:21:54.282382,172.20.10.5,23,0
2026-01-16T21:21:54.282382,172.20.10.5,0,0
2026-01-16T21:21:54.282382,172.20.10.5,1,0
2026-01-16T21:21:54.282382,172.20.10.5,2,0
2026-01-16T21:21:54.282382,172.20.10.5,3,0
2026-01-16T21:21:54.282382,172.20.10.5,4,0
2026-01-16T21:21:54.282382,172.20.10.5,5,0
2026-01-16T21:21:54.282382,172.20.10.5,6,0
2026-01-16T21:21:54.282382,172.20.10.5,7,0
2026-01-16T21:21:54.282382,172.20.10.5,8,7.43558
2026-01-16T21:21:54.282382,172.20.10.5,9,0
2026-01-16T21:21:54.282382,172.20.10.5,10,0
2026-01-16T21:21:54.282382,172.20.10.5,11,0
2026-01-16T21:21:54.282382,172.20.10.5,12,0
2026-01-16T21:21:54.282382,172.20.10.5,13,0
2026-01-16T21:21:54.282382,172.20.10.5,14,0
2026-01-16T21:21:54.282382,172.20.10.5,15,0
2026-01-16T21:21:54.282382,172.20.10.5,16,0
2026-01-16T21:21:54.282382,172.20.10.5,17,0
2026-01-16T21:21:54.282382,172.20.10.5,18,0
2026-01-16T21:21:54.282382,172.20.10.5,19,0
2026-01-16T21:21:54.282382,172.20.10.5,20,0
2026-01-16T21:21:54.282382,172.20.10.5,21,0
2026-01-16T21:21:54.282382,172.20.10.5,22,0
2026-01-16T21:21:54.282382,172.20.10.5,23,0
2026-01-16T21:21:54.282382,172.20.10.5,0,0
2026-01-16T21:21:54.282382,172.20.10.5,1,0
2026-01-16T21:21:54.282382,172.20.10.5,2,0
2026-01-16T21:21:54.282382,172.20.10.5,3,0
2026-01-16T21:21:54.282382,172.20.10.5,4,0
2026-01-16T21:21:54.282382,172.20.10.5,5,0
2026-01-16T21:21:54.282382,172.20.10.5,6,0
2026-01-16T21:21:54.282382,172.20.10.5,7,0
2026-01-16T21:21:54.282382,172.20.10.5,8,5.45338
2026-01-16T21:21:54.282382,172.20.10.5,9,0
2026-01-16T21:21:54.282382,172.20.10.5,10,0
2026-01-16T21:21:54.282382,172.20.10.5,11,0
2026-01-16T21:21:54.282382,172.20.10.5,12,0
2026-01-16T21:21:54.282382,172.20.10.5,13,0
2026-01-16T21:21:54.282382,172.20.10.5,14,0
2026-01-16T21:21:54.282382,172.20.10.5,15,0
2026-01-16T21:21:54.282382,172.20.10.5,16,0
2026-01-16T21:21:54.282382,172.20.10.5,17,0
2026-01-16T21:21:54.282382,172.20.10.5,18,0
2026-01-16T21:21:54.282382,172.20.10.5,19,0
2026-01-16T21:21:54.282382,172.20.10.5,20,0
2026-01-16T21:21:54.282382,172.20.10.5,21,0
2026-01-16T21:21:54.282382,172.20.10.5,22,0
2026-01-16T21:21:54.282382,172.20.10.5,23,0
2026-01-16T21:21:54.282382,172.20.10.5,0,0
2026-01-16T21:21:54.282382,172.20.10.5,1,0
2026-01-16T21:21:54.282382,172.20.10.5,2,0
2026-01-16T21:21:54.282382,172.20.10.5,3,0
2026-01-16T21:21:54.282382,172.20.10.5,4,0
2026-01-16T21:21:54.282382,172.20.10.5,5,0
2026-01-16T21:21:54.282382,172.20.10.5,6,0
2026-01-16T21:21:54.282382,172.20.10.5,7,0
2026-01-16T21:21:54.282382,172.20.10.5,8,39.4383
2026-01-16T21:21:54.282382,172.20.10.5,9,0
2026-01-16T21:21:54.282382,172.20.10.5,10,0
2026-01-16T21:21:54.282382,172.20.10.5,11,0
2026-01-16T21:21:54.282382,172.20.10.5,12,0
2026-01-16T21:21:54.282382,172.20.10.5,13,0
2026-01-16T21:21:54.282382,172.20.10.5,14,0
2026-01-16T21:21:54.282382,172.20.10.5,15,0
2026-01-16T21:21:54.282382,172.20.10.5,16,0
2026-01-16T21:21:54.282382,172.20.10.5,17,0
2026-01-16T21:21:54.282382,172.20.10.5,18,0
2026-01-16T21:21:54.282382,172.20.10.5,19,0
2026-01-16T21:21:54.282382,172.20.10.5,20,0
2026-01-16T21:21:54.282382,172.20.10.5,21,0
2026-01-16T21:21:54.282382,172.20.10.5,22,0
2026-01-16T21:21:54.282382,172.20.10.5,23,0
2026-01-16T21:21:54.282382,172.20.10.5,0,0
2026-01-16T21:21:54.282382,172.20.10.5,1,0
2026-01-16T21:21:54.282382,172.20.10.5,2,0
2026-01-16T21:21:54.282382,172.20.10.5,3,0
2026-01-16T21:21:54.282382,172.20.10.5,4,0
2026-01-16T21:21:54.282382,172.20.10.5,5,0
2026-01-16T21:21:54.282382,172.20.10.5,6,0
2026-01-16T21:21:54.282382,172.20.10.5,7,0
2026-01-16T21:21:54.282382,172.20.10.5,8,1.37995
2026-01-16T21:21:54.282382,172.20.10.5,9,0
2026-01-16T21:21:54.282382,172.20.10.5,10,0
2026-01-16T21:21:54.282382,172.20.10.5,11,0
2026-01-16T21:21:54.282382,172.20.10.5,12,0
2026-01-16T21:21:54.282382,172.20.10.5,13,0
2026-01-16T21:21:54.282382,172.20.10.5,14,0
2026-01-16T21:21:54.282382,172.20.10.5,15,0
2026-01-16T21:21:54.282382,172.20.10.5,16,0
2026-01-16T21:21:54.282382,172.20.10.5,17,0
2026-01-16T21:21:54.282382,172.20.10.5,18,0
2026-01-16T21:21:54.282382,172.20.10.5,19,0
2026-01-16T21:21:54.282382,172.20.10.5,20,0
2026-01-16T21:21:54.282382,172.20.10.5,21,0
2026-01-16T21:21:54.282382,172.20.10.5,22,0
2026-01-16T21:21:54.282382,172.20.10.5,23,0
2026-01-16T21:21:54.282382,172.20.10.5,0,0
2026-01-16T21:21:54.282382,172.20.10.5,1,0
2026-01-16T21:21:54.282382,172.20.10.5,2,0
2026-01-16T21:21:54.282382,172.20.10.5,3,0
2026-01-16T21:21:54.282382,172.20.10.5,4,0
2026-01-16T21:21:54.282382,172.20.10.5,5,0
2026-01-16T21:21:54.282382,172.20.10.5,6,0
2026-01-16T21:21:54.282382,172.20.10.5,7,0
2026-01-16T21:21:54.282382,172.20.10.5,8,1.62871
2026-01-16T21:21:54.282382,172.20.10.5,9,0
2026-01-16T21:21:54.282382,172.20.10.5,10,0
2026-01-16T21:21:54.282382,172.20.10.5,11,0
2026-01-16T21:21:54.282382,172.20.10.5,12,0
2026-01-16T21:21:54.282382,172.20.10.5,13,0
2026-01-16T21:21:54.282382,172.20.10.5,14,0
2026-01-16T21:21:54.282382,172.20.10.5,15,0
2026-01-16T21:21:54.282382,172.20.10.5,16,0
2026-01-16T21:21:54.282382,172.20.10.5,17,0
2026-01-16T21:21:54.282382,172.20.10.5,18,0
2026-01-16T21:21:54.282382,172.20.10.5,19,0
2026-01-16T21:21:54.282382,172.20.10.5,20,0
2026-01-16T21:21:54.282382,172.20.10.5,21,0
2026-01-16T21:21:54.282382,172.20.10.5,22,0
2026-01-16T21:21:54.282382,172.20.10.5,23,0
2026-01-16T21:21:54.282382,172.20.10.5,0,0
2026-01-16T21:21:54.282382,172.20.10.5,1,0
2026-01-16T21:21:54.282382,172.20.10.5,2,0
2026-01-16T21:21:54.282382,172.20.10.5,3,0
2026-01-16T21:21:54.282382,172.20.10.5,4,0
2026-01-16T21:21:54.282382,172.20.10.5,5,0
2026-01-16T21:21:54.282382,172.20.10.5,6,0
2026-01-16T21:21:54.282382,172.20.10.5,7,0
2026-01-16T21:21:54.282382,172.20.10.5,8,70.9715
2026-01-16T21:21:54.282382,172.20.10.5,9,0
2026-01-16T21:21:54.282382,172.20.10.5,10,0
2026-01-16T21:21:54.282382,172.20.10.5,11,0
2026-01-16T21:21:54.282382,172.20.10.5,12,0
2026-01-16T21:21:54.282382,172.20.10.5,13,0
2026-01-16T21:21:54.282382,172.20.10.5,14,0
2026-01-16T21:21:54.282382,172.20.10.5,15,0
2026-01-16T21:21:54.282382,172.20.10.5,16,0
2026-01-16T21:21:54.282382,172.20.10.5,17,0
2026-01-16T21:21:54.282382,172.20.10.5,18,0
2026-01-16T21:21:54.282382,172.20.10.5,19,0
2026-01-16T21:21:54.282382,172.20.10.5,20,0
2026-01-16T21:21:54.282382,172.20.10.5,21,0
2026-01-16T21:21:54.282382,172.20.10.5,22,0
2026-01-16T21:21:54.282382,172.20.10.5,23,0
2026-01-16T21:21:54.282382,172.20.10.5,0,0
2026-01-16T21:21:54.282382,172.20.10.5,1,0
2026-01-16T21:21:54.282382,172.20.10.5,2,0
2026-01-16T21:21:54.282382,172.20.10.5,3,0
2026-01-16T21:21:54.282382,172.20.10.5,4,0
2026-01-16T21:21:54.282382,172.20.10.5,5,0
2026-01-16T21:21:54.282382,172.20.10.5,6,0
2026-01-16T21:21:54.282382,172.20.10.5,7,0
2026-01-16T21:21:54.282382,172.20.10.5,8,2.64841
2026-01-16T21:21:54.282382,172.20.10.5,9,0
2026-01-16T21:21:54.282382,172.20.10.5,10,0
2026-01-16T21:21:54.282382,172.20.10.5,11,0
2026-01-16T21:21:54.282382,172.20.10.5,12,0
2026-01-16T21:21:54.282382,172.20.10.5,13,0
2026-01-16T21:21:54.282382,172.20.10.5,14,0
2026-01-16T21:21:54.282382,172.20.10.5,15,0
2026-01-16T21:21:54.282382,172.20.10.5,16,0
2026-01-16T21:21:54.282382,172.20.10.5,17,0
2026-01-16T21:21:54.282382,172.20.10.5,18,0
2026-01-16T21:21:54.282382,172.20.10.5,19,0
2026-01-16T21:21:54.282382,172.20.10.5,20,0
2026-01-16T21:21:54.282382,172.20.10.5,21,0
2026-01-16T21:21:54.282382,172.20.10.5,22,0
2026-01-16T21:21:54.282382,172.20.10.5,23,0
2026-01-16T21:21:54.282382,172.20.10.5,0,0
2026-01-16T21:21:54.282382,172.20.10.5,1,0
2026-01-16T21:21:54.282382,172.20.10.5,2,0
2026-01-16T21:21:54.282382,172.20.10.5,3,0
2026-01-16T21:21:54.282382,172.20.10.5,4,0
2026-01-16T21:21:54.282382,172.20.10.5,5,0
2026-01-16T21:21:54.282382,172.20.10.5,6,0
2026-01-16T21:21:54.282382,172.20.10.5,7,0
2026-01-16T21:21:54.282382,172.20.10.5,8,17.4353
2026-01-16T21:21:54.282382,172.20.10.5,9,0
2026-01-16T21:21:54.282382,172.20.10.5,10,0
2026-01-16T21:21:54.282382,172.20.10.5,11,0
2026-01-16T21:21:54.282382,172.20.10.5,12,0
2026-01-16T21:21:54.282382,172.20.10.5,13,0
2026-01-16T21:21:54.282382,172.20.10.5,14,0
2026-01-16T21:21:54.282382,172.20.10.5,15,0
2026-01-16T21:21:54.282382,172.20.10.5,16,0
2026-01-16T21:21:54.282382,172.20.10.5,17,0
2026-01-16T21:21:54.282382,172.20.10.5,18,0
2026-01-16T21:21:54.282382,172.20.10.5,19,0
2026-01-16T21:21:54.282382,172.20.10.5,20,0
2026-01-16T21:21:54.282382,172.20.10.5,21,0
2026-01-16T21:21:54.282382,172.20.10.5,22,0
2026-01-16T21:21:54.282382,172.20.10.5,23,0
2026-01-16T21:21:54.282382,172.20.10.5,0,0
2026-01-16T21:21:54.282382,172.20.10.5,1,0
2026-01-16T21:21:54.282382,172.20.10.5,2,0
2026-01-16T21:21:54.282382,172.20.10.5,3,0
2026-01-16T21:21:54.282382,172.20.10.5,4,0
2026-01-16T21:21:54.282382,172.20.10.5,5,0
2026-01-16T21:21:54.282382,172.20.10.5,6,0
2026-01-16T21:21:54.282382,172.20.10.5,7,0
2026-01-16T21:21:54.282382,172.20.10.5,8,1.18455
2026-01-16T21:21:54.282382,172.20.10.5,9,0
2026-01-16T21:21:54.282382,172.20.10.5,10,0
2026-01-16T21:21:54.282382,172.20.10.5,11,0
2026-01-16T21:21:54.282382,172.20.10.5,12,0
2026-01-16T21:21:54.282382,172.20.10.5,13,0
2026-01-16T21:21:54.282382,172.20.10.5,14,0
2026-01-16T21:21:54.282382,172.20.10.5,15,0
2026-01-16T21:21:54.282382,172.20.10.5,16,0
2026-01-16T21:21:54.282382,172.20.10.5,17,0
2026-01-16T21:21:54.282382,172.20.10.5,18,0
2026-01-16T21:21:54.282382,172.20.10.5,19,0
2026-01-16T21:21:54.282382,172.20.10.5,20,0
2026-01-16T21:21:54.282382,172.20.10.5,21,0
2026-01-16T21:21:54.282382,172.20.10.5,22,0
2026-01-16T21:21:54.282382,172.20.10.5,23,0
2026-01-16T21:21:54.282382,172.20.10.5,0,0
2026-01-16T21:21:54.282382,172.20.10.5,1,0
2026-01-16T21:21:54.282382,172.20.10.5,2,0
2026-01-16T21:21:54.282382,172.20.10.5,3,0
2026-01-16T21:21:54.282382,172.20.10.5,4,0
2026-01-16T21:21:54.282382,172.20.10.5,5,0
2026-01-16T21:21:54.282382,172.20.10.5,6,0
2026-01-16T21:21:54.282382,172.20.10.5,7,0
2026-01-16T21:21:54.282382,172.20.10.5,8,1.60423
2026-01-16T21:21:54.282382,172.20.10.5,9,0
2026-01-16T21:21:54.282382,172.20.10.5,10,0
2026-01-16T21:21:54.282382,172.20.10.5,11,0
2026-01-16T21:21:54.282382,172.20.10.5,12,0
2026-01-16T21:21:54.282382,172.20.10.5,13,0
2026-01-16T21:21:54.282382,172.20.10.5,14,0
2026-01-16T21:21:54.282382,172.20.10.5,15,0
2026-01-16T21:21:54.282382,172.20.10.5,16,0
2026-01-16T21:21:54.282382,172.20.10.5,17,0
2026-01-16T21:21:54.282382,172.20.10.5,18,0
2026-01-16T21:21:54.282382,172.20.10.5,19,0
2026-01-16T21:21:54.282382,172.20.10.5,20,0
2026-01-16T21:21:54.282382,172.20.10.5,21,0
2026-01-16T21:21:54.282382,172.20.10.5,22,0
2026-01-16T21:21:54.282382,172.20.10.5,23,0
2026-01-16T21:21:54.282382,172.20.10.5,0,0
2026-01-16T21:21:54.282382,172.20.10.5,1,0
2026-01-16T21:21:54.282382,172.20.10.5,2,0
2026-01-16T21:21:54.282382,172.20.10.5,3,0
2026-01-16T21:21:54.282382,172.20.10.5,4,0
2026-01-16T21:21:54.282382,172.20.10.5,5,0
2026-01-16T21:21:54.282382,172.20.10.5,6,0
2026-01-16T21:21:54.282382,172.20.10.5,7,0
2026-01-16T21:21:54.282382,172.20.10.5,8,0.996585
2026-01-16T21:21:54.282382,172.20.10.5,9,0
2026-01-16T21:21:54.282382,172.20.10.5,10,0
2026-01-16T21:21:54.282382,172.20.10.5,11,0
2026-01-16T21:21:54.282382,172.20.10.5,12,0
2026-01-16T21:21:54.282382,172.20.10.5,13,0
2026-01-16T21:21:54.282382,172.20.10.5,14,0
2026-01-16T21:21:54.282382,172.20.10.5,15,0
2026-01-16T21:21:54.282382,172.20.10.5,16,0
2026-01-16T21:21:54.282382,172.20.10.5,17,0
2026-01-16T21:21:54.282382,172.20.10.5,18,0
2026-01-16T21:21:54.282382,172.20.10.5,19,0
2026-01-16T21:21:54.282382,172.20.10.5,20,0
2026-01-16T21:21:54.282382,172.20.10.5,21,0
2026-01-16T21:21:54.282382,172.20.10.5,22,0
2026-01-16T21:21:54.282382,172.20.10.5,23,0
2026-01-16T21:21:54.282382,172.20.10.5,0,0
2026-01-16T21:21:54.282382,172.20.10.5,1,0
2026-01-16T21:21:54.282382,172.20.10.5,2,0
2026-01-16T21:21:54.282382,172.20.10.5,3,0
2026-01-16T21:21:54.282382,172.20.10.5,4,0
2026-01-16T21:21:54.282382,172.20.10.5,5,0
2026-01-16T21:21:54.282382,172.20.10.5,6,0
2026-01-16T21:21:54.282382,172.20.10.5,7,0
2026-01-16T21:21:54.282382,172.20.10.5,8,0.906358
2026-01-16T21:21:54.282382,172.20.10.5,9,0
2026-01-16T21:21:54.282382,172.20.10.5,10,0
2026-01-16T21:21:54.282382,172.20.10.5,11,0
2026-01-16T21:21:54.282382,172.20.10.5,12,0
2026-01-16T21:21:54.282382,172.20.10.5,13,0
2026-01-16T21:21:54.282382,172.20.10.5,14,0
2026-01-16T21:21:54.282382,172.20.10.5,15,0
2026-01-16T21:21:54.282382,172.20.10.5,16,0
2026-01-16T21:21:54.282382,172.20.10.5,17,0
2026-01-16T21:21:54.282382,172.20.10.5,18,0
2026-01-16T21:21:54.282382,172.20.10.5,19,0
2026-01-16T21:21:54.282382,172.20.10.5,20,0
2026-01-16T21:21:54.282382,172.20.10.5,21,0
2026-01-16T21:21:54.282382,172.20.10.5,22,0
2026-01-16T21:21:54.282382,172.20.10.5,23,0
2026-01-16T21:21:54.282382,172.20.10.5,0,0
2026-01-16T21:21:54.282382,172.20.10.5,1,0
2026-01-16T21:21:54.282382,172.20.10.5,2,0
2026-01-16T21:21:54.282382,172.20.10.5,3,0
2026-01-16T21:21:54.282382,172.20.10.5,4,0
2026-01-16T21:21:54.282382,172.20.10.5,5,0
2026-01-16T21:21:54.282382,172.20.10.5,6,0
2026-01-16T21:21:54.282382,172.20.10.5,7,0
2026-01-16T21:21:54.282382,172.20.10.5,8,1.59776
2026-01-16T21:21:54.282382,172.20.10.5,9,0
2026-01-16T21:21:54.282382,172.20.10.5,10,0
2026-01-16T21:21:54.282382,172.20.10.5,11,0
2026-01-16T21:21:54.282382,172.20.10.5,12,0
2026-01-16T21:21:54.282382,172.20.10.5,13,0
2026-01-16T21:21:54.282382,172.20.10.5,14,0
2026-01-16T21:21:54.282382,172.20.10.5,15,0
2026-01-16T21:21:54.282382,172.20.10.5,16,0
2026-01-16T21:21:54.282382,172.20.10.5,17,0
2026-01-16T21:21:54.282382,172.20.10.5,18,0
2026-01-16T21:21:54.282382,172.20.10.5,19,0
2026-01-16T21:21:54.282382,172.20.10.5,20,0
2026-01-16T21:21:54.282382,172.20.10.5,21,0
2026-01-16T21:21:54.282382,172.20.10.5,22,0
2026-01-16T21:21:54.282382,172.20.10.5,23,0
2026-01-16T21:21:54.282382,172.20.10.5,0,0
2026-01-16T21:21:54.282382,172.20.10.5,1,0
2026-01-16T21:21:54.282382,172.20.10.5,2,0
2026-01-16T21:21:54.282382,172.20.10.5,3,0
2026-01-16T21:21:54.282382,172.20.10.5,4,0
2026-01-16T21:21:54.282382,172.20.10.5,5,0
2026-01-16T21:21:54.282382,172.20.10.5,6,0
2026-01-16T21:21:54.282382,172.20.10.5,7,0
2026-01-16T21:21:54.282382,172.20.10.5,8,0.691969
2026-01-16T21:21:54.282382,172.20.10.5,9,0
2026-01-16T21:21:54.282382,172.20.10.5,10,0
2026-01-16T21:21:54.282382,172.20.10.5,11,0
2026-01-16T21:21:54.282382,172.20.10.5,12,0
2026-01-16T21:21:54.282382,172.20.10.5,13,0
2026-01-16T21:21:54.282382,172.20.10.5,14,0
2026-01-16T21:21:54.282382,172.20.10.5,15,0
2026-01-16T21:21:54.282382,172.20.10.5,16,0
2026-01-16T21:21:54.282382,172.20.10.5,17,0
2026-01-16T21:21:54.282382,172.20.10.5,18,0
2026-01-16T21:21:54.282382,172.20.10.5,19,0
2026-01-16T21:21:54.282382,172.20.10.5,20,0
2026-01-16T21:21:54.282382,172.20.10.5,21,0
2026-01-16T21:21:54.282382,172.20.10.5,22,0
2026-01-16T21:21:54.282382,172.20.10.5,23,0
2026-01-16T21:21:54.282382,172.20.10.5,0,0
2026-01-16T21:21:54.282382,172.20.10.5,1,0
2026-01-16T21:21:54.282382,172.20.10.5,2,0
2026-01-16T21:21:54.282382,172.20.10.5,3,0
2026-01-16T21:21:54.282382,172.20.10.5,4,0
2026-01-16T21:21:54.282382,172.20.10.5,5,0
2026-01-16T21:21:54.282382,172.20.10.5,6,0
2026-01-16T21:21:54.282382,172.20.10.5,7,0
2026-01-16T21:21:54.282382,172.20.10.5,8,0.972404
2026-01-16T21:21:54.282382,172.20.10.5,9,0
2026-01-16T21:21:54.282382,172.20.10.5,10,0
2026-01-16T21:21:54.282382,172.20.10.5,11,0
2026-01-16T21:21:54.282382,172.20.10.5,12,0
2026-01-16T21:21:54.282382,172.20.10.5,13,0
2026-01-16T21:21:54.282382,172.20.10.5,14,0
2026-01-16T21:21:54.282382,172.20.10.5,15,0
2026-01-16T21:21:54.282382,172.20.10.5,16,0
2026-01-16T21:21:54.282382,172.20.10.5,17,0
2026-01-16T21:21:54.282382,172.20.10.5,18,0
2026-01-16T21:21:54.282382,172.20.10.5,19,0
2026-01-16T21:21:54.282382,172.20.10.5,20,0
2026-01-16T21:21:54.282382,172.20.10.5,21,0
2026-01-16T21:21:54.282382,172.20.10.5,22,0
2026-01-16T21:21:54.282382,172.20.10.5,23,0
2026-01-16T21:21:54.282382,172.20.10.5,0,0
2026-01-16T21:21:54.282382,172.20.10.5,1,0
2026-01-16T21:21:54.282382,172.20.10.5,2,0
2026-01-16T21:21:54.282382,172.20.10.5,3,0
2026-01-16T21:21:54.282382,172.20.10.5,4,0
2026-01-16T21:21:54.282382,172.20.10.5,5,0
2026-01-16T21:21:54.282382,172.20.10.5,6,0
2026-01-16T21:21:54.282382,172.20.10.5,7,0
2026-01-16T21:21:54.282382,172.20.10.5,8,1.42512
2026-01-16T21:21:54.282382,172.20.10.5,9,0
2026-01-16T21:21:54.282382,172.20.10.5,10,0
2026-01-16T21:21:54.282382,172.20.10.5,11,0
2026-01-16T21:21:54.282382,172.20.10.5,12,0
2026-01-16T21:21:54.282382,172.20.10.5,13,0
2026-01-16T21:21:54.282382,172.20.10.5,14,0
2026-01-16T21:21:54.282382,172.20.10.5,15,0
2026-01-16T21:21:54.282382,172.20.10.5,16,0
2026-01-16T21:21:54.282382,172.20.10.5,17,0
2026-01-16T21:21:54.282382,172.20.10.5,18,0
2026-01-16T21:21:54.282382,172.20.10.5,19,0
2026-01-16T21:21:54.282382,172.20.10.5,20,0
2026-01-16T21:21:54.282382,172.20.10.5,21,0
2026-01-16T21:21:54.282382,172.20.10.5,22,0
2026-01-16T21:21:54.282382,172.20.10.5,23,0
2026-01-16T21:21:54.282382,172.20.10.5,0,0
2026-01-16T21:21:54.282382,172.20.10.5,1,0
2026-01-16T21:21:54.282382,172.20.10.5,2,0
2026-01-16T21:21:54.282382,172.20.10.5,3,0
2026-01-16T21:21:54.282382,172.20.10.5,4,0
2026-01-16T21:21:54.282382,172.20.10.5,5,0
2026-01-16T21:21:54.282382,172.20.10.5,6,0
2026-01-16T21:21:54.282382,172.20.10.5,7,0
2026-01-16T21:21:54.282382,172.20.10.5,8,1.98256
2026-01-16T21:21:54.282382,172.20.10.5,9,0
2026-01-16T21:21:54.282382,172.20.10.5,10,0
2026-01-16T21:21:54.282382,172.20.10.5,11,0
2026-01-16T21:21:54.282382,172.20.10.5,12,0
2026-01-16T21:21:54.282382,172.20.10.5,13,0
2026-01-16T21:21:54.282382,172.20.10.5,14,0
2026-01-16T21:21:54.282382,172.20.10.5,15,0
2026-01-16T21:21:54.282382,172.20.10.5,16,0
2026-01-16T21:21:54.282382,172.20.10.5,17,0
2026-01-16T21:21:54.282382,172.20.10.5,18,0
2026-01-16T21:21:54.282382,172.20.10.5,19,0
2026-01-16T21:21:54.282382,172.20.10.5,20,0
2026-01-16T21:21:54.282382,172.20.10.5,21,0
2026-01-16T21:21:54.282382,172.20.10.5,22,0
2026-01-16T21:21:54.282382,172.20.10.5,23,0
2026-01-16T21:21:54.282382,172.20.10.5,0,0
2026-01-16T21:21:54.282382,172.20.10.5,1,0
2026-01-16T21:21:54.282382,172.20.10.5,2,0
2026-01-16T21:21:54.282382,172.20.10.5,3,0
2026-01-16T21:21:54.282382,172.20.10.5,4,0
2026-01-16T21:21:54.282382,172.20.10.5,5,0
2026-01-16T21:21:54.282382,172.20.10.5,6,0
2026-01-16T21:21:54.282382,172.20.10.5,7,0
2026-01-16T21:21:54.282382,172.20.10.5,8,0.846472
2026-01-16T21:21:54.282382,172.20.10.5,9,0
2026-01-16T21:21:54.282382,172.20.10.5,10,0
2026-01-16T21:21:54.282382,172.20.10.5,11,0
2026-01-16T21:21:54.282382,172.20.10.5,12,0
2026-01-16T21:21:54.282382,172.20.10.5,13,0
2026-01-16T21:21:54.282382,172.20.10.5,14,0
2026-01-16T21:21:54.282382,172.20.10.5,15,0
2026-01-16T21:21:54.282382,172.20.10.5,16,0
2026-01-16T21:21:54.282382,172.20.10.5,17,0
2026-01-16T21:21:54.282382,172.20.10.5,18,0
2026-01-16T21:21:54.282382,172.20.10.5,19,0
2026-01-16T21:21:54.282382,172.20.10.5,20,0
2026-01-16T21:21:54.282382,172.20.10.5,21,0
2026-01-16T21:21:54.282382,172.20.10.5,22,0
2026-01-16T21:21:54.282382,172.20.10.5,23,0
2026-01-16T21:21:54.282382,172.20.10.5,0,0
2026-01-16T21:21:54.282382,172.20.10.5,1,0
2026-01-16T21:21:54.282382,172.20.10.5,2,0
2026-01-16T21:21:54.282382,172.20.10.5,3,0
2026-01-16T21:21:54.282382,172.20.10.5,4,0
2026-01-16T21:21:54.282382,172.20.10.5,5,0
2026-01-16T21:21:54.282382,172.20.10.5,6,0
2026-01-16T21:21:54.282382,172.20.10.5,7,0
2026-01-16T21:21:54.282382,172.20.10.5,8,1.70507
2026-01-16T21:21:54.282382,172.20.10.5,9,0
2026-01-16T21:21:54.282382,172.20.10.5,10,0
2026-01-16T21:21:54.282382,172.20.10.5,11,0
2026-01-16T21:21:54.282382,172.20.10.5,12,0
2026-01-16T21:21:54.282382,172.20.10.5,13,0
2026-01-16T21:21:54.282382,172.20.10.5,14,0
2026-01-16T21:21:54.282382,172.20.10.5,15,0
2026-01-16T21:21:54.282382,172.20.10.5,16,0
2026-01-16T21:21:54.282382,172.20.10.5,17,0
2026-01-16T21:21:54.282382,172.20.10.5,18,0
2026-01-16T21:21:54.282382,172.20.10.5,19,0
2026-01-16T21:21:54.282382,172.20.10.5,20,0
2026-01-16T21:21:54.282382,172.20.10.5,21,0
2026-01-16T21:21:54.282382,172.20.10.5,22,0
2026-01-16T21:21:54.282382,172.20.10.5,23,0
2026-01-16T21:21:54.282382,172.20.10.5,0,0
2026-01-16T21:21:54.282382,172.20.10.5,1,0
2026-01-16T21:21:54.282382,172.20.10.5,2,0
2026-01-16T21:21:54.282382,172.20.10.5,3,0
2026-01-16T21:21:54.282382,172.20.10.5,4,0
2026-01-16T21:21:54.282382,172.20.10.5,5,0
2026-01-16T21:21:54.282382,172.20.10.5,6,0
2026-01-16T21:21:54.282382,172.20.10.5,7,0
2026-01-16T21:21:54.282382,172.20.10.5,8,0.694428
2026-01-16T21:21:54.282382,172.20.10.5,9,0
2026-01-16T21:21:54.282382,172.20.10.5,10,0
2026-01-16T21:21:54.282382,172.20.10.5,11,0
2026-01-16T21:21:54.282382,172.20.10.5,12,0
2026-01-16T21:21:54.282382,172.20.10.5,13,0
2026-01-16T21:21:54.282382,172.20.10.5,14,0
2026-01-16T21:21:54.282382,172.20.10.5,15,0
2026-01-16T21:21:54.282382,172.20.10.5,16,0
2026-01-16T21:21:54.282382,172.20.10.5,17,0
2026-01-16T21:21:54.282382,172.20.10.5,18,0
2026-01-16T21:21:54.282382,172.20.10.5,19,0
2026-01-16T21:21:54.282382,172.20.10.5,20,0
2026-01-16T21:21:54.282382,172.20.10.5,21,0
2026-01-16T21:21:54.282382,172.20.10.5,22,0
2026-01-16T21:21:54.282382,172.20.10.5,23,0
2026-01-16T21:21:54.282382,172.20.10.5,0,0
2026-01-16T21:21:54.282382,172.20.10.5,1,0
2026-01-16T21:21:54.282382,172.20.10.5,2,0
2026-01-16T21:21:54.282382,172.20.10.5,3,0
2026-01-16T21:21:54.282382,172.20.10.5,4,0
2026-01-16T21:21:54.282382,172.20.10.5,5,0
2026-01-16T21:21:54.282382,172.20.10.5,6,0
2026-01-16T21:21:54.282382,172.20.10.5,7,0
2026-01-16T21:21:54.282382,172.20.10.5,8,2.71752
2026-01-16T21:21:54.282382,172.20.10.5,9,0
2026-01-16T21:21:54.282382,172.20.10.5,10,0
2026-01-16T21:21:54.282382,172.20.10.5,11,0
2026-01-16T21:21:54.282382,172.20.10.5,12,0
2026-01-16T21:21:54.282382,172.20.10.5,13,0
2026-01-16T21:21:54.282382,172.20.10.5,14,0
2026-01-16T21:21:54.282382,172.20.10.5,15,0
2026-01-16T21:21:54.282382,172.20.10.5,16,0
2026-01-16T21:21:54.282382,172.20.10.5,17,0
2026-01-16T21:21:54.282382,172.20.10.5,18,0
2026-01-16T21:21:54.282382,172.20.10.5,19,0
2026-01-16T21:21:54.282382,172.20.10.5,20,0
2026-01-16T21:21:54.282382,172.20.10.5,21,0
2026-01-16T21:21:54.282382,172.20.10.5,22,0
2026-01-16T21:21:54.282382,172.20.10.5,23,0
2026-01-16T21:21:54.282382,172.20.10.5,0,0
2026-01-16T21:21:54.282382,172.20.10.5,1,0
2026-01-16T21:21:54.282382,172.20.10.5,2,0
2026-01-16T21:21:54.282382,172.20.10.5,3,0
2026-01-16T21:21:54.282382,172.20.10.5,4,0
2026-01-16T21:21:54.282382,172.20.10.5,5,0
2026-01-16T21:21:54.282382,172.20.10.5,6,0
2026-01-16T21:21:54.282382,172.20.10.5,7,0
2026-01-16T21:21:54.282382,172.20.10.5,8,0.741046
2026-01-16T21:21:54.282382,172.20.10.5,9,0
2026-01-16T21:21:54.282382,172.20.10.5,10,0
2026-01-16T21:21:54.282382,172.20.10.5,11,0
2026-01-16T21:21:54.282382,172.20.10.5,12,0
2026-01-16T21:21:54.282382,172.20.10.5,13,0
2026-01-16T21:21:54.282382,172.20.10.5,14,0
2026-01-16T21:21:54.282382,172.20.10.5,15,0
2026-01-16T21:21:54.282382,172.20.10.5,16,0
2026-01-16T21:21:54.282382,172.20.10.5,17,0
2026-01-16T21:21:54.282382,172.20.10.5,18,0
2026-01-16T21:21:54.282382,172.20.10.5,19,0
2026-01-16T21:21:54.282382,172.20.10.5,20,0
2026-01-16T21:21:54.282382,172.20.10.5,21,0
2026-01-16T21:21:54.282382,172.20.10.5,22,0
2026-01-16T21:21:54.282382,172.20.10.5,23,0
2026-01-16T21:21:54.282382,172.20.10.5,0,0
2026-01-16T21:21:54.282382,172.20.10.5,1,0
2026-01-16T21:21:54.282382,172.20.10.5,2,0
2026-01-16T21:21:54.282382,172.20.10.5,3,0
2026-01-16T21:21:54.282382,172.20.10.5,4,0
2026-01-16T21:21:54.282382,172.20.10.5,5,0
2026-01-16T21:21:54.282382,172.20.10.5,6,0
2026-01-16T21:21:54.282382,172.20.10.5,7,0
2026-01-16T21:21:54.282382,172.20.10.5,8,36.5389
2026-01-16T21:21:54.282382,172.20.10.5,9,0
2026-01-16T21:21:54.282382,172.20.10.5,10,0
2026-01-16T21:21:54.282382,172.20.10.5,11,0
2026-01-16T21:21:54.282382,172.20.10.5,12,0
2026-01-16T21:21:54.282382,172.20.10.5,13,0
2026-01-16T21:21:54.282382,172.20.10.5,14,0
2026-01-16T21:21:54.282382,172.20.10.5,15,0
2026-01-16T21:21:54.282382,172.20.10.5,16,0
2026-01-16T21:21:54.282382,172.20.10.5,17,0
2026-01-16T21:21:54.282382,172.20.10.5,18,0
2026-01-16T21:21:54.282382,172.20.10.5,19,0
2026-01-16T21:21:54.282382,172.20.10.5,20,0
2026-01-16T21:21:54.282382,172.20.10.5,21,0
2026-01-16T21:21:54.282382,172.20.10.5,22,0
2026-01-16T21:21:54.282382,172.20.10.5,23,0
2026-01-16T21:21:54.282382,172.20.10.5,0,0
2026-01-16T21:21:54.282382,172.20.10.5,1,0
2026-01-16T21:21:54.282382,172.20.10.5,2,0
2026-01-16T21:21:54.282382,172.20.10.5,3,0
2026-01-16T21:21:54.282382,172.20.10.5,4,0
2026-01-16T21:21:54.282382,172.20.10.5,5,0
2026-01-16T21:21:54.282382,172.20.10.5,6,0
2026-01-16T21:21:54.282382,172.20.10.5,7,0
2026-01-16T21:21:54.282382,172.20.10.5,8,4.2967
2026-01-16T21:21:54.282382,172.20.10.5,9,0
2026-01-16T21:21:54.282382,172.20.10.5,10,0
2026-01-16T21:21:54.282382,172.20.10.5,11,0
2026-01-16T21:21:54.282382,172.20.10.5,12,0
2026-01-16T21:21:54.282382,172.20.10.5,13,0
2026-01-16T21:21:54.282382,172.20.10.5,14,0
2026-01-16T21:21:54.282382,172.20.10.5,15,0
2026-01-16T21:21:54.282382,172.20.10.5,16,0
2026-01-16T21:21:54.282382,172.20.10.5,17,0
2026-01-16T21:21:54.282382,172.20.10.5,18,0
2026-01-16T21:21:54.282382,172.20.10.5,19,0
2026-01-16T21:21:54.282382,172.20.10.5,20,0
2026-01-16T21:21:54.282382,172.20.10.5,21,0
2026-01-16T21:21:54.282382,172.20.10.5,22,0
2026-01-16T21:21:54.282382,172.20.10.5,23,0
2026-01-16T21:21:54.282382,172.20.10.5,0,0
2026-01-16T21:21:54.282382,172.20.10.5,1,0
2026-01-16T21:21:54.282382,172.20.10.5,2,0
2026-01-16T21:21:54.282382,172.20.10.5,3,0
2026-01-16T21:21:54.282382,172.20.10.5,4,0
2026-01-16T21:21:54.282382,172.20.10.5,5,0
2026-01-16T21:21:54.282382,172.20.10.5,6,0
2026-01-16T21:21:54.282382,172.20.10.5,7,0
2026-01-16T21:21:54.282382,172.20.10.5,8,0.405043
2026-01-16T21:21:54.282382,172.20.10.5,9,0
2026-01-16T21:21:54.282382,172.20.10.5,10,0
2026-01-16T21:21:54.282382,172.20.10.5,11,0
2026-01-16T21:21:54.282382,172.20.10.5,12,0
2026-01-16T21:21:54.282382,172.20.10.5,13,0
2026-01-16T21:21:54.282382,172.20.10.5,14,0
2026-01-16T21:21:54.282382,172.20.10.5,15,0
2026-01-16T21:21:54.282382,172.20.10.5,16,0
2026-01-16T21:21:54.282382,172.20.10.5,17,0
2026-01-16T21:21:54.282382,172.20.10.5,18,0
2026-01-16T21:21:54.282382,172.20.10.5,19,0
2026-01-16T21:21:54.282382,172.20.10.5,20,0
2026-01-16T21:21:54.282382,172.20.10.5,21,0
2026-01-16T21:21:54.282382,172.20.10.5,22,0
2026-01-16T21:21:54.282382,172.20.10.5,23,0
2026-01-16T21:21:54.282382,172.20.10.5,0,0
2026-01-16T21:21:54.282382,172.20.10.5,1,0
2026-01-16T21:21:54.282382,172.20.10.5,2,0
2026-01-16T21:21:54.282382,172.20.10.5,3,0
2026-01-16T21:21:54.282382,172.20.10.5,4,0
2026-01-16T21:21:54.282382,172.20.10.5,5,0
2026-01-16T21:21:54.282382,172.20.10.5,6,0
2026-01-16T21:21:54.282382,172.20.10.5,7,0
2026-01-16T21:21:54.282382,172.20.10.5,8,1.25577
2026-01-16T21:21:54.282382,172.20.10.5,9,0
2026-01-16T21:21:54.282382,172.20.10.5,10,0
2026-01-16T21:21:54.282382,172.20.10.5,11,0
2026-01-16T21:21:54.282382,172.20.10.5,12,0
2026-01-16T21:21:54.282382,172.20.10.5,13,0
2026-01-16T21:21:54.282382,172.20.10.5,14,0
2026-01-16T21:21:54.282382,172.20.10.5,15,0
2026-01-16T21:21:54.282382,172.20.10.5,16,0
2026-01-16T21:21:54.282382,172.20.10.5,17,0
2026-01-16T21:21:54.282382,172.20.10.5,18,0
2026-01-16T21:21:54.282382,172.20.10.5,19,0
2026-01-16T21:21:54.282382,172.20.10.5,20,0
2026-01-16T21:21:54.282382,172.20.10.5,21,0
2026-01-16T21:21:54.282382,172.20.10.5,22,0
2026-01-16T21:21:54.282382,172.20.10.5,23,0
2026-01-16T21:21:54.282382,172.20.10.5,0,0
2026-01-16T21:21:54.282382,172.20.10.5,1,0
2026-01-16T21:21:54.282382,172.20.10.5,2,0
2026-01-16T21:21:54.282382,172.20.10.5,3,0
2026-01-16T21:21:54.282382,172.20.10.5,4,0
2026-01-16T21:21:54.282382,172.20.10.5,5,0
2026-01-16T21:21:54.282382,172.20.10.5,6,0
2026-01-16T21:21:54.282382,172.20.10.5,7,0
2026-01-16T21:21:54.282382,172.20.10.5,8,0.757336
2026-01-16T21:21:54.282382,172.20.10.5,9,0
2026-01-16T21:21:54.282382,172.20.10.5,10,0
2026-01-16T21:21:54.282382,172.20.10.5,11,0
2026-01-16T21:21:54.282382,172.20.10.5,12,0
2026-01-16T21:21:54.282382,172.20.10.5,13,0
2026-01-16T21:21:54.282382,172.20.10.5,14,0
2026-01-16T21:21:54.282382,172.20.10.5,15,0
2026-01-16T21:21:54.282382,172.20.10.5,16,0
2026-01-16T21:21:54.282382,172.20.10.5,17,0
2026-01-16T21:21:54.282382,172.20.10.5,18,0
2026-01-16T21:21:54.282382,172.20.10.5,19,0
2026-01-16T21:21:54.282382,172.20.10.5,20,0
2026-01-16T21:21:54.282382,172.20.10.5,21,0
2026-01-16T21:21:54.282382,172.20.10.5,22,0
2026-01-16T21:21:54.282382,172.20.10.5,23,0
2026-01-16T21:21:54.282382,172.20.10.5,0,0
2026-01-16T21:21:54.282382,172.20.10.5,1,0
2026-01-16T21:21:54.282382,172.20.10.5,2,0
2026-01-16T21:21:54.282382,172.20.10.5,3,0
2026-01-16T21:21:54.282382,172.20.10.5,4,0
2026-01-16T21:21:54.282382,172.20.10.5,5,0
2026-01-16T21:21:54.282382,172.20.10.5,6,0
2026-01-16T21:21:54.282382,172.20.10.5,7,0
2026-01-16T21:21:54.282382,172.20.10.5,8,10.8365
2026-01-16T21:21:54.282382,172.20.10.5,9,0
2026-01-16T21:21:54.282382,172.20.10.5,10,0
2026-01-16T21:21:54.282382,172.20.10.5,11,0
2026-01-16T21:21:54.282382,172.20.10.5,12,0
2026-01-16T21:21:54.282382,172.20.10.5,13,0
2026-01-16T21:21:54.282382,172.20.10.5,14,0
2026-01-16T21:21:54.282382,172.20.10.5,15,0
2026-01-16T21:21:54.282382,172.20.10.5,16,0
2026-01-16T21:21:54.282382,172.20.10.5,17,0
2026-01-16T21:21:54.282382,172.20.10.5,18,0
2026-01-16T21:21:54.282382,172.20.10.5,19,0
2026-01-16T21:21:54.282382,172.20.10.5,20,0
2026-01-16T21:21:54.282382,172.20.10.5,21,0
2026-01-16T21:21:54.282382,172.20.10.5,22,0
2026-01-16T21:21:54.282382,172.20.10.5,23,0
2026-01-16T21:21:54.282382,172.20.10.5,0,0
2026-01-16T21:21:54.282382,172.20.10.5,1,0
2026-01-16T21:21:54.282382,172.20.10.5,2,0
2026-01-16T21:21:54.282382,172.20.10.5,3,0
2026-01-16T21:21:54.282382,172.20.10.5,4,0
2026-01-16T21:21:54.282382,172.20.10.5,5,0
2026-01-16T21:21:54.282382,172.20.10.5,6,0
2026-01-16T21:21:54.282382,172.20.10.5,7,0
2026-01-16T21:21:54.282382,172.20.10.5,8,68.7334
2026-01-16T21:21:54.282382,172.20.10.5,9,0
2026-01-16T21:21:54.282382,172.20.10.5,10,0
2026-01-16T21:21:54.282382,172.20.10.5,11,0
2026-01-16T21:21:54.282382,172.20.10.5,12,0
2026-01-16T21:21:54.282382,172.20.10.5,13,0
2026-01-16T21:21:54.282382,172.20.10.5,14,0
2026-01-16T21:21:54.282382,172.20.10.5,15,0
2026-01-16T21:21:54.282382,172.20.10.5,16,0
2026-01-16T21:21:54.282382,172.20.10.5,17,0
2026-01-16T21:21:54.282382,172.20.10.5,18,0
2026-01-16T21:21:54.282382,172.20.10.5,19,0
2026-01-16T21:21:54.282382,172.20.10.5,20,0
2026-01-16T21:21:54.282382,172.20.10.5,21,0
2026-01-16T21:21:54.282382,172.20.10.5,22,0
2026-01-16T21:21:54.282382,172.20.10.5,23,0
2026-01-16T21:21:54.282382,172.20.10.5,0,0
2026-01-16T21:21:54.282382,172.20.10.5,1,0
2026-01-16T21:21:54.282382,172.20.10.5,2,0
2026-01-16T21:21:54.282382,172.20.10.5,3,0
2026-01-16T21:21:54.282382,172.20.10.5,4,0
2026-01-16T21:21:54.282382,172.20.10.5,5,0
2026-01-16T21:21:54.282382,172.20.10.5,6,0
2026-01-16T21:21:54.282382,172.20.10.5,7,0
2026-01-16T21:21:54.282382,172.20.10.5,8,2.14051
2026-01-16T21:21:54.282382,172.20.10.5,9,0
2026-01-16T21:21:54.282382,172.20.10.5,10,0
2026-01-16T21:21:54.282382,172.20.10.5,11,0
2026-01-16T21:21:54.282382,172.20.10.5,12,0
2026-01-16T21:21:54.282382,172.20.10.5,13,0
2026-01-16T21:21:54.282382,172.20.10.5,14,0
2026-01-16T21:21:54.282382,172.20.10.5,15,0
2026-01-16T21:21:54.282382,172.20.10.5,16,0
2026-01-16T21:21:54.282382,172.20.10.5,17,0
2026-01-16T21:21:54.282382,172.20.10.5,18,0
2026-01-16T21:21:54.282382,172.20.10.5,19,0
2026-01-16T21:21:54.282382,172.20.10.5,20,0
2026-01-16T21:21:54.282382,172.20.10.5,21,0
2026-01-16T21:21:54.282382,172.20.10.5,22,0
2026-01-16T21:21:54.282382,172.20.10.5,23,0
2026-01-16T21:21:54.282382,172.20.10.5,0,0
2026-01-16T21:21:54.282382,172.20.10.5,1,0
2026-01-16T21:21:54.282382,172.20.10.5,2,0
2026-01-16T21:21:54.282382,172.20.10.5,3,0
2026-01-16T21:21:54.282382,172.20.10.5,4,0
2026-01-16T21:21:54.282382,172.20.10.5,5,0
2026-01-16T21:21:54.282382,172.20.10.5,6,0
2026-01-16T21:21:54.282382,172.20.10.5,7,0
2026-01-16T21:21:54.282382,172.20.10.5,8,0.641884
2026-01-16T21:21:54.282382,172.20.10.5,9,0
2026-01-16T21:21:54.282382,172.20.10.5,10,0
2026-01-16T21:21:54.282382,172.20.10.5,11,0
2026-01-16T21:21:54.282382,172.20.10.5,12,0
2026-01-16T21:21:54.282382,172.20.10.5,13,0
2026-01-16T21:21:54.282382,172.20.10.5,14,0
2026-01-16T21:21:54.282382,172.20.10.5,15,0
2026-01-16T21:21:54.282382,172.20.10.5,16,0
2026-01-16T21:21:54.282382,172.20.10.5,17,0
2026-01-16T21:21:54.282382,172.20.10.5,18,0
2026-01-16T21:21:54.282382,172.20.10.5,19,0
2026-01-16T21:21:54.282382,172.20.10.5,20,0
2026-01-16T21:21:54.282382,172.20.10.5,21,0
2026-01-16T21:21:54.282382,172.20.10.5,22,0
2026-01-16T21:21:54.282382,172.20.10.5,23,0
2026-01-16T21:21:54.282382,172.20.10.5,0,0
2026-01-16T21:21:54.282382,172.20.10.5,1,0
2026-01-16T21:21:54.282382,172.20.10.5,2,0
2026-01-16T21:21:54.282382,172.20.10.5,3,0
2026-01-16T21:21:54.282382,172.20.10.5,4,0
2026-01-16T21:21:54.282382,172.20.10.5,5,0
2026-01-16T21:21:54.282382,172.20.10.5,6,0
2026-01-16T21:21:54.282382,172.20.10.5,7,0
2026-01-16T21:21:54.282382,172.20.10.5,8,36.6202
2026-01-16T21:21:54.282382,172.20.10.5,9,0
2026-01-16T21:21:54.282382,172.20.10.5,10,0
2026-01-16T21:21:54.282382,172.20.10.5,11,0
2026-01-16T21:21:54.282382,172.20.10.5,12,0
2026-01-16T21:21:54.282382,172.20.10.5,13,0
2026-01-16T21:21:54.282382,172.20.10.5,14,0
2026-01-16T21:21:54.282382,172.20.10.5,15,0
2026-01-16T21:21:54.282382,172.20.10.5,16,0
2026-01-16T21:21:54.282382,172.20.10.5,17,0
2026-01-16T21:21:54.282382,172.20.10.5,18,0
2026-01-16T21:21:54.282382,172.20.10.5,19,0
2026-01-16T21:21:54.282382,172.20.10.5,20,0
2026-01-16T21:21:54.282382,172.20.10.5,21,0
2026-01-16T21:21:54.282382,172.20.10.5,22,0
2026-01-16T21:21:54.282382,172.20.10.5,23,0
2026-01-16T21:21:54.282382,172.20.10.5,0,0
2026-01-16T21:21:54.282382,172.20.10.5,1,0
2026-01-16T21:21:54.282382,172.20.10.5,2,0
2026-01-16T21:21:54.282382,172.20.10.5,3,0
2026-01-16T21:21:54.282382,172.20.10.5,4,0
2026-01-16T21:21:54.282382,172.20.10.5,5,0
2026-01-16T21:21:54.282382,172.20.10.5,6,0
2026-01-16T21:21:54.282382,172.20.10.5,7,0
2026-01-16T21:21:54.282382,172.20.10.5,8,41.1026
2026-01-16T21:21:54.282382,172.20.10.5,9,0
2026-01-16T21:21:54.282382,172.20.10.5,10,0
2026-01-16T21:21:54.282382,172.20.10.5,11,0
2026-01-16T21:21:54.282382,172.20.10.5,12,0
2026-01-16T21:21:54.282382,172.20.10.5,13,0
2026-01-16T21:21:54.282382,172.20.10.5,14,0
2026-01-16T21:21:54.282382,172.20.10.5,15,0
2026-01-16T21:21:54.282382,172.20.10.5,16,0
2026-01-16T21:21:54.282382,172.20.10.5,17,0
2026-01-16T21:21:54.282382,172.20.10.5,18,0
2026-01-16T21:21:54.282382,172.20.10.5,19,0
2026-01-16T21:21:54.282382,172.20.10.5,20,0
2026-01-16T21:21:54.282382,172.20.10.5,21,0
2026-01-16T21:21:54.282382,172.20.10.5,22,0
2026-01-16T21:21:54.282382,172.20.10.5,23,0
2026-01-16T21:21:54.282382,172.20.10.5,0,0
2026-01-16T21:21:54.282382,172.20.10.5,1,0
2026-01-16T21:21:54.282382,172.20.10.5,2,0
2026-01-16T21:21:54.282382,172.20.10.5,3,0
2026-01-16T21:21:54.282382,172.20.10.5,4,0
2026-01-16T21:21:54.282382,172.20.10.5,5,0
2026-01-16T21:21:54.282382,172.20.10.5,6,0
2026-01-16T21:21:54.282382,172.20.10.5,7,0
2026-01-16T21:21:54.282382,172.20.10.5,8,39.0408
2026-01-16T21:21:54.282382,172.20.10.5,9,0
2026-01-16T21:21:54.282382,172.20.10.5,10,0
2026-01-16T21:21:54.282382,172.20.10.5,11,0
2026-01-16T21:21:54.282382,172.20.10.5,12,0
2026-01-16T21:21:54.282382,172.20.10.5,13,0
2026-01-16T21:21:54.282382,172.20.10.5,14,0
2026-01-16T21:21:54.282382,172.20.10.5,15,0
2026-01-16T21:21:54.282382,172.20.10.5,16,0
2026-01-16T21:21:54.282382,172.20.10.5,17,0
2026-01-16T21:21:54.282382,172.20.10.5,18,0
2026-01-16T21:21:54.282382,172.20.10.5,19,0
2026-01-16T21:21:54.282382,172.20.10.5,20,0
2026-01-16T21:21:54.282382,172.20.10.5,21,0
2026-01-16T21:21:54.282382,172.20.10.5,22,0
2026-01-16T21:21:54.282382,172.20.10.5,23,0
2026-01-16T21:21:54.282382,172.20.10.5,0,0
2026-01-16T21:21:54.282382,172.20.10.5,1,0
2026-01-16T21:21:54.282382,172.20.10.5,2,0
2026-01-16T21:21:54.282382,172.20.10.5,3,0
2026-01-16T21:21:54.282382,172.20.10.5,4,0
2026-01-16T21:21:54.282382,172.20.10.5,5,0
2026-01-16T21:21:54.282382,172.20.10.5,6,0
2026-01-16T21:21:54.282382,172.20.10.5,7,0
2026-01-16T21:21:54.282382,172.20.10.5,8,0.992271
2026-01-16T21:21:54.282382,172.20.10.5,9,0
2026-01-16T21:21:54.282382,172.20.10.5,10,0
2026-01-16T21:21:54.282382,172.20.10.5,11,0
2026-01-16T21:21:54.282382,172.20.10.5,12,0
2026-01-16T21:21:54.282382,172.20.10.5,13,0
2026-01-16T21:21:54.282382,172.20.10.5,14,0
2026-01-16T21:21:54.282382,172.20.10.5,15,0
2026-01-16T21:21:54.282382,172.20.10.5,16,0
2026-01-16T21:21:54.282382,172.20.10.5,17,0
2026-01-16T21:21:54.282382,172.20.10.5,18,0
2026-01-16T21:21:54.282382,172.20.10.5,19,0
2026-01-16T21:21:54.282382,172.20.10.5,20,0
2026-01-16T21:21:54.282382,172.20.10.5,21,0
2026-01-16T21:21:54.282382,172.20.10.5,22,0
2026-01-16T21:21:54.282382,172.20.10.5,23,0
2026-01-16T21:21:54.282382,172.20.10.5,0,0
2026-01-16T21:21:54.282382,172.20.10.5,1,0
2026-01-16T21:21:54.282382,172.20.10.5,2,0
2026-01-16T21:21:54.282382,172.20.10.5,3,0
2026-01-16T21:21:54.282382,172.20.10.5,4,0
2026-01-16T21:21:54.282382,172.20.10.5,5,0
2026-01-16T21:21:54.282382,172.20.10.5,6,0
2026-01-16T21:21:54.282382,172.20.10.5,7,0
2026-01-16T21:21:54.282382,172.20.10.5,8,2.33633
2026-01-16T21:21:54.282382,172.20.10.5,9,0
2026-01-16T21:21:54.282382,172.20.10.5,10,0
2026-01-16T21:21:54.282382,172.20.10.5,11,0
2026-01-16T21:21:54.282382,172.20.10.5,12,0
2026-01-16T21:21:54.282382,172.20.10.5,13,0
2026-01-16T21:21:54.282382,172.20.10.5,14,0
2026-01-16T21:21:54.282382,172.20.10.5,15,0
2026-01-16T21:21:54.282382,172.20.10.5,16,0
2026-01-16T21:21:54.282382,172.20.10.5,17,0
2026-01-16T21:21:54.282382,172.20.10.5,18,0
2026-01-16T21:21:54.282382,172.20.10.5,19,0
2026-01-16T21:21:54.282382,172.20.10.5,20,0
2026-01-16T21:21:54.282382,172.20.10.5,21,0
2026-01-16T21:21:54.282382,172.20.10.5,22,0
2026-01-16T21:21:54.282382,172.20.10.5,23,0
2026-01-16T21:21:54.282382,172.20.10.5,0,0
2026-01-16T21:21:54.282382,172.20.10.5,1,0
2026-01-16T21:21:54.282382,172.20.10.5,2,0
2026-01-16T21:21:54.282382,172.20.10.5,3,0
2026-01-16T21:21:54.282382,172.20.10.5,4,0
2026-01-16T21:21:54.282382,172.20.10.5,5,0
2026-01-16T21:21:54.282382,172.20.10.5,6,0
2026-01-16T21:21:54.282382,172.20.10.5,7,0
2026-01-16T21:21:54.282382,172.20.10.5,8,47.0492
2026-01-16T21:21:54.282382,172.20.10.5,9,0
2026-01-16T21:21:54.282382,172.20.10.5,10,0
2026-01-16T21:21:54.282382,172.20.10.5,11,0
2026-01-16T21:21:54.282382,172.20.10.5,12,0
2026-01-16T21:21:54.282382,172.20.10.5,13,0
2026-01-16T21:21:54.282382,172.20.10.5,14,0
2026-01-16T21:21:54.282382,172.20.10.5,15,0
2026-01-16T21:21:54.282382,172.20.10.5,16,0
2026-01-16T21:21:54.282382,172.20.10.5,17,0
2026-01-16T21:21:54.282382,172.20.10.5,18,0
2026-01-16T21:21:54.282382,172.20.10.5,19,0
2026-01-16T21:21:54.282382,172.20.10.5,20,0
2026-01-16T21:21:54.282382,172.20.10.5,21,0
2026-01-16T21:21:54.282382,172.20.10.5,22,0
2026-01-16T21:21:54.282382,172.20.10.5,23,0
2026-01-16T21:21:54.282382,172.20.10.5,0,0
2026-01-16T21:21:54.282382,172.20.10.5,1,0
2026-01-16T21:21:54.282382,172.20.10.5,2,0
2026-01-16T21:21:54.282382,172.20.10.5,3,0
2026-01-16T21:21:54.282382,172.20.10.5,4,0
2026-01-16T21:21:54.282382,172.20.10.5,5,0
2026-01-16T21:21:54.282382,172.20.10.5,6,0
2026-01-16T21:21:54.282382,172.20.10.5,7,0
2026-01-16T21:21:54.282382,172.20.10.5,8,1.55041
2026-01-16T21:21:54.282382,172.20.10.5,9,0
2026-01-16T21:21:54.282382,172.20.10.5,10,0
2026-01-16T21:21:54.282382,172.20.10.5,11,0
2026-01-16T21:21:54.282382,172.20.10.5,12,0
2026-01-16T21:21:54.282382,172.20.10.5,13,0
2026-01-16T21:21:54.282382,172.20.10.5,14,0
2026-01-16T21:21:54.282382,172.20.10.5,15,0
2026-01-16T21:21:54.282382,172.20.10.5,16,0
2026-01-16T21:21:54.282382,172.20.10.5,17,0
2026-01-16T21:21:54.282382,172.20.10.5,18,0
2026-01-16T21:21:54.282382,172.20.10.5,19,0
2026-01-16T21:21:54.282382,172.20.10.5,20,0
2026-01-16T21:21:54.282382,172.20.10.5,21,0
2026-01-16T21:21:54.282382,172.20.10.5,22,0
2026-01-16T21:21:54.282382,172.20.10.5,23,0
2026-01-16T21:21:54.282382,172.20.10.5,0,0
2026-01-16T21:21:54.282382,172.20.10.5,1,0
2026-01-16T21:21:54.282382,172.20.10.5,2,0
2026-01-16T21:21:54.282382,172.20.10.5,3,0
2026-01-16T21:21:54.282382,172.20.10.5,4,0
2026-01-16T21:21:54.282382,172.20.10.5,5,0
2026-01-16T21:21:54.282382,172.20.10.5,6,0
2026-01-16T21:21:54.282382,172.20.10.5,7,0
2026-01-16T21:21:54.282382,172.20.10.5,8,2.91047
2026-01-16T21:21:54.282382,172.20.10.5,9,0
2026-01-16T21:21:54.282382,172.20.10.5,10,0
2026-01-16T21:21:54.282382,172.20.10.5,11,0
2026-01-16T21:21:54.282382,172.20.10.5,12,0
2026-01-16T21:21:54.282382,172.20.10.5,13,0
2026-01-16T21:21:54.282382,172.20.10.5,14,0
2026-01-16T21:21:54.282382,172.20.10.5,15,0
2026-01-16T21:21:54.282382,172.20.10.5,16,0
2026-01-16T21:21:54.282382,172.20.10.5,17,0
2026-01-16T21:21:54.282382,172.20.10.5,18,0
2026-01-16T21:21:54.282382,172.20.10.5,19,0
2026-01-16T21:21:54.282382,172.20.10.5,20,0
2026-01-16T21:21:54.282382,172.20.10.5,21,0
2026-01-16T21:21:54.282382,172.20.10.5,22,0
2026-01-16T21:21:54.282382,172.20.10.5,23,0
2026-01-16T21:21:54.282382,172.20.10.5,0,0
2026-01-16T21:21:54.282382,172.20.10.5,1,0
2026-01-16T21:21:54.282382,172.20.10.5,2,0
2026-01-16T21:21:54.282382,172.20.10.5,3,0
2026-01-16T21:21:54.282382,172.20.10.5,4,0
2026-01-16T21:21:54.282382,172.20.10.5,5,0
2026-01-16T21:21:54.282382,172.20.10.5,6,0
2026-01-16T21:21:54.282382,172.20.10.5,7,0
2026-01-16T21:21:54.282382,172.20.10.5,8,0.385136
2026-01-16T21:21:54.282382,172.20.10.5,9,0
2026-01-16T21:21:54.282382,172.20.10.5,10,0
2026-01-16T21:21:54.282382,172.20.10.5,11,0
2026-01-16T21:21:54.282382,172.20.10.5,12,0
2026-01-16T21:21:54.282382,172.20.10.5,13,0
2026-01-16T21:21:54.282382,172.20.10.5,14,0
2026-01-16T21:21:54.282382,172.20.10.5,15,0
2026-01-16T21:21:54.282382,172.20.10.5,16,0
2026-01-16T21:21:54.282382,172.20.10.5,17,0
2026-01-16T21:21:54.282382,172.20.10.5,18,0
2026-01-16T21:21:54.282382,172.20.10.5,19,0
2026-01-16T21:21:54.282382,172.20.10.5,20,0
2026-01-16T21:21:54.282382,172.20.10.5,21,0
2026-01-16T21:21:54.282382,172.20.10.5,22,0
2026-01-16T21:21:54.282382,172.20.10.5,23,0
2026-01-16T21:21:54.282382,172.20.10.5,0,0
2026-01-16T21:21:54.282382,172.20.10.5,1,0
2026-01-16T21:21:54.282382,172.20.10.5,2,0
2026-01-16T21:21:54.282382,172.20.10.5,3,0
2026-01-16T21:21:54.282382,172.20.10.5,4,0
2026-01-16T21:21:54.282382,172.20.10.5,5,0
2026-01-16T21:21:54.282382,172.20.10.5,6,0
2026-01-16T21:21:54.282382,172.20.10.5,7,0
2026-01-16T21:21:54.282382,172.20.10.5,8,19.1478
2026-01-16T21:21:54.282382,172.20.10.5,9,0
2026-01-16T21:21:54.282382,172.20.10.5,10,0
2026-01-16T21:21:54.282382,172.20.10.5,11,0
2026-01-16T21:21:54.282382,172.20.10.5,12,0
2026-01-16T21:21:54.282382,172.20.10.5,13,0
2026-01-16T21:21:54.282382,172.20.10.5,14,0
2026-01-16T21:21:54.282382,172.20.10.5,15,0
2026-01-16T21:21:54.282382,172.20.10.5,16,0
2026-01-16T21:21:54.282382,172.20.10.5,17,0
2026-01-16T21:21:54.282382,172.20.10.5,18,0
2026-01-16T21:21:54.282382,172.20.10.5,19,0
2026-01-16T21:21:54.282382,172.20.10.5,20,0
2026-01-16T21:21:54.282382,172.20.10.5,21,0
2026-01-16T21:21:54.282382,172.20.10.5,22,0
2026-01-16T21:21:54.282382,172.20.10.5,23,0
2026-01-16T21:21:54.282382,172.20.10.5,0,0
2026-01-16T21:21:54.282382,172.20.10.5,1,0
2026-01-16T21:21:54.282382,172.20.10.5,2,0
2026-01-16T21:21:54.282382,172.20.10.5,3,0
2026-01-16T21:21:54.282382,172.20.10.5,4,0
2026-01-16T21:21:54.282382,172.20.10.5,5,0
2026-01-16T21:21:54.282382,172.20.10.5,6,0
2026-01-16T21:21:54.282382,172.20.10.5,7,0
2026-01-16T21:21:54.282382,172.20.10.5,8,1.03177
2026-01-16T21:21:54.282382,172.20.10.5,9,0
2026-01-16T21:21:54.282382,172.20.10.5,10,0
2026-01-16T21:21:54.282382,172.20.10.5,11,0
2026-01-16T21:21:54.282382,172.20.10.5,12,0
2026-01-16T21:21:54.282382,172.20.10.5,13,0
2026-01-16T21:21:54.282382,172.20.10.5,14,0
2026-01-16T21:21:54.282382,172.20.10.5,15,0
2026-01-16T21:21:54.282382,172.20.10.5,16,0
2026-01-16T21:21:54.282382,172.20.10.5,17,0
2026-01-16T21:21:54.282382,172.20.10.5,18,0
2026-01-16T21:21:54.282382,172.20.10.5,19,0
2026-01-16T21:21:54.282382,172.20.10.5,20,0
2026-01-16T21:21:54.282382,172.20.10.5,21,0
2026-01-16T21:21:54.282382,172.20.10.5,22,0
2026-01-16T21:21:54.282382,172.20.10.5,23,0
2026-01-16T21:21:54.282382,172.20.10.5,0,0
2026-01-16T21:21:54.282382,172.20.10.5,1,0
2026-01-16T21:21:54.282382,172.20.10.5,2,0
2026-01-16T21:21:54.282382,172.20.10.5,3,0
2026-01-16T21:21:54.282382,172.20.10.5,4,0
2026-01-16T21:21:54.282382,172.20.10.5,5,0
2026-01-16T21:21:54.282382,172.20.10.5,6,0
2026-01-16T21:21:54.282382,172.20.10.5,7,0
2026-01-16T21:21:54.282382,172.20.10.5,8,4.05976
2026-01-16T21:21:54.282382,172.20.10.5,9,0
2026-01-16T21:21:54.282382,172.20.10.5,10,0
2026-01-16T21:21:54.282382,172.20.10.5,11,0
2026-01-16T21:21:54.282382,172.20.10.5,12,0
2026-01-16T21:21:54.282382,172.20.10.5,13,0
2026-01-16T21:21:54.282382,172.20.10.5,14,0
2026-01-16T21:21:54.282382,172.20.10.5,15,0
2026-01-16T21:21:54.282382,172.20.10.5,16,0
2026-01-16T21:21:54.282382,172.20.10.5,17,0
2026-01-16T21:21:54.282382,172.20.10.5,18,0
2026-01-16T21:21:54.282382,172.20.10.5,19,0
2026-01-16T21:21:54.282382,172.20.10.5,20,0
2026-01-16T21:21:54.282382,172.20.10.5,21,0
2026-01-16T21:21:54.282382,172.20.10.5,22,0
2026-01-16T21:21:54.282382,172.20.10.5,23,0
2026-01-16T21:21:54.282382,172.20.10.5,0,0
2026-01-16T21:21:54.282382,172.20.10.5,1,0
2026-01-16T21:21:54.282382,172.20.10.5,2,0
2026-01-16T21:21:54.282382,172.20.10.5,3,0
2026-01-16T21:21:54.282382,172.20.10.5,4,0
2026-01-16T21:21:54.282382,172.20.10.5,5,0
2026-01-16T21:21:54.282382,172.20.10.5,6,0
2026-01-16T21:21:54.282382,172.20.10.5,7,0
2026-01-16T21:21:54.282382,172.20.10.5,8,1.41336
2026-01-16T21:21:54.282382,172.20.10.5,9,0
2026-01-16T21:21:54.282382,172.20.10.5,10,0
2026-01-16T21:21:54.282382,172.20.10.5,11,0
2026-01-16T21:21:54.282382,172.20.10.5,12,0
2026-01-16T21:21:54.282382,172.20.10.5,13,0
2026-01-16T21:21:54.282382,172.20.10.5,14,0
2026-01-16T21:21:54.282382,172.20.10.5,15,0
2026-01-16T21:21:54.282382,172.20.10.5,16,0
2026-01-16T21:21:54.282382,172.20.10.5,17,0
2026-01-16T21:21:54.282382,172.20.10.5,18,0
2026-01-16T21:21:54.282382,172.20.10.5,19,0
2026-01-16T21:21:54.282382,172.20.10.5,20,0
2026-01-16T21:21:54.282382,172.20.10.5,21,0
2026-01-16T21:21:54.282382,172.20.10.5,22,0
2026-01-16T21:21:54.282382,172.20.10.5,23,0
2026-01-16T21:21:54.282382,172.20.10.5,0,0
2026-01-16T21:21:54.282382,172.20.10.5,1,0
2026-01-16T21:21:54.282382,172.20.10.5,2,0
2026-01-16T21:21:54.282382,172.20.10.5,3,0
2026-01-16T21:21:54.282382,172.20.10.5,4,0
2026-01-16T21:21:54.282382,172.20.10.5,5,0
2026-01-16T21:21:54.282382,172.20.10.5,6,0
2026-01-16T21:21:54.282382,172.20.10.5,7,0
2026-01-16T21:21:54.282382,172.20.10.5,8,1.6858
2026-01-16T21:21:54.282382,172.20.10.5,9,0
2026-01-16T21:21:54.282382,172.20.10.5,10,0
2026-01-16T21:21:54.282382,172.20.10.5,11,0
2026-01-16T21:21:54.282382,172.20.10.5,12,0
2026-01-16T21:21:54.282382,172.20.10.5,13,0
2026-01-16T21:21:54.282382,172.20.10.5,14,0
2026-01-16T21:21:54.282382,172.20.10.5,15,0
2026-01-16T21:21:54.282382,172.20.10.5,16,0
2026-01-16T21:21:54.282382,172.20.10.5,17,0
2026-01-16T21:21:54.282382,172.20.10.5,18,0
2026-01-16T21:21:54.282382,172.20.10.5,19,0
2026-01-16T21:21:54.282382,172.20.10.5,20,0
2026-01-16T21:21:54.282382,172.20.10.5,21,0
2026-01-16T21:21:54.282382,172.20.10.5,22,0
2026-01-16T21:21:54.282382,172.20.10.5,23,0
2026-01-16T21:21:54.282382,172.20.10.5,0,0
2026-01-16T21:21:54.282382,172.20.10.5,1,0
2026-01-16T21:21:54.282382,172.20.10.5,2,0
2026-01-16T21:21:54.282382,172.20.10.5,3,0
2026-01-16T21:21:54.282382,172.20.10.5,4,0
2026-01-16T21:21:54.282382,172.20.10.5,5,0
2026-01-16T21:21:54.282382,172.20.10.5,6,0
2026-01-16T21:21:54.282382,172.20.10.5,7,0
2026-01-16T21:21:54.282382,172.20.10.5,8,9.67478
2026-01-16T21:21:54.282382,172.20.10.5,9,0
2026-01-16T21:21:54.282382,172.20.10.5,10,0
2026-01-16T21:21:54.282382,172.20.10.5,11,0
2026-01-16T21:21:54.282382,172.20.10.5,12,0
2026-01-16T21:21:54.282382,172.20.10.5,13,0
2026-01-16T21:21:54.282382,172.20.10.5,14,0
2026-01-16T21:21:54.282382,172.20.10.5,15,0
2026-01-16T21:21:54.282382,172.20.10.5,16,0
2026-01-16T21:21:54.282382,172.20.10.5,17,0
2026-01-16T21:21:54.282382,172.20.10.5,18,0
2026-01-16T21:21:54.282382,172.20.10.5,19,0
2026-01-16T21:21:54.282382,172.20.10.5,20,0
2026-01-16T21:21:54.282382,172.20.10.5,21,0
2026-01-16T21:21:54.282382,172.20.10.5,22,0
2026-01-16T21:21:54.282382,172.20.10.5,23,0
2026-01-16T21:21:54.282382,172.20.10.5,0,0
2026-01-16T21:21:54.282382,172.20.10.5,1,0
2026-01-16T21:21:54.282382,172.20.10.5,2,0
2026-01-16T21:21:54.282382,172.20.10.5,3,0
2026-01-16T21:21:54.282382,172.20.10.5,4,0
2026-01-16T21:21:54.282382,172.20.10.5,5,0
2026-01-16T21:21:54.282382,172.20.10.5,6,0
2026-01-16T21:21:54.282382,172.20.10.5,7,0
2026-01-16T21:21:54.282382,172.20.10.5,8,23.2445
2026-01-16T21:21:54.282382,172.20.10.5,9,0
2026-01-16T21:21:54.282382,172.20.10.5,10,0
2026-01-16T21:21:54.282382,172.20.10.5,11,0
2026-01-16T21:21:54.282382,172.20.10.5,12,0
2026-01-16T21:21:54.282382,172.20.10.5,13,0
2026-01-16T21:21:54.282382,172.20.10.5,14,0
2026-01-16T21:21:54.282382,172.20.10.5,15,0
2026-01-16T21:21:54.282382,172.20.10.5,16,0
2026-01-16T21:21:54.282382,172.20.10.5,17,0
2026-01-16T21:21:54.282382,172.20.10.5,18,0
2026-01-16T21:21:54.282382,172.20.10.5,19,0
2026-01-16T21:21:54.282382,172.20.10.5,20,0
2026-01-16T21:21:54.282382,172.20.10.5,21,0
2026-01-16T21:21:54.282382,172.20.10.5,22,0
2026-01-16T21:21:54.282382,172.20.10.5,23,0
2026-01-16T21:21:54.282382,172.20.10.5,0,0
2026-01-16T21:21:54.282382,172.20.10.5,1,0
2026-01-16T21:21:54.282382,172.20.10.5,2,0
2026-01-16T21:21:54.282382,172.20.10.5,3,0
2026-01-16T21:21:54.282382,172.20.10.5,4,0
2026-01-16T21:21:54.282382,172.20.10.5,5,0
2026-01-16T21:21:54.282382,172.20.10.5,6,0
2026-01-16T21:21:54.282382,172.20.10.5,7,0
2026-01-16T21:21:54.282382,172.20.10.5,8,2.66077
2026-01-16T21:21:54.282382,172.20.10.5,9,0
2026-01-16T21:21:54.282382,172.20.10.5,10,0
2026-01-16T21:21:54.282382,172.20.10.5,11,0
2026-01-16T21:21:54.282382,172.20.10.5,12,0
2026-01-16T21:21:54.282382,172.20.10.5,13,0
2026-01-16T21:21:54.282382,172.20.10.5,14,0
2026-01-16T21:21:54.282382,172.20.10.5,15,0
2026-01-16T21:21:54.282382,172.20.10.5,16,0
2026-01-16T21:21:54.282382,172.20.10.5,17,0
2026-01-16T21:21:54.282382,172.20.10.5,18,0
2026-01-16T21:21:54.282382,172.20.10.5,19,0
2026-01-16T21:21:54.282382,172.20.10.5,20,0
2026-01-16T21:21:54.282382,172.20.10.5,21,0
2026-01-16T21:21:54.282382,172.20.10.5,22,0
2026-01-16T21:21:54.282382,172.20.10.5,23,0
2026-01-16T21:21:54.282382,172.20.10.5,0,0
2026-01-16T21:21:54.282382,172.20.10.5,1,0
2026-01-16T21:21:54.282382,172.20.10.5,2,0
2026-01-16T21:21:54.282382,172.20.10.5,3,0
2026-01-16T21:21:54.282382,172.20.10.5,4,0
2026-01-16T21:21:54.282382,172.20.10.5,5,0
2026-01-16T21:21:54.282382,172.20.10.5,6,0
2026-01-16T21:21:54.282382,172.20.10.5,7,0
2026-01-16T21:21:54.282382,172.20.10.5,8,1.36684
2026-01-16T21:21:54.282382,172.20.10.5,9,0
2026-01-16T21:21:54.282382,172.20.10.5,10,0
2026-01-16T21:21:54.282382,172.20.10.5,11,0
2026-01-16T21:21:54.282382,172.20.10.5,12,0
2026-01-16T21:21:54.282382,172.20.10.5,13,0
2026-01-16T21:21:54.282382,172.20.10.5,14,0
2026-01-16T21:21:54.282382,172.20.10.5,15,0
2026-01-16T21:21:54.282382,172.20.10.5,16,0
2026-01-16T21:21:54.282382,172.20.10.5,17,0
2026-01-16T21:21:54.282382,172.20.10.5,18,0
2026-01-16T21:21:54.282382,172.20.10.5,19,0
2026-01-16T21:21:54.282382,172.20.10.5,20,0
2026-01-16T21:21:54.282382,172.20.10.5,21,0
2026-01-16T21:21:54.282382,172.20.10.5,22,0
2026-01-16T21:21:54.282382,172.20.10.5,23,0
2026-01-16T21:21:54.282382,172.20.10.5,0,0
2026-01-16T21:21:54.282382,172.20.10.5,1,0
2026-01-16T21:21:54.282382,172.20.10.5,2,0
2026-01-16T21:21:54.282382,172.20.10.5,3,0
2026-01-16T21:21:54.282382,172.20.10.5,4,0
2026-01-16T21:21:54.282382,172.20.10.5,5,0
2026-01-16T21:21:54.282382,172.20.10.5,6,0
2026-01-16T21:21:54.282382,172.20.10.5,7,0
2026-01-16T21:21:54.282382,172.20.10.5,8,1.32481
2026-01-16T21:21:54.282382,172.20.10.5,9,0
2026-01-16T21:21:54.282382,172.20.10.5,10,0
2026-01-16T21:21:54.282382,172.20.10.5,11,0
2026-01-16T21:21:54.282382,172.20.10.5,12,0
2026-01-16T21:21:54.282382,172.20.10.5,13,0
2026-01-16T21:21:54.282382,172.20.10.5,14,0
2026-01-16T21:21:54.282382,172.20.10.5,15,0
2026-01-16T21:21:54.282382,172.20.10.5,16,0
2026-01-16T21:21:54.282382,172.20.10.5,17,0
2026-01-16T21:21:54.282382,172.20.10.5,18,0
2026-01-16T21:21:54.282382,172.20.10.5,19,0
2026-01-16T21:21:54.282382,172.20.10.5,20,0
2026-01-16T21:21:54.282382,172.20.10.5,21,0
2026-01-16T21:21:54.282382,172.20.10.5,22,0
2026-01-16T21:21:54.282382,172.20.10.5,23,0
2026-01-16T21:21:54.282382,172.20.10.5,0,0
2026-01-16T21:21:54.282382,172.20.10.5,1,0
2026-01-16T21:21:54.282382,172.20.10.5,2,0
2026-01-16T21:21:54.282382,172.20.10.5,3,0
2026-01-16T21:21:54.282382,172.20.10.5,4,0
2026-01-16T21:21:54.282382,172.20.10.5,5,0
2026-01-16T21:21:54.282382,172.20.10.5,6,0
2026-01-16T21:21:54.282382,172.20.10.5,7,0
2026-01-16T21:21:54.282382,172.20.10.5,8,26.6189
2026-01-16T21:21:54.282382,172.20.10.5,9,0
2026-01-16T21:21:54.282382,172.20.10.5,10,0
2026-01-16T21:21:54.282382,172.20.10.5,11,0
2026-01-16T21:21:54.282382,172.20.10.5,12,0
2026-01-16T21:21:54.282382,172.20.10.5,13,0
2026-01-16T21:21:54.282382,172.20.10.5,14,0
2026-01-16T21:21:54.282382,172.20.10.5,15,0
2026-01-16T21:21:54.282382,172.20.10.5,16,0
2026-01-16T21:21:54.282382,172.20.10.5,17,0
2026-01-16T21:21:54.282382,172.20.10.5,18,0
2026-01-16T21:21:54.282382,172.20.10.5,19,0
2026-01-16T21:21:54.282382,172.20.10.5,20,0
2026-01-16T21:21:54.282382,172.20.10.5,21,0
2026-01-16T21:21:54.282382,172.20.10.5,22,0
2026-01-16T21:21:54.282382,172.20.10.5,23,0
2026-01-16T21:21:54.282382,172.20.10.5,0,0
2026-01-16T21:21:54.282382,172.20.10.5,1,0
2026-01-16T21:21:54.282382,172.20.10.5,2,0
2026-01-16T21:21:54.282382,172.20.10.5,3,0
2026-01-16T21:21:54.282382,172.20.10.5,4,0
2026-01-16T21:21:54.282382,172.20.10.5,5,0
2026-01-16T21:21:54.282382,172.20.10.5,6,0
2026-01-16T21:21:54.282382,172.20.10.5,7,0
2026-01-16T21:21:54.282382,172.20.10.5,8,41.1961
2026-01-16T21:21:54.282382,172.20.10.5,9,0
2026-01-16T21:21:54.282382,172.20.10.5,10,0
2026-01-16T21:21:54.282382,172.20.10.5,11,0
2026-01-16T21:21:54.282382,172.20.10.5,12,0
2026-01-16T21:21:54.282382,172.20.10.5,13,0
2026-01-16T21:21:54.282382,172.20.10.5,14,0
2026-01-16T21:21:54.282382,172.20.10.5,15,0
2026-01-16T21:21:54.282382,172.20.10.5,16,0
2026-01-16T21:21:54.282382,172.20.10.5,17,0
2026-01-16T21:21:54.282382,172.20.10.5,18,0
2026-01-16T21:21:54.282382,172.20.10.5,19,0
2026-01-16T21:21:54.282382,172.20.10.5,20,0
2026-01-16T21:21:54.282382,172.20.10.5,21,0
2026-01-16T21:21:54.282382,172.20.10.5,22,0
2026-01-16T21:21:54.282382,172.20.10.5,23,0
2026-01-16T21:21:54.282382,172.20.10.5,0,0
2026-01-16T21:21:54.282382,172.20.10.5,1,0
2026-01-16T21:21:54.282382,172.20.10.5,2,0
2026-01-16T21:21:54.282382,172.20.10.5,3,0
2026-01-16T21:21:54.282382,172.20.10.5,4,0
2026-01-16T21:21:54.282382,172.20.10.5,5,0
2026-01-16T21:21:54.282382,172.20.10.5,6,0
2026-01-16T21:21:54.282382,172.20.10.5,7,0
2026-01-16T21:21:54.282382,172.20.10.5,8,27.359
2026-01-16T21:21:54.282382,172.20.10.5,9,0
2026-01-16T21:21:54.282382,172.20.10.5,10,0
2026-01-16T21:21:54.282382,172.20.10.5,11,0
2026-01-16T21:21:54.282382,172.20.10.5,12,0
2026-01-16T21:21:54.282382,172.20.10.5,13,0
2026-01-16T21:21:54.282382,172.20.10.5,14,0
2026-01-16T21:21:54.282382,172.20.10.5,15,0
2026-01-16T21:21:54.282382,172.20.10.5,16,0
2026-01-16T21:21:54.282382,172.20.10.5,17,0
2026-01-16T21:21:54.282382,172.20.10.5,18,0
2026-01-16T21:21:54.282382,172.20.10.5,19,0
2026-01-16T21:21:54.282382,172.20.10.5,20,0
2026-01-16T21:21:54.282382,172.20.10.5,21,0
2026-01-16T21:21:54.282382,172.20.10.5,22,0
2026-01-16T21:21:54.282382,172.20.10.5,23,0
2026-01-16T21:21:54.282382,172.20.10.5,0,0
2026-01-16T21:21:54.282382,172.20.10.5,1,0
2026-01-16T21:21:54.282382,172.20.10.5,2,0
2026-01-16T21:21:54.282382,172.20.10.5,3,0
2026-01-16T21:21:54.282382,172.20.10.5,4,0
2026-01-16T21:21:54.282382,172.20.10.5,5,0
2026-01-16T21:21:54.282382,172.20.10.5,6,0
2026-01-16T21:21:54.282382,172.20.10.5,7,0
2026-01-16T21:21:54.282382,172.20.10.5,8,1.32487
2026-01-16T21:21:54.282382,172.20.10.5,9,0
2026-01-16T21:21:54.282382,172.20.10.5,10,0
2026-01-16T21:21:54.282382,172.20.10.5,11,0
2026-01-16T21:21:54.282382,172.20.10.5,12,0
2026-01-16T21:21:54.282382,172.20.10.5,13,0
2026-01-16T21:21:54.282382,172.20.10.5,14,0
2026-01-16T21:21:54.282382,172.20.10.5,15,0
2026-01-16T21:21:54.282382,172.20.10.5,16,0
2026-01-16T21:21:54.282382,172.20.10.5,17,0
2026-01-16T21:21:54.282382,172.20.10.5,18,0
2026-01-16T21:21:54.282382,172.20.10.5,19,0
2026-01-16T21:21:54.282382,172.20.10.5,20,0
2026-01-16T21:21:54.282382,172.20.10.5,21,0
2026-01-16T21:21:54.282382,172.20.10.5,22,0
2026-01-16T21:21:54.282382,172.20.10.5,23,0
2026-01-16T21:21:54.282382,172.20.10.5,0,0
2026-01-16T21:21:54.282382,172.20.10.5,1,0
2026-01-16T21:21:54.282382,172.20.10.5,2,0
2026-01-16T21:21:54.282382,172.20.10.5,3,0
2026-01-16T21:21:54.282382,172.20.10.5,4,0
2026-01-16T21:21:54.282382,172.20.10.5,5,0
2026-01-16T21:21:54.282382,172.20.10.5,6,0
2026-01-16T21:21:54.282382,172.20.10.5,7,0
2026-01-16T21:21:54.282382,172.20.10.5,8,30.2238
2026-01-16T21:21:54.282382,172.20.10.5,9,0
2026-01-16T21:21:54.282382,172.20.10.5,10,0
2026-01-16T21:21:54.282382,172.20.10.5,11,0
2026-01-16T21:21:54.282382,172.20.10.5,12,0
2026-01-16T21:21:54.282382,172.20.10.5,13,0
2026-01-16T21:21:54.282382,172.20.10.5,14,0
2026-01-16T21:21:54.282382,172.20.10.5,15,0
2026-01-16T21:21:54.282382,172.20.10.5,16,0
2026-01-16T21:21:54.282382,172.20.10.5,17,0
2026-01-16T21:21:54.282382,172.20.10.5,18,0
2026-01-16T21:21:54.282382,172.20.10.5,19,0
2026-01-16T21:21:54.282382,172.20.10.5,20,0
2026-01-16T21:21:54.282382,172.20.10.5,21,0
2026-01-16T21:21:54.282382,172.20.10.5,22,0
2026-01-16T21:21:54.282382,172.20.10.5,23,0
2026-01-16T21:21:54.282382,172.20.10.5,0,0
2026-01-16T21:21:54.282382,172.20.10.5,1,0
2026-01-16T21:21:54.282382,172.20.10.5,2,0
2026-01-16T21:21:54.282382,172.20.10.5,3,0
2026-01-16T21:21:54.282382,172.20.10.5,4,0
2026-01-16T21:21:54.282382,172.20.10.5,5,0
2026-01-16T21:21:54.282382,172.20.10.5,6,0
2026-01-16T21:21:54.282382,172.20.10.5,7,0
2026-01-16T21:21:54.282382,172.20.10.5,8,1.11363
2026-01-16T21:21:54.282382,172.20.10.5,9,0
2026-01-16T21:21:54.282382,172.20.10.5,10,0
2026-01-16T21:21:54.282382,172.20.10.5,11,0
2026-01-16T21:21:54.282382,172.20.10.5,12,0
2026-01-16T21:21:54.282382,172.20.10.5,13,0
2026-01-16T21:21:54.282382,172.20.10.5,14,0
2026-01-16T21:21:54.282382,172.20.10.5,15,0
2026-01-16T21:21:54.282382,172.20.10.5,16,0
2026-01-16T21:21:54.282382,172.20.10.5,17,0
2026-01-16T21:21:54.282382,172.20.10.5,18,0
2026-01-16T21:21:54.282382,172.20.10.5,19,0
2026-01-16T21:21:54.282382,172.20.10.5,20,0
2026-01-16T21:21:54.282382,172.20.10.5,21,0
2026-01-16T21:21:54.282382,172.20.10.5,22,0
2026-01-16T21:21:54.282382,172.20.10.5,23,0
2026-01-16T21:21:54.282382,172.20.10.5,0,0
2026-01-16T21:21:54.282382,172.20.10.5,1,0
2026-01-16T21:21:54.282382,172.20.10.5,2,0
2026-01-16T21:21:54.282382,172.20.10.5,3,0
2026-01-16T21:21:54.282382,172.20.10.5,4,0
2026-01-16T21:21:54.282382,172.20.10.5,5,0
2026-01-16T21:21:54.282382,172.20.10.5,6,0
2026-01-16T21:21:54.282382,172.20.10.5,7,0
2026-01-16T21:21:54.282382,172.20.10.5,8,18.3726
2026-01-16T21:21:54.282382,172.20.10.5,9,0
2026-01-16T21:21:54.282382,172.20.10.5,10,0
2026-01-16T21:21:54.282382,172.20.10.5,11,0
2026-01-16T21:21:54.282382,172.20.10.5,12,0
2026-01-16T21:21:54.282382,172.20.10.5,13,0
2026-01-16T21:21:54.282382,172.20.10.5,14,0
2026-01-16T21:21:54.282382,172.20.10.5,15,0
2026-01-16T21:21:54.282382,172.20.10.5,16,0
2026-01-16T21:21:54.282382,172.20.10.5,17,0
2026-01-16T21:21:54.282382,172.20.10.5,18,0
2026-01-16T21:21:54.282382,172.20.10.5,19,0
2026-01-16T21:21:54.282382,172.20.10.5,20,0
2026-01-16T21:21:54.282382,172.20.10.5,21,0
2026-01-16T21:21:54.282382,172.20.10.5,22,0
2026-01-16T21:21:54.282382,172.20.10.5,23,0
2026-01-16T21:21:54.282382,172.20.10.5,0,0
2026-01-16T21:21:54.282382,172.20.10.5,1,0
2026-01-16T21:21:54.282382,172.20.10.5,2,0
2026-01-16T21:21:54.282382,172.20.10.5,3,0
2026-01-16T21:21:54.282382,172.20.10.5,4,0
2026-01-16T21:21:54.282382,172.20.10.5,5,0
2026-01-16T21:21:54.282382,172.20.10.5,6,0
2026-01-16T21:21:54.282382,172.20.10.5,7,0
2026-01-16T21:21:54.282382,172.20.10.5,8,85.4213
2026-01-16T21:21:54.282382,172.20.10.5,9,0
2026-01-16T21:21:54.282382,172.20.10.5,10,0
2026-01-16T21:21:54.282382,172.20.10.5,11,0
2026-01-16T21:21:54.282382,172.20.10.5,12,0
2026-01-16T21:21:54.282382,172.20.10.5,13,0
2026-01-16T21:21:54.282382,172.20.10.5,14,0
2026-01-16T21:21:54.282382,172.20.10.5,15,0
2026-01-16T21:21:54.282382,172.20.10.5,16,0
2026-01-16T21:21:54.282382,172.20.10.5,17,0
2026-01-16T21:21:54.282382,172.20.10.5,18,0
2026-01-16T21:21:54.282382,172.20.10.5,19,0
2026-01-16T21:21:54.282382,172.20.10.5,20,0
2026-01-16T21:21:54.282382,172.20.10.5,21,0
2026-01-16T21:21:54.282382,172.20.10.5,22,0
2026-01-16T21:21:54.282382,172.20.10.5,23,0
2026-01-16T21:21:54.282382,172.20.10.5,0,0
2026-01-16T21:21:54.282382,172.20.10.5,1,0
2026-01-16T21:21:54.282382,172.20.10.5,2,0
2026-01-16T21:21:54.282382,172.20.10.5,3,0
2026-01-16T21:21:54.282382,172.20.10.5,4,0
2026-01-16T21:21:54.282382,172.20.10.5,5,0
2026-01-16T21:21:54.282382,172.20.10.5,6,0
2026-01-16T21:21:54.282382,172.20.10.5,7,0
2026-01-16T21:21:54.282382,172.20.10.5,8,0.765607
2026-01-16T21:21:54.282382,172.20.10.5,9,0
2026-01-16T21:21:54.282382,172.20.10.5,10,0
2026-01-16T21:21:54.282382,172.20.10.5,11,0
2026-01-16T21:21:54.282382,172.20.10.5,12,0
2026-01-16T21:21:54.282382,172.20.10.5,13,0
2026-01-16T21:21:54.282382,172.20.10.5,14,0
2026-01-16T21:21:54.282382,172.20.10.5,15,0
2026-01-16T21:21:54.282382,172.20.10.5,16,0
2026-01-16T21:21:54.282382,172.20.10.5,17,0
2026-01-16T21:21:54.282382,172.20.10.5,18,0
2026-01-16T21:21:54.282382,172.20.10.5,19,0
2026-01-16T21:21:54.282382,172.20.10.5,20,0
2026-01-16T21:21:54.282382,172.20.10.5,21,0
2026-01-16T21:21:54.282382,172.20.10.5,22,0
2026-01-16T21:21:54.282382,172.20.10.5,23,0
2026-01-16T21:21:54.282382,172.20.10.5,0,0
2026-01-16T21:21:54.282382,172.20.10.5,1,0
2026-01-16T21:21:54.282382,172.20.10.5,2,0
2026-01-16T21:21:54.282382,172.20.10.5,3,0
2026-01-16T21:21:54.282382,172.20.10.5,4,0
2026-01-16T21:21:54.282382,172.20.10.5,5,0
2026-01-16T21:21:54.282382,172.20.10.5,6,0
2026-01-16T21:21:54.282382,172.20.10.5,7,0
2026-01-16T21:21:54.282382,172.20.10.5,8,93.7713
2026-01-16T21:21:54.282382,172.20.10.5,9,0
2026-01-16T21:21:54.282382,172.20.10.5,10,0
2026-01-16T21:21:54.282382,172.20.10.5,11,0
2026-01-16T21:21:54.282382,172.20.10.5,12,0
2026-01-16T21:21:54.282382,172.20.10.5,13,0
2026-01-16T21:21:54.282382,172.20.10.5,14,0
2026-01-16T21:21:54.282382,172.20.10.5,15,0
2026-01-16T21:21:54.282382,172.20.10.5,16,0
2026-01-16T21:21:54.282382,172.20.10.5,17,0
2026-01-16T21:21:54.282382,172.20.10.5,18,0
2026-01-16T21:21:54.282382,172.20.10.5,19,0
2026-01-16T21:21:54.282382,172.20.10.5,20,0
2026-01-16T21:21:54.282382,172.20.10.5,21,0
2026-01-16T21:21:54.282382,172.20.10.5,22,0
2026-01-16T21:21:54.282382,172.20.10.5,23,0
2026-01-16T21:21:54.282382,172.20.10.5,0,0
2026-01-16T21:21:54.282382,172.20.10.5,1,0
2026-01-16T21:21:54.282382,172.20.10.5,2,0
2026-01-16T21:21:54.282382,172.20.10.5,3,0
2026-01-16T21:21:54.282382,172.20.10.5,4,0
2026-01-16T21:21:54.282382,172.20.10.5,5,0
2026-01-16T21:21:54.282382,172.20.10.5,6,0
2026-01-16T21:21:54.282382,172.20.10.5,7,0
2026-01-16T21:21:54.282382,172.20.10.5,8,2.31126
2026-01-16T21:21:54.282382,172.20.10.5,9,0
2026-01-16T21:21:54.282382,172.20.10.5,10,0
2026-01-16T21:21:54.282382,172.20.10.5,11,0
2026-01-16T21:21:54.282382,172.20.10.5,12,0
2026-01-16T21:21:54.282382,172.20.10.5,13,0
2026-01-16T21:21:54.282382,172.20.10.5,14,0
2026-01-16T21:21:54.282382,172.20.10.5,15,0
2026-01-16T21:21:54.282382,172.20.10.5,16,0
2026-01-16T21:21:54.282382,172.20.10.5,17,0
2026-01-16T21:21:54.282382,172.20.10.5,18,0
2026-01-16T21:21:54.282382,172.20.10.5,19,0
2026-01-16T21:21:54.282382,172.20.10.5,20,0
2026-01-16T21:21:54.282382,172.20.10.5,21,0
2026-01-16T21:21:54.282382,172.20.10.5,22,0
2026-01-16T21:21:54.282382,172.20.10.5,23,0
2026-01-16T21:21:54.282382,172.20.10.5,0,0
2026-01-16T21:21:54.282382,172.20.10.5,1,0
2026-01-16T21:21:54.282382,172.20.10.5,2,0
2026-01-16T21:21:54.282382,172.20.10.5,3,0
2026-01-16T21:21:54.282382,172.20.10.5,4,0
2026-01-16T21:21:54.282382,172.20.10.5,5,0
2026-01-16T21:21:54.282382,172.20.10.5,6,0
2026-01-16T21:21:54.282382,172.20.10.5,7,0
2026-01-16T21:21:54.282382,172.20.10.5,8,2.66608
2026-01-16T21:21:54.282382,172.20.10.5,9,0
2026-01-16T21:21:54.282382,172.20.10.5,10,0
2026-01-16T21:21:54.282382,172.20.10.5,11,0
2026-01-16T21:21:54.282382,172.20.10.5,12,0
2026-01-16T21:21:54.282382,172.20.10.5,13,0
2026-01-16T21:21:54.282382,172.20.10.5,14,0
2026-01-16T21:21:54.282382,172.20.10.5,15,0
2026-01-16T21:21:54.282382,172.20.10.5,16,0
2026-01-16T21:21:54.282382,172.20.10.5,17,0
2026-01-16T21:21:54.282382,172.20.10.5,18,0
2026-01-16T21:21:54.282382,172.20.10.5,19,0
2026-01-16T21:21:54.282382,172.20.10.5,20,0
2026-01-16T21:21:54.282382,172.20.10.5,21,0
2026-01-16T21:21:54.282382,172.20.10.5,22,0
2026-01-16T21:21:54.282382,172.20.10.5,23,0
2026-01-16T21:21:54.282382,172.20.10.5,0,0
2026-01-16T21:21:54.282382,172.20.10.5,1,0
2026-01-16T21:21:54.282382,172.20.10.5,2,0
2026-01-16T21:21:54.282382,172.20.10.5,3,0
2026-01-16T21:21:54.282382,172.20.10.5,4,0
2026-01-16T21:21:54.282382,172.20.10.5,5,0
2026-01-16T21:21:54.282382,172.20.10.5,6,0
2026-01-16T21:21:54.282382,172.20.10.5,7,0
2026-01-16T21:21:54.282382,172.20.10.5,8,1.61123
2026-01-16T21:21:54.282382,172.20.10.5,9,0
2026-01-16T21:21:54.282382,172.20.10.5,10,0
2026-01-16T21:21:54.282382,172.20.10.5,11,0
2026-01-16T21:21:54.282382,172.20.10.5,12,0
2026-01-16T21:21:54.282382,172.20.10.5,13,0
2026-01-16T21:21:54.282382,172.20.10.5,14,0
2026-01-16T21:21:54.282382,172.20.10.5,15,0
2026-01-16T21:21:54.282382,172.20.10.5,16,0
2026-01-16T21:21:54.282382,172.20.10.5,17,0
2026-01-16T21:21:54.282382,172.20.10.5,18,0
2026-01-16T21:21:54.282382,172.20.10.5,19,0
2026-01-16T21:21:54.282382,172.20.10.5,20,0
2026-01-16T21:21:54.282382,172.20.10.5,21,0
2026-01-16T21:21:54.282382,172.20.10.5,22,0
2026-01-16T21:21:54.282382,172.20.10.5,23,0
2026-01-16T21:21:54.282382,172.20.10.5,0,0
2026-01-16T21:21:54.282382,172.20.10.5,1,0
2026-01-16T21:21:54.282382,172.20.10.5,2,0
2026-01-16T21:21:54.282382,172.20.10.5,3,0
2026-01-16T21:21:54.282382,172.20.10.5,4,0
2026-01-16T21:21:54.282382,172.20.10.5,5,0
2026-01-16T21:21:54.282382,172.20.10.5,6,0
2026-01-16T21:21:54.282382,172.20.10.5,7,0
2026-01-16T21:21:54.282382,172.20.10.5,8,2.32209
2026-01-16T21:21:54.282382,172.20.10.5,9,0
2026-01-16T21:21:54.282382,172.20.10.5,10,0
2026-01-16T21:21:54.282382,172.20.10.5,11,0
2026-01-16T21:21:54.282382,172.20.10.5,12,0
2026-01-16T21:21:54.282382,172.20.10.5,13,0
2026-01-16T21:21:54.282382,172.20.10.5,14,0
2026-01-16T21:21:54.282382,172.20.10.5,15,0
2026-01-16T21:21:54.282382,172.20.10.5,16,0
2026-01-16T21:21:54.282382,172.20.10.5,17,0
2026-01-16T21:21:54.282382,172.20.10.5,18,0
2026-01-16T21:21:54.282382,172.20.10.5,19,0
2026-01-16T21:21:54.282382,172.20.10.5,20,0
2026-01-16T21:21:54.282382,172.20.10.5,21,0
2026-01-16T21:21:54.282382,172.20.10.5,22,0
2026-01-16T21:21:54.282382,172.20.10.5,23,0
2026-01-16T21:21:54.282382,172.20.10.5,0,0
2026-01-16T21:21:54.282382,172.20.10.5,1,0
2026-01-16T21:21:54.282382,172.20.10.5,2,0
2026-01-16T21:21:54.282382,172.20.10.5,3,0
2026-01-16T21:21:54.282382,172.20.10.5,4,0
2026-01-16T21:21:54.282382,172.20.10.5,5,0
2026-01-16T21:21:54.282382,172.20.10.5,6,0
2026-01-16T21:21:54.282382,172.20.10.5,7,0
2026-01-16T21:21:54.282382,172.20.10.5,8,1.96105
2026-01-16T21:21:54.282382,172.20.10.5,9,0
2026-01-16T21:21:54.282382,172.20.10.5,10,0
2026-01-16T21:21:54.282382,172.20.10.5,11,0
2026-01-16T21:21:54.282382,172.20.10.5,12,0
2026-01-16T21:21:54.282382,172.20.10.5,13,0
2026-01-16T21:21:54.282382,172.20.10.5,14,0
2026-01-16T21:21:54.282382,172.20.10.5,15,0
2026-01-16T21:21:54.282382,172.20.10.5,16,0
2026-01-16T21:21:54.282382,172.20.10.5,17,0
2026-01-16T21:21:54.282382,172.20.10.5,18,0
2026-01-16T21:21:54.282382,172.20.10.5,19,0
2026-01-16T21:21:54.282382,172.20.10.5,20,0
2026-01-16T21:21:54.282382,172.20.10.5,21,0
2026-01-16T21:21:54.282382,172.20.10.5,22,0
2026-01-16T21:21:54.282382,172.20.10.5,23,0
2026-01-16T21:21:54.282382,172.20.10.5,0,0
2026-01-16T21:21:54.282382,172.20.10.5,1,0
2026-01-16T21:21:54.282382,172.20.10.5,2,0
2026-01-16T21:21:54.282382,172.20.10.5,3,0
2026-01-16T21:21:54.282382,172.20.10.5,4,0
2026-01-16T21:21:54.282382,172.20.10.5,5,0
2026-01-16T21:21:54.282382,172.20.10.5,6,0
2026-01-16T21:21:54.282382,172.20.10.5,7,0
2026-01-16T21:21:54.282382,172.20.10.5,8,9.9605
2026-01-16T21:21:54.282382,172.20.10.5,9,0
2026-01-16T21:21:54.282382,172.20.10.5,10,0
2026-01-16T21:21:54.282382,172.20.10.5,11,0
2026-01-16T21:21:54.282382,172.20.10.5,12,0
2026-01-16T21:21:54.282382,172.20.10.5,13,0
2026-01-16T21:21:54.282382,172.20.10.5,14,0
2026-01-16T21:21:54.282382,172.20.10.5,15,0
2026-01-16T21:21:54.282382,172.20.10.5,16,0
2026-01-16T21:21:54.282382,172.20.10.5,17,0
2026-01-16T21:21:54.282382,172.20.10.5,18,0
2026-01-16T21:21:54.282382,172.20.10.5,19,0
2026-01-16T21:21:54.282382,172.20.10.5,20,0
2026-01-16T21:21:54.282382,172.20.10.5,21,0
2026-01-16T21:21:54.282382,172.20.10.5,22,0
2026-01-16T21:21:54.282382,172.20.10.5,23,0
2026-01-16T21:21:54.282382,172.20.10.5,0,0
2026-01-16T21:21:54.282382,172.20.10.5,1,0
2026-01-16T21:21:54.282382,172.20.10.5,2,0
2026-01-16T21:21:54.282382,172.20.10.5,3,0
2026-01-16T21:21:54.282382,172.20.10.5,4,0
2026-01-16T21:21:54.282382,172.20.10.5,5,0
2026-01-16T21:21:54.282382,172.20.10.5,6,0
2026-01-16T21:21:54.282382,172.20.10.5,7,0
2026-01-16T21:21:54.282382,172.20.10.5,8,35.8207
2026-01-16T21:21:54.282382,172.20.10.5,9,0
2026-01-16T21:21:54.282382,172.20.10.5,10,0
2026-01-16T21:21:54.282382,172.20.10.5,11,0
2026-01-16T21:21:54.282382,172.20.10.5,12,0
2026-01-16T21:21:54.282382,172.20.10.5,13,0
2026-01-16T21:21:54.282382,172.20.10.5,14,0
2026-01-16T21:21:54.282382,172.20.10.5,15,0
2026-01-16T21:21:54.282382,172.20.10.5,16,0
2026-01-16T21:21:54.282382,172.20.10.5,17,0
2026-01-16T21:21:54.282382,172.20.10.5,18,0
2026-01-16T21:21:54.282382,172.20.10.5,19,0
2026-01-16T21:21:54.282382,172.20.10.5,20,0
2026-01-16T21:21:54.282382,172.20.10.5,21,0
2026-01-16T21:21:54.282382,172.20.10.5,22,0
2026-01-16T21:21:54.282382,172.20.10.5,23,0
2026-01-16T21:21:54.282382,172.20.10.5,0,0
2026-01-16T21:21:54.282382,172.20.10.5,1,0
2026-01-16T21:21:54.282382,172.20.10.5,2,0
2026-01-16T21:21:54.282382,172.20.10.5,3,0
2026-01-16T21:21:54.282382,172.20.10.5,4,0
2026-01-16T21:21:54.282382,172.20.10.5,5,0
2026-01-16T21:21:54.282382,172.20.10.5,6,0
2026-01-16T21:21:54.282382,172.20.10.5,7,0
2026-01-16T21:21:54.282382,172.20.10.5,8,0.779596
2026-01-16T21:21:54.282382,172.20.10.5,9,0
2026-01-16T21:21:54.282382,172.20.10.5,10,0
2026-01-16T21:21:54.282382,172.20.10.5,11,0
2026-01-16T21:21:54.282382,172.20.10.5,12,0
2026-01-16T21:21:54.282382,172.20.10.5,13,0
2026-01-16T21:21:54.282382,172.20.10.5,14,0
2026-01-16T21:21:54.282382,172.20.10.5,15,0
2026-01-16T21:21:54.282382,172.20.10.5,16,0
2026-01-16T21:21:54.282382,172.20.10.5,17,0
2026-01-16T21:21:54.282382,172.20.10.5,18,0
2026-01-16T21:21:54.282382,172.20.10.5,19,0
2026-01-16T21:21:54.282382,172.20.10.5,20,0
2026-01-16T21:21:54.282382,172.20.10.5,21,0
2026-01-16T21:21:54.282382,172.20.10.5,22,0
2026-01-16T21:21:54.282382,172.20.10.5,23,0
2026-01-16T21:21:54.282382,172.20.10.5,0,0
2026-01-16T21:21:54.282382,172.20.10.5,1,0
2026-01-16T21:21:54.282382,172.20.10.5,2,0
2026-01-16T21:21:54.282382,172.20.10.5,3,0
2026-01-16T21:21:54.282382,172.20.10.5,4,0
2026-01-16T21:21:54.282382,172.20.10.5,5,0
2026-01-16T21:21:54.282382,172.20.10.5,6,0
2026-01-16T21:21:54.282382,172.20.10.5,7,0
2026-01-16T21:21:54.282382,172.20.10.5,8,11.1719
2026-01-16T21:21:54.282382,172.20.10.5,9,0
2026-01-16T21:21:54.282382,172.20.10.5,10,0
2026-01-16T21:21:54.282382,172.20.10.5,11,0
2026-01-16T21:21:54.282382,172.20.10.5,12,0
2026-01-16T21:21:54.282382,172.20.10.5,13,0
2026-01-16T21:21:54.282382,172.20.10.5,14,0
2026-01-16T21:21:54.282382,172.20.10.5,15,0
2026-01-16T21:21:54.282382,172.20.10.5,16,0
2026-01-16T21:21:54.282382,172.20.10.5,17,0
2026-01-16T21:21:54.282382,172.20.10.5,18,0
2026-01-16T21:21:54.282382,172.20.10.5,19,0
2026-01-16T21:21:54.282382,172.20.10.5,20,0
2026-01-16T21:21:54.282382,172.20.10.5,21,0
2026-01-16T21:21:54.282382,172.20.10.5,22,0
2026-01-16T21:21:54.282382,172.20.10.5,23,0
2026-01-16T21:21:54.282382,172.20.10.5,0,0
2026-01-16T21:21:54.282382,172.20.10.5,1,0
2026-01-16T21:21:54.282382,172.20.10.5,2,0
2026-01-16T21:21:54.282382,172.20.10.5,3,0
2026-01-16T21:21:54.282382,172.20.10.5,4,0
2026-01-16T21:21:54.282382,172.20.10.5,5,0
2026-01-16T21:21:54.282382,172.20.10.5,6,0
2026-01-16T21:21:54.282382,172.20.10.5,7,0
2026-01-16T21:21:54.282382,172.20.10.5,8,1.07107
2026-01-16T21:21:54.282382,172.20.10.5,9,0
2026-01-16T21:21:54.282382,172.20.10.5,10,0
2026-01-16T21:21:54.282382,172.20.10.5,11,0
2026-01-16T21:21:54.282382,172.20.10.5,12,0
2026-01-16T21:21:54.282382,172.20.10.5,13,0
2026-01-16T21:21:54.282382,172.20.10.5,14,0
2026-01-16T21:21:54.282382,172.20.10.5,15,0
2026-01-16T21:21:54.282382,172.20.10.5,16,0
2026-01-16T21:21:54.282382,172.20.10.5,17,0
2026-01-16T21:21:54.282382,172.20.10.5,18,0
2026-01-16T21:21:54.282382,172.20.10.5,19,0
2026-01-16T21:21:54.282382,172.20.10.5,20,0
2026-01-16T21:21:54.282382,172.20.10.5,21,0
2026-01-16T21:21:54.282382,172.20.10.5,22,0
2026-01-16T21:21:54.282382,172.20.10.5,23,0
2026-01-16T21:21:54.282382,172.20.10.5,0,0
2026-01-16T21:21:54.282382,172.20.10.5,1,0
2026-01-16T21:21:54.282382,172.20.10.5,2,0
2026-01-16T21:21:54.282382,172.20.10.5,3,0
2026-01-16T21:21:54.282382,172.20.10.5,4,0
2026-01-16T21:21:54.282382,172.20.10.5,5,0
2026-01-16T21:21:54.282382,172.20.10.5,6,0
2026-01-16T21:21:54.282382,172.20.10.5,7,0
2026-01-16T21:21:54.282382,172.20.10.5,8,23.1353
2026-01-16T21:21:54.282382,172.20.10.5,9,0
2026-01-16T21:21:54.282382,172.20.10.5,10,0
2026-01-16T21:21:54.282382,172.20.10.5,11,0
2026-01-16T21:21:54.282382,172.20.10.5,12,0
2026-01-16T21:21:54.282382,172.20.10.5,13,0
2026-01-16T21:21:54.282382,172.20.10.5,14,0
2026-01-16T21:21:54.282382,172.20.10.5,15,0
2026-01-16T21:21:54.282382,172.20.10.5,16,0
2026-01-16T21:21:54.282382,172.20.10.5,17,0
2026-01-16T21:21:54.282382,172.20.10.5,18,0
2026-01-16T21:21:54.282382,172.20.10.5,19,0
2026-01-16T21:21:54.282382,172.20.10.5,20,0
2026-01-16T21:21:54.282382,172.20.10.5,21,0
2026-01-16T21:21:54.282382,172.20.10.5,22,0
2026-01-16T21:21:54.282382,172.20.10.5,23,0
2026-01-16T21:21:54.282382,172.20.10.5,0,0
2026-01-16T21:21:54.282382,172.20.10.5,1,0
2026-01-16T21:21:54.282382,172.20.10.5,2,0
2026-01-16T21:21:54.282382,172.20.10.5,3,0
2026-01-16T21:21:54.282382,172.20.10.5,4,0
2026-01-16T21:21:54.282382,172.20.10.5,5,0
2026-01-16T21:21:54.282382,172.20.10.5,6,0
2026-01-16T21:21:54.282382,172.20.10.5,7,0
2026-01-16T21:21:54.282382,172.20.10.5,8,1.3554
2026-01-16T21:21:54.282382,172.20.10.5,9,0
2026-01-16T21:21:54.282382,172.20.10.5,10,0
2026-01-16T21:21:54.282382,172.20.10.5,11,0
2026-01-16T21:21:54.282382,172.20.10.5,12,0
2026-01-16T21:21:54.282382,172.20.10.5,13,0
2026-01-16T21:21:54.282382,172.20.10.5,14,0
2026-01-16T21:21:54.282382,172.20.10.5,15,0
2026-01-16T21:21:54.282382,172.20.10.5,16,0
2026-01-16T21:21:54.282382,172.20.10.5,17,0
2026-01-16T21:21:54.282382,172.20.10.5,18,0
2026-01-16T21:21:54.282382,172.20.10.5,19,0
2026-01-16T21:21:54.282382,172.20.10.5,20,0
2026-01-16T21:21:54.282382,172.20.10.5,21,0
2026-01-16T21:21:54.282382,172.20.10.5,22,0
2026-01-16T21:21:54.282382,172.20.10.5,23,0
2026-01-16T21:21:54.282382,172.20.10.5,0,0
2026-01-16T21:21:54.282382,172.20.10.5,1,0
2026-01-16T21:21:54.282382,172.20.10.5,2,0
2026-01-16T21:21:54.282382,172.20.10.5,3,0
2026-01-16T21:21:54.282382,172.20.10.5,4,0
2026-01-16T21:21:54.282382,172.20.10.5,5,0
2026-01-16T21:21:54.282382,172.20.10.5,6,0
2026-01-16T21:21:54.282382,172.20.10.5,7,0
2026-01-16T21:21:54.282382,172.20.10.5,8,1.61212
2026-01-16T21:21:54.282382,172.20.10.5,9,0
2026-01-16T21:21:54.282382,172.20.10.5,10,0
2026-01-16T21:21:54.282382,172.20.10.5,11,0
2026-01-16T21:21:54.282382,172.20.10.5,12,0
2026-01-16T21:21:54.282382,172.20.10.5,13,0
2026-01-16T21:21:54.282382,172.20.10.5,14,0
2026-01-16T21:21:54.282382,172.20.10.5,15,0
2026-01-16T21:21:54.282382,172.20.10.5,16,0
2026-01-16T21:21:54.282382,172.20.10.5,17,0
2026-01-16T21:21:54.282382,172.20.10.5,18,0
2026-01-16T21:21:54.282382,172.20.10.5,19,0
2026-01-16T21:21:54.282382,172.20.10.5,20,0
2026-01-16T21:21:54.282382,172.20.10.5,21,0
2026-01-16T21:21:54.282382,172.20.10.5,22,0
2026-01-16T21:21:54.282382,172.20.10.5,23,0
2026-01-16T21:21:54.282382,172.20.10.5,0,0
2026-01-16T21:21:54.282382,172.20.10.5,1,0
2026-01-16T21:21:54.282382,172.20.10.5,2,0
2026-01-16T21:21:54.282382,172.20.10.5,3,0
2026-01-16T21:21:54.282382,172.20.10.5,4,0
2026-01-16T21:21:54.282382,172.20.10.5,5,0
2026-01-16T21:21:54.282382,172.20.10.5,6,0
2026-01-16T21:21:54.282382,172.20.10.5,7,0
2026-01-16T21:21:54.282382,172.20.10.5,8,0.930387
2026-01-16T21:21:54.282382,172.20.10.5,9,0
2026-01-16T21:21:54.282382,172.20.10.5,10,0
2026-01-16T21:21:54.282382,172.20.10.5,11,0
2026-01-16T21:21:54.282382,172.20.10.5,12,0
2026-01-16T21:21:54.282382,172.20.10.5,13,0
2026-01-16T21:21:54.282382,172.20.10.5,14,0
2026-01-16T21:21:54.282382,172.20.10.5,15,0
2026-01-16T21:21:54.282382,172.20.10.5,16,0
2026-01-16T21:21:54.282382,172.20.10.5,17,0
2026-01-16T21:21:54.282382,172.20.10.5,18,0
2026-01-16T21:21:54.282382,172.20.10.5,19,0
2026-01-16T21:21:54.282382,172.20.10.5,20,0
2026-01-16T21:21:54.282382,172.20.10.5,21,0
2026-01-16T21:21:54.282382,172.20.10.5,22,0
2026-01-16T21:21:54.282382,172.20.10.5,23,0
2026-01-16T21:21:54.282382,172.20.10.5,0,0
2026-01-16T21:21:54.282382,172.20.10.5,1,0
2026-01-16T21:21:54.282382,172.20.10.5,2,0
2026-01-16T21:21:54.282382,172.20.10.5,3,0
2026-01-16T21:21:54.282382,172.20.10.5,4,0
2026-01-16T21:21:54.282382,172.20.10.5,5,0
2026-01-16T21:21:54.282382,172.20.10.5,6,0
2026-01-16T21:21:54.282382,172.20.10.5,7,0
2026-01-16T21:21:54.282382,172.20.10.5,8,1.95596
2026-01-16T21:21:54.282382,172.20.10.5,9,0
2026-01-16T21:21:54.282382,172.20.10.5,10,0
2026-01-16T21:21:54.282382,172.20.10.5,11,0
2026-01-16T21:21:54.282382,172.20.10.5,12,0
2026-01-16T21:21:54.282382,172.20.10.5,13,0
2026-01-16T21:21:54.282382,172.20.10.5,14,0
2026-01-16T21:21:54.282382,172.20.10.5,15,0
2026-01-16T21:21:54.282382,172.20.10.5,16,0
2026-01-16T21:21:54.282382,172.20.10.5,17,0
2026-01-16T21:21:54.282382,172.20.10.5,18,0
2026-01-16T21:21:54.282382,172.20.10.5,19,0
2026-01-16T21:21:54.282382,172.20.10.5,20,0
2026-01-16T21:21:54.282382,172.20.10.5,21,0
2026-01-16T21:21:54.282382,172.20.10.5,22,0
2026-01-16T21:21:54.282382,172.20.10.5,23,0
2026-01-16T21:21:54.282382,172.20.10.5,0,0
2026-01-16T21:21:54.282382,172.20.10.5,1,0
2026-01-16T21:21:54.282382,172.20.10.5,2,0
2026-01-16T21:21:54.282382,172.20.10.5,3,0
2026-01-16T21:21:54.282382,172.20.10.5,4,0
2026-01-16T21:21:54.282382,172.20.10.5,5,0
2026-01-16T21:21:54.282382,172.20.10.5,6,0
2026-01-16T21:21:54.282382,172.20.10.5,7,0
2026-01-16T21:21:54.282382,172.20.10.5,8,1.04812
2026-01-16T21:21:54.282382,172.20.10.5,9,0
2026-01-16T21:21:54.282382,172.20.10.5,10,0
2026-01-16T21:21:54.282382,172.20.10.5,11,0
2026-01-16T21:21:54.282382,172.20.10.5,12,0
2026-01-16T21:21:54.282382,172.20.10.5,13,0
2026-01-16T21:21:54.282382,172.20.10.5,14,0
2026-01-16T21:21:54.282382,172.20.10.5,15,0
2026-01-16T21:21:54.282382,172.20.10.5,16,0
2026-01-16T21:21:54.282382,172.20.10.5,17,0
2026-01-16T21:21:54.282382,172.20.10.5,18,0
2026-01-16T21:21:54.282382,172.20.10.5,19,0
2026-01-16T21:21:54.282382,172.20.10.5,20,0
2026-01-16T21:21:54.282382,172.20.10.5,21,0
2026-01-16T21:21:54.282382,172.20.10.5,22,0
2026-01-16T21:21:54.282382,172.20.10.5,23,0
2026-01-16T21:21:54.282382,172.20.10.5,0,0
2026-01-16T21:21:54.282382,172.20.10.5,1,0
2026-01-16T21:21:54.282382,172.20.10.5,2,0
2026-01-16T21:21:54.282382,172.20.10.5,3,0
2026-01-16T21:21:54.282382,172.20.10.5,4,0
2026-01-16T21:21:54.282382,172.20.10.5,5,0
2026-01-16T21:21:54.282382,172.20.10.5,6,0
2026-01-16T21:21:54.282382,172.20.10.5,7,0
2026-01-16T21:21:54.282382,172.20.10.5,8,2.33013
2026-01-16T21:21:54.282382,172.20.10.5,9,0
2026-01-16T21:21:54.282382,172.20.10.5,10,0
2026-01-16T21:21:54.282382,172.20.10.5,11,0
2026-01-16T21:21:54.282382,172.20.10.5,12,0
2026-01-16T21:21:54.282382,172.20.10.5,13,0
2026-01-16T21:21:54.282382,172.20.10.5,14,0
2026-01-16T21:21:54.282382,172.20.10.5,15,0
2026-01-16T21:21:54.282382,172.20.10.5,16,0
2026-01-16T21:21:54.282382,172.20.10.5,17,0
2026-01-16T21:21:54.282382,172.20.10.5,18,0
2026-01-16T21:21:54.282382,172.20.10.5,19,0
2026-01-16T21:21:54.282382,172.20.10.5,20,0
2026-01-16T21:21:54.282382,172.20.10.5,21,0
2026-01-16T21:21:54.282382,172.20.10.5,22,0
2026-01-16T21:21:54.282382,172.20.10.5,23,0
2026-01-16T21:21:54.282382,172.20.10.5,0,0
2026-01-16T21:21:54.282382,172.20.10.5,1,0
2026-01-16T21:21:54.282382,172.20.10.5,2,0
2026-01-16T21:21:54.282382,172.20.10.5,3,0
2026-01-16T21:21:54.282382,172.20.10.5,4,0
2026-01-16T21:21:54.282382,172.20.10.5,5,0
2026-01-16T21:21:54.282382,172.20.10.5,6,0
2026-01-16T21:21:54.282382,172.20.10.5,7,0
2026-01-16T21:21:54.282382,172.20.10.5,8,23.2211
2026-01-16T21:21:54.282382,172.20.10.5,9,0
2026-01-16T21:21:54.282382,172.20.10.5,10,0
2026-01-16T21:21:54.282382,172.20.10.5,11,0
2026-01-16T21:21:54.282382,172.20.10.5,12,0
2026-01-16T21:21:54.282382,172.20.10.5,13,0
2026-01-16T21:21:54.282382,172.20.10.5,14,0
2026-01-16T21:21:54.282382,172.20.10.5,15,0
2026-01-16T21:21:54.282382,172.20.10.5,16,0
2026-01-16T21:21:54.282382,172.20.10.5,17,0
2026-01-16T21:21:54.282382,172.20.10.5,18,0
2026-01-16T21:21:54.282382,172.20.10.5,19,0
2026-01-16T21:21:54.282382,172.20.10.5,20,0
2026-01-16T21:21:54.282382,172.20.10.5,21,0
2026-01-16T21:21:54.282382,172.20.10.5,22,0
2026-01-16T21:21:54.282382,172.20.10.5,23,0
2026-01-16T21:21:54.282382,172.20.10.5,0,0
2026-01-16T21:21:54.282382,172.20.10.5,1,0
2026-01-16T21:21:54.282382,172.20.10.5,2,0
2026-01-16T21:21:54.282382,172.20.10.5,3,0
2026-01-16T21:21:54.282382,172.20.10.5,4,0
2026-01-16T21:21:54.282382,172.20.10.5,5,0
2026-01-16T21:21:54.282382,172.20.10.5,6,0
2026-01-16T21:21:54.282382,172.20.10.5,7,0
2026-01-16T21:21:54.282382,172.20.10.5,8,1.02985
2026-01-16T21:21:54.282382,172.20.10.5,9,0
2026-01-16T21:21:54.282382,172.20.10.5,10,0
2026-01-16T21:21:54.282382,172.20.10.5,11,0
2026-01-16T21:21:54.282382,172.20.10.5,12,0
2026-01-16T21:21:54.282382,172.20.10.5,13,0
2026-01-16T21:21:54.282382,172.20.10.5,14,0
2026-01-16T21:21:54.282382,172.20.10.5,15,0
2026-01-16T21:21:54.282382,172.20.10.5,16,0
2026-01-16T21:21:54.282382,172.20.10.5,17,0
2026-01-16T21:21:54.282382,172.20.10.5,18,0
2026-01-16T21:21:54.282382,172.20.10.5,19,0
2026-01-16T21:21:54.282382,172.20.10.5,20,0
2026-01-16T21:21:54.282382,172.20.10.5,21,0
2026-01-16T21:21:54.282382,172.20.10.5,22,0
2026-01-16T21:21:54.282382,172.20.10.5,23,0
2026-01-16T21:21:54.282382,172.20.10.5,0,0
2026-01-16T21:21:54.282382,172.20.10.5,1,0
2026-01-16T21:21:54.282382,172.20.10.5,2,0
2026-01-16T21:21:54.282382,172.20.10.5,3,0
2026-01-16T21:21:54.282382,172.20.10.5,4,0
2026-01-16T21:21:54.282382,172.20.10.5,5,0
2026-01-16T21:21:54.282382,172.20.10.5,6,0
2026-01-16T21:21:54.282382,172.20.10.5,7,0
2026-01-16T21:21:54.282382,172.20.10.5,8,0.889773
2026-01-16T21:21:54.282382,172.20.10.5,9,0
2026-01-16T21:21:54.282382,172.20.10.5,10,0
2026-01-16T21:21:54.282382,172.20.10.5,11,0
2026-01-16T21:21:54.282382,172.20.10.5,12,0
2026-01-16T21:21:54.282382,172.20.10.5,13,0
2026-01-16T21:21:54.282382,172.20.10.5,14,0
2026-01-16T21:21:54.282382,172.20.10.5,15,0
2026-01-16T21:21:54.282382,172.20.10.5,16,0
2026-01-16T21:21:54.282382,172.20.10.5,17,0
2026-01-16T21:21:54.282382,172.20.10.5,18,0
2026-01-16T21:21:54.282382,172.20.10.5,19,0
2026-01-16T21:21:54.282382,172.20.10.5,20,0
2026-01-16T21:21:54.282382,172.20.10.5,21,0
2026-01-16T21:21:54.282382,172.20.10.5,22,0
2026-01-16T21:21:54.282382,172.20.10.5,23,0
2026-01-16T21:21:54.282382,172.20.10.5,0,0
2026-01-16T21:21:54.282382,172.20.10.5,1,0
2026-01-16T21:21:54.282382,172.20.10.5,2,0
2026-01-16T21:21:54.282382,172.20.10.5,3,0
2026-01-16T21:21:54.282382,172.20.10.5,4,0
2026-01-16T21:21:54.282382,172.20.10.5,5,0
2026-01-16T21:21:54.282382,172.20.10.5,6,0
2026-01-16T21:21:54.282382,172.20.10.5,7,0
2026-01-16T21:21:54.282382,172.20.10.5,8,42.8951
2026-01-16T21:21:54.282382,172.20.10.5,9,0
2026-01-16T21:21:54.282382,172.20.10.5,10,0
2026-01-16T21:21:54.282382,172.20.10.5,11,0
2026-01-16T21:21:54.282382,172.20.10.5,12,0
2026-01-16T21:21:54.282382,172.20.10.5,13,0
2026-01-16T21:21:54.282382,172.20.10.5,14,0
2026-01-16T21:21:54.282382,172.20.10.5,15,0
2026-01-16T21:21:54.282382,172.20.10.5,16,0
2026-01-16T21:21:54.282382,172.20.10.5,17,0
2026-01-16T21:21:54.282382,172.20.10.5,18,0
2026-01-16T21:21:54.282382,172.20.10.5,19,0
2026-01-16T21:21:54.282382,172.20.10.5,20,0
2026-01-16T21:21:54.282382,172.20.10.5,21,0
2026-01-16T21:21:54.282382,172.20.10.5,22,0
2026-01-16T21:21:54.282382,172.20.10.5,23,0
2026-01-16T21:21:54.282382,172.20.10.5,0,0
2026-01-16T21:21:54.282382,172.20.10.5,1,0
2026-01-16T21:21:54.282382,172.20.10.5,2,0
2026-01-16T21:21:54.282382,172.20.10.5,3,0
2026-01-16T21:21:54.282382,172.20.10.5,4,0
2026-01-16T21:21:54.282382,172.20.10.5,5,0
2026-01-16T21:21:54.282382,172.20.10.5,6,0
2026-01-16T21:21:54.282382,172.20.10.5,7,0
2026-01-16T21:21:54.282382,172.20.10.5,8,1.8104
2026-01-16T21:21:54.282382,172.20.10.5,9,0
2026-01-16T21:21:54.282382,172.20.10.5,10,0
2026-01-16T21:21:54.282382,172.20.10.5,11,0
2026-01-16T21:21:54.282382,172.20.10.5,12,0
2026-01-16T21:21:54.282382,172.20.10.5,13,0
2026-01-16T21:21:54.282382,172.20.10.5,14,0
2026-01-16T21:21:54.282382,172.20.10.5,15,0
2026-01-16T21:21:54.282382,172.20.10.5,16,0
2026-01-16T21:21:54.282382,172.20.10.5,17,0
2026-01-16T21:21:54.282382,172.20.10.5,18,0
2026-01-16T21:21:54.282382,172.20.10.5,19,0
2026-01-16T21:21:54.282382,172.20.10.5,20,0
2026-01-16T21:21:54.282382,172.20.10.5,21,0
2026-01-16T21:21:54.282382,172.20.10.5,22,0
2026-01-16T21:21:54.282382,172.20.10.5,23,0
2026-01-16T21:21:54.282382,172.20.10.5,0,0
2026-01-16T21:21:54.282382,172.20.10.5,1,0
2026-01-16T21:21:54.282382,172.20.10.5,2,0
2026-01-16T21:21:54.282382,172.20.10.5,3,0
2026-01-16T21:21:54.282382,172.20.10.5,4,0
2026-01-16T21:21:54.282382,172.20.10.5,5,0
2026-01-16T21:21:54.282382,172.20.10.5,6,0
2026-01-16T21:21:54.282382,172.20.10.5,7,0
2026-01-16T21:21:54.282382,172.20.10.5,8,0.972239
2026-01-16T21:21:54.282382,172.20.10.5,9,0
2026-01-16T21:21:54.282382,172.20.10.5,10,0
2026-01-16T21:21:54.282382,172.20.10.5,11,0
2026-01-16T21:21:54.282382,172.20.10.5,12,0
2026-01-16T21:21:54.282382,172.20.10.5,13,0
2026-01-16T21:21:54.282382,172.20.10.5,14,0
2026-01-16T21:21:54.282382,172.20.10.5,15,0
2026-01-16T21:21:54.282382,172.20.10.5,16,0
2026-01-16T21:21:54.282382,172.20.10.5,17,0
2026-01-16T21:21:54.282382,172.20.10.5,18,0
2026-01-16T21:21:54.282382,172.20.10.5,19,0
2026-01-16T21:21:54.282382,172.20.10.5,20,0
2026-01-16T21:21:54.282382,172.20.10.5,21,0
2026-01-16T21:21:54.282382,172.20.10.5,22,0
2026-01-16T21:21:54.282382,172.20.10.5,23,0
2026-01-16T21:21:54.282382,172.20.10.5,0,0
2026-01-16T21:21:54.282382,172.20.10.5,1,0
2026-01-16T21:21:54.282382,172.20.10.5,2,0
2026-01-16T21:21:54.282382,172.20.10.5,3,0
2026-01-16T21:21:54.282382,172.20.10.5,4,0
2026-01-16T21:21:54.282382,172.20.10.5,5,0
2026-01-16T21:21:54.282382,172.20.10.5,6,0
2026-01-16T21:21:54.282382,172.20.10.5,7,0
2026-01-16T21:21:54.282382,172.20.10.5,8,22.6612
2026-01-16T21:21:54.282382,172.20.10.5,9,0
2026-01-16T21:21:54.282382,172.20.10.5,10,0
2026-01-16T21:21:54.282382,172.20.10.5,11,0
2026-01-16T21:21:54.282382,172.20.10.5,12,0
2026-01-16T21:21:54.282382,172.20.10.5,13,0
2026-01-16T21:21:54.282382,172.20.10.5,14,0
2026-01-16T21:21:54.282382,172.20.10.5,15,0
2026-01-16T21:21:54.282382,172.20.10.5,16,0
2026-01-16T21:21:54.282382,172.20.10.5,17,0
2026-01-16T21:21:54.282382,172.20.10.5,18,0
2026-01-16T21:21:54.282382,172.20.10.5,19,0
2026-01-16T21:21:54.282382,172.20.10.5,20,0
2026-01-16T21:21:54.282382,172.20.10.5,21,0
2026-01-16T21:21:54.282382,172.20.10.5,22,0
2026-01-16T21:21:54.282382,172.20.10.5,23,0
2026-01-16T21:21:54.282382,172.20.10.5,0,0
2026-01-16T21:21:54.282382,172.20.10.5,1,0
2026-01-16T21:21:54.282382,172.20.10.5,2,0
2026-01-16T21:21:54.282382,172.20.10.5,3,0
2026-01-16T21:21:54.282382,172.20.10.5,4,0
2026-01-16T21:21:54.282382,172.20.10.5,5,0
2026-01-16T21:21:54.282382,172.20.10.5,6,0
2026-01-16T21:21:54.282382,172.20.10.5,7,0
2026-01-16T21:21:54.282382,172.20.10.5,8,0.986159
2026-01-16T21:21:54.282382,172.20.10.5,9,0
2026-01-16T21:21:54.282382,172.20.10.5,10,0
2026-01-16T21:21:54.282382,172.20.10.5,11,0
2026-01-16T21:21:54.282382,172.20.10.5,12,0
2026-01-16T21:21:54.282382,172.20.10.5,13,0
2026-01-16T21:21:54.282382,172.20.10.5,14,0
2026-01-16T21:21:54.282382,172.20.10.5,15,0
2026-01-16T21:21:54.282382,172.20.10.5,16,0
2026-01-16T21:21:54.282382,172.20.10.5,17,0
2026-01-16T21:21:54.282382,172.20.10.5,18,0
2026-01-16T21:21:54.282382,172.20.10.5,19,0
2026-01-16T21:21:54.282382,172.20.10.5,20,0
2026-01-16T21:21:54.282382,172.20.10.5,21,0
2026-01-16T21:21:54.282382,172.20.10.5,22,0
2026-01-16T21:21:54.282382,172.20.10.5,23,0
2026-01-16T21:21:54.282382,172.20.10.5,0,0
2026-01-16T21:21:54.282382,172.20.10.5,1,0
2026-01-16T21:21:54.282382,172.20.10.5,2,0
2026-01-16T21:21:54.282382,172.20.10.5,3,0
2026-01-16T21:21:54.282382,172.20.10.5,4,0
2026-01-16T21:21:54.282382,172.20.10.5,5,0
2026-01-16T21:21:54.282382,172.20.10.5,6,0
2026-01-16T21:21:54.282382,172.20.10.5,7,0
2026-01-16T21:21:54.282382,172.20.10.5,8,77.1924
2026-01-16T21:21:54.282382,172.20.10.5,9,0
2026-01-16T21:21:54.282382,172.20.10.5,10,0
2026-01-16T21:21:54.282382,172.20.10.5,11,0
2026-01-16T21:21:54.282382,172.20.10.5,12,0
2026-01-16T21:21:54.282382,172.20.10.5,13,0
2026-01-16T21:21:54.282382,172.20.10.5,14,0
2026-01-16T21:21:54.282382,172.20.10.5,15,0
2026-01-16T21:21:54.282382,172.20.10.5,16,0
2026-01-16T21:21:54.282382,172.20.10.5,17,0
2026-01-16T21:21:54.282382,172.20.10.5,18,0
2026-01-16T21:21:54.282382,172.20.10.5,19,0
2026-01-16T21:21:54.282382,172.20.10.5,20,0
2026-01-16T21:21:54.282382,172.20.10.5,21,0
2026-01-16T21:21:54.282382,172.20.10.5,22,0
2026-01-16T21:21:54.282382,172.20.10.5,23,0
2026-01-16T21:21:54.282382,172.20.10.5,0,0
2026-01-16T21:21:54.282382,172.20.10.5,1,0
2026-01-16T21:21:54.282382,172.20.10.5,2,0
2026-01-16T21:21:54.282382,172.20.10.5,3,0
2026-01-16T21:21:54.282382,172.20.10.5,4,0
2026-01-16T21:21:54.282382,172.20.10.5,5,0
2026-01-16T21:21:54.282382,172.20.10.5,6,0
2026-01-16T21:21:54.282382,172.20.10.5,7,0
2026-01-16T21:21:54.282382,172.20.10.5,8,2.46635
2026-01-16T21:21:54.282382,172.20.10.5,9,0
2026-01-16T21:21:54.282382,172.20.10.5,10,0
2026-01-16T21:21:54.282382,172.20.10.5,11,0
2026-01-16T21:21:54.282382,172.20.10.5,12,0
2026-01-16T21:21:54.282382,172.20.10.5,13,0
2026-01-16T21:21:54.282382,172.20.10.5,14,0
2026-01-16T21:21:54.282382,172.20.10.5,15,0
2026-01-16T21:21:54.282382,172.20.10.5,16,0
2026-01-16T21:21:54.282382,172.20.10.5,17,0
2026-01-16T21:21:54.282382,172.20.10.5,18,0
2026-01-16T21:21:54.282382,172.20.10.5,19,0
2026-01-16T21:21:54.282382,172.20.10.5,20,0
2026-01-16T21:21:54.282382,172.20.10.5,21,0
2026-01-16T21:21:54.282382,172.20.10.5,22,0
2026-01-16T21:21:54.282382,172.20.10.5,23,0
2026-01-16T21:21:54.282382,172.20.10.5,0,0
2026-01-16T21:21:54.282382,172.20.10.5,1,0
2026-01-16T21:21:54.282382,172.20.10.5,2,0
2026-01-16T21:21:54.282382,172.20.10.5,3,0
2026-01-16T21:21:54.282382,172.20.10.5,4,0
2026-01-16T21:21:54.282382,172.20.10.5,5,0
2026-01-16T21:21:54.282382,172.20.10.5,6,0
2026-01-16T21:21:54.282382,172.20.10.5,7,0
2026-01-16T21:21:54.282382,172.20.10.5,8,2.07035
2026-01-16T21:21:54.282382,172.20.10.5,9,0
2026-01-16T21:21:54.282382,172.20.10.5,10,0
2026-01-16T21:21:54.282382,172.20.10.5,11,0
2026-01-16T21:21:54.282382,172.20.10.5,12,0
2026-01-16T21:21:54.282382,172.20.10.5,13,0
2026-01-16T21:21:54.282382,172.20.10.5,14,0
2026-01-16T21:21:54.282382,172.20.10.5,15,0
2026-01-16T21:21:54.282382,172.20.10.5,16,0
2026-01-16T21:21:54.282382,172.20.10.5,17,0
2026-01-16T21:21:54.282382,172.20.10.5,18,0
2026-01-16T21:21:54.282382,172.20.10.5,19,0
2026-01-16T21:21:54.282382,172.20.10.5,20,0
2026-01-16T21:21:54.282382,172.20.10.5,21,0
2026-01-16T21:21:54.282382,172.20.10.5,22,0
2026-01-16T21:21:54.282382,172.20.10.5,23,0
2026-01-16T21:21:54.282382,172.20.10.5,0,0
2026-01-16T21:21:54.282382,172.20.10.5,1,0
2026-01-16T21:21:54.282382,172.20.10.5,2,0
2026-01-16T21:21:54.282382,172.20.10.5,3,0
2026-01-16T21:21:54.282382,172.20.10.5,4,0
2026-01-16T21:21:54.282382,172.20.10.5,5,0
2026-01-16T21:21:54.282382,172.20.10.5,6,0
2026-01-16T21:21:54.282382,172.20.10.5,7,0
2026-01-16T21:21:54.282382,172.20.10.5,8,98.2673
2026-01-16T21:21:54.282382,172.20.10.5,9,0
2026-01-16T21:21:54.282382,172.20.10.5,10,0
2026-01-16T21:21:54.282382,172.20.10.5,11,0
2026-01-16T21:21:54.282382,172.20.10.5,12,0
2026-01-16T21:21:54.282382,172.20.10.5,13,0
2026-01-16T21:21:54.282382,172.20.10.5,14,0
2026-01-16T21:21:54.282382,172.20.10.5,15,0
2026-01-16T21:21:54.282382,172.20.10.5,16,0
2026-01-16T21:21:54.282382,172.20.10.5,17,0
2026-01-16T21:21:54.282382,172.20.10.5,18,0
2026-01-16T21:21:54.282382,172.20.10.5,19,0
2026-01-16T21:21:54.282382,172.20.10.5,20,0
2026-01-16T21:21:54.282382,172.20.10.5,21,0
2026-01-16T21:21:54.282382,172.20.10.5,22,0
2026-01-16T21:21:54.282382,172.20.10.5,23,0
2026-01-16T21:21:54.282382,172.20.10.5,0,0
2026-01-16T21:21:54.282382,172.20.10.5,1,0
2026-01-16T21:21:54.282382,172.20.10.5,2,0
2026-01-16T21:21:54.282382,172.20.10.5,3,0
2026-01-16T21:21:54.282382,172.20.10.5,4,0
2026-01-16T21:21:54.282382,172.20.10.5,5,0
2026-01-16T21:21:54.282382,172.20.10.5,6,0
2026-01-16T21:21:54.282382,172.20.10.5,7,0
2026-01-16T21:21:54.282382,172.20.10.5,8,52.3556
2026-01-16T21:21:54.282382,172.20.10.5,9,0
2026-01-16T21:21:54.282382,172.20.10.5,10,0
2026-01-16T21:21:54.282382,172.20.10.5,11,0
2026-01-16T21:21:54.282382,172.20.10.5,12,0
2026-01-16T21:21:54.282382,172.20.10.5,13,0
2026-01-16T21:21:54.282382,172.20.10.5,14,0
2026-01-16T21:21:54.282382,172.20.10.5,15,0
2026-01-16T21:21:54.282382,172.20.10.5,16,0
2026-01-16T21:21:54.282382,172.20.10.5,17,0
2026-01-16T21:21:54.282382,172.20.10.5,18,0
2026-01-16T21:21:54.282382,172.20.10.5,19,0
2026-01-16T21:21:54.282382,172.20.10.5,20,0
2026-01-16T21:21:54.282382,172.20.10.5,21,0
2026-01-16T21:21:54.282382,172.20.10.5,22,0
2026-01-16T21:21:54.282382,172.20.10.5,23,0
2026-01-16T21:21:54.282382,172.20.10.5,0,0
2026-01-16T21:21:54.282382,172.20.10.5,1,0
2026-01-16T21:21:54.282382,172.20.10.5,2,0
2026-01-16T21:21:54.282382,172.20.10.5,3,0
2026-01-16T21:21:54.282382,172.20.10.5,4,0
2026-01-16T21:21:54.282382,172.20.10.5,5,0
2026-01-16T21:21:54.282382,172.20.10.5,6,0
2026-01-16T21:21:54.282382,172.20.10.5,7,0
2026-01-16T21:21:54.282382,172.20.10.5,8,1.04131
2026-01-16T21:21:54.282382,172.20.10.5,9,0
2026-01-16T21:21:54.282382,172.20.10.5,10,0
2026-01-16T21:21:54.282382,172.20.10.5,11,0
2026-01-16T21:21:54.282382,172.20.10.5,12,0
2026-01-16T21:21:54.282382,172.20.10.5,13,0
2026-01-16T21:21:54.282382,172.20.10.5,14,0
2026-01-16T21:21:54.282382,172.20.10.5,15,0
2026-01-16T21:21:54.282382,172.20.10.5,16,0
2026-01-16T21:21:54.282382,172.20.10.5,17,0
2026-01-16T21:21:54.282382,172.20.10.5,18,0
2026-01-16T21:21:54.282382,172.20.10.5,19,0
2026-01-16T21:21:54.282382,172.20.10.5,20,0
2026-01-16T21:21:54.282382,172.20.10.5,21,0
2026-01-16T21:21:54.282382,172.20.10.5,22,0
2026-01-16T21:21:54.282382,172.20.10.5,23,0
2026-01-16T21:21:54.282382,172.20.10.5,0,0
2026-01-16T21:21:54.282382,172.20.10.5,1,0
2026-01-16T21:21:54.282382,172.20.10.5,2,0
2026-01-16T21:21:54.282382,172.20.10.5,3,0
2026-01-16T21:21:54.282382,172.20.10.5,4,0
2026-01-16T21:21:54.282382,172.20.10.5,5,0
2026-01-16T21:21:54.282382,172.20.10.5,6,0
2026-01-16T21:21:54.282382,172.20.10.5,7,0
2026-01-16T21:21:54.282382,172.20.10.5,8,0.997481
2026-01-16T21:21:54.282382,172.20.10.5,9,0
2026-01-16T21:21:54.282382,172.20.10.5,10,0
2026-01-16T21:21:54.282382,172.20.10.5,11,0
2026-01-16T21:21:54.282382,172.20.10.5,12,0
2026-01-16T21:21:54.282382,172.20.10.5,13,0
2026-01-16T21:21:54.282382,172.20.10.5,14,0
2026-01-16T21:21:54.282382,172.20.10.5,15,0
2026-01-16T21:21:54.282382,172.20.10.5,16,0
2026-01-16T21:21:54.282382,172.20.10.5,17,0
2026-01-16T21:21:54.282382,172.20.10.5,18,0
2026-01-16T21:21:54.282382,172.20.10.5,19,0
2026-01-16T21:21:54.282382,172.20.10.5,20,0
2026-01-16T21:21:54.282382,172.20.10.5,21,0
2026-01-16T21:21:54.282382,172.20.10.5,22,0
2026-01-16T21:21:54.282382,172.20.10.5,23,0
2026-01-16T21:21:54.282382,172.20.10.5,0,0
2026-01-16T21:21:54.282382,172.20.10.5,1,0
2026-01-16T21:21:54.282382,172.20.10.5,2,0
2026-01-16T21:21:54.282382,172.20.10.5,3,0
2026-01-16T21:21:54.282382,172.20.10.5,4,0
2026-01-16T21:21:54.282382,172.20.10.5,5,0
2026-01-16T21:21:54.282382,172.20.10.5,6,0
2026-01-16T21:21:54.282382,172.20.10.5,7,0
2026-01-16T21:21:54.282382,172.20.10.5,8,39.5955
2026-01-16T21:21:54.282382,172.20.10.5,9,0
2026-01-16T21:21:54.282382,172.20.10.5,10,0
2026-01-16T21:21:54.282382,172.20.10.5,11,0
2026-01-16T21:21:54.282382,172.20.10.5,12,0
2026-01-16T21:21:54.282382,172.20.10.5,13,0
2026-01-16T21:21:54.282382,172.20.10.5,14,0
2026-01-16T21:21:54.282382,172.20.10.5,15,0
2026-01-16T21:21:54.282382,172.20.10.5,16,0
2026-01-16T21:21:54.282382,172.20.10.5,17,0
2026-01-16T21:21:54.282382,172.20.10.5,18,0
2026-01-16T21:21:54.282382,172.20.10.5,19,0
2026-01-16T21:21:54.282382,172.20.10.5,20,0
2026-01-16T21:21:54.282382,172.20.10.5,21,0
2026-01-16T21:21:54.282382,172.20.10.5,22,0
2026-01-16T21:21:54.282382,172.20.10.5,23,0
2026-01-16T21:21:54.282382,172.20.10.5,0,0
2026-01-16T21:21:54.282382,172.20.10.5,1,0
2026-01-16T21:21:54.282382,172.20.10.5,2,0
2026-01-16T21:21:54.282382,172.20.10.5,3,0
2026-01-16T21:21:54.282382,172.20.10.5,4,0
2026-01-16T21:21:54.282382,172.20.10.5,5,0
2026-01-16T21:21:54.282382,172.20.10.5,6,0
2026-01-16T21:21:54.282382,172.20.10.5,7,0
2026-01-16T21:21:54.282382,172.20.10.5,8,1.19821
2026-01-16T21:21:54.282382,172.20.10.5,9,0
2026-01-16T21:21:54.282382,172.20.10.5,10,0
2026-01-16T21:21:54.282382,172.20.10.5,11,0
2026-01-16T21:21:54.282382,172.20.10.5,12,0
2026-01-16T21:21:54.282382,172.20.10.5,13,0
2026-01-16T21:21:54.282382,172.20.10.5,14,0
2026-01-16T21:21:54.282382,172.20.10.5,15,0
2026-01-16T21:21:54.282382,172.20.10.5,16,0
2026-01-16T21:21:54.282382,172.20.10.5,17,0
2026-01-16T21:21:54.282382,172.20.10.5,18,0
2026-01-16T21:21:54.282382,172.20.10.5,19,0
2026-01-16T21:21:54.282382,172.20.10.5,20,0
2026-01-16T21:21:54.282382,172.20.10.5,21,0
2026-01-16T21:21:54.282382,172.20.10.5,22,0
2026-01-16T21:21:54.282382,172.20.10.5,23,0
2026-01-16T21:21:54.282382,172.20.10.5,0,0
2026-01-16T21:21:54.282382,172.20.10.5,1,0
2026-01-16T21:21:54.282382,172.20.10.5,2,0
2026-01-16T21:21:54.282382,172.20.10.5,3,0
2026-01-16T21:21:54.282382,172.20.10.5,4,0
2026-01-16T21:21:54.282382,172.20.10.5,5,0
2026-01-16T21:21:54.282382,172.20.10.5,6,0
2026-01-16T21:21:54.282382,172.20.10.5,7,0
2026-01-16T21:21:54.282382,172.20.10.5,8,0.346838
2026-01-16T21:21:54.282382,172.20.10.5,9,0
2026-01-16T21:21:54.282382,172.20.10.5,10,0
2026-01-16T21:21:54.282382,172.20.10.5,11,0
2026-01-16T21:21:54.282382,172.20.10.5,12,0
2026-01-16T21:21:54.282382,172.20.10.5,13,0
2026-01-16T21:21:54.282382,172.20.10.5,14,0
2026-01-16T21:21:54.282382,172.20.10.5,15,0
2026-01-16T21:21:54.282382,172.20.10.5,16,0
2026-01-16T21:21:54.282382,172.20.10.5,17,0
2026-01-16T21:21:54.282382,172.20.10.5,18,0
2026-01-16T21:21:54.282382,172.20.10.5,19,0
2026-01-16T21:21:54.282382,172.20.10.5,20,0
2026-01-16T21:21:54.282382,172.20.10.5,21,0
2026-01-16T21:21:54.282382,172.20.10.5,22,0
2026-01-16T21:21:54.282382,172.20.10.5,23,0
2026-01-16T21:21:54.282382,172.20.10.5,0,0
2026-01-16T21:21:54.282382,172.20.10.5,1,0
2026-01-16T21:21:54.282382,172.20.10.5,2,0
2026-01-16T21:21:54.282382,172.20.10.5,3,0
2026-01-16T21:21:54.282382,172.20.10.5,4,0
2026-01-16T21:21:54.282382,172.20.10.5,5,0
2026-01-16T21:21:54.282382,172.20.10.5,6,0
2026-01-16T21:21:54.282382,172.20.10.5,7,0
2026-01-16T21:21:54.282382,172.20.10.5,8,9.92024
2026-01-16T21:21:54.282382,172.20.10.5,9,0
2026-01-16T21:21:54.282382,172.20.10.5,10,0
2026-01-16T21:21:54.282382,172.20.10.5,11,0
2026-01-16T21:21:54.282382,172.20.10.5,12,0
2026-01-16T21:21:54.282382,172.20.10.5,13,0
2026-01-16T21:21:54.282382,172.20.10.5,14,0
2026-01-16T21:21:54.282382,172.20.10.5,15,0
2026-01-16T21:21:54.282382,172.20.10.5,16,0
2026-01-16T21:21:54.282382,172.20.10.5,17,0
2026-01-16T21:21:54.282382,172.20.10.5,18,0
2026-01-16T21:21:54.282382,172.20.10.5,19,0
2026-01-16T21:21:54.282382,172.20.10.5,20,0
2026-01-16T21:21:54.282382,172.20.10.5,21,0
2026-01-16T21:21:54.282382,172.20.10.5,22,0
2026-01-16T21:21:54.282382,172.20.10.5,23,0
2026-01-16T21:21:54.282382,172.20.10.5,0,0
2026-01-16T21:21:54.282382,172.20.10.5,1,0
2026-01-16T21:21:54.282382,172.20.10.5,2,0
2026-01-16T21:21:54.282382,172.20.10.5,3,0
2026-01-16T21:21:54.282382,172.20.10.5,4,0
2026-01-16T21:21:54.282382,172.20.10.5,5,0
2026-01-16T21:21:54.282382,172.20.10.5,6,0
2026-01-16T21:21:54.282382,172.20.10.5,7,0
2026-01-16T21:21:54.282382,172.20.10.5,8,84.7582
2026-01-16T21:21:54.282382,172.20.10.5,9,0
2026-01-16T21:21:54.282382,172.20.10.5,10,0
2026-01-16T21:21:54.282382,172.20.10.5,11,0
2026-01-16T21:21:54.282382,172.20.10.5,12,0
2026-01-16T21:21:54.282382,172.20.10.5,13,0
2026-01-16T21:21:54.282382,172.20.10.5,14,0
2026-01-16T21:21:54.282382,172.20.10.5,15,0
2026-01-16T21:21:54.282382,172.20.10.5,16,0
2026-01-16T21:21:54.282382,172.20.10.5,17,0
2026-01-16T21:21:54.282382,172.20.10.5,18,0
2026-01-16T21:21:54.282382,172.20.10.5,19,0
2026-01-16T21:21:54.282382,172.20.10.5,20,0
2026-01-16T21:21:54.282382,172.20.10.5,21,0
2026-01-16T21:21:54.282382,172.20.10.5,22,0
2026-01-16T21:21:54.282382,172.20.10.5,23,0
2026-01-16T21:21:54.282382,172.20.10.5,0,0
2026-01-16T21:21:54.282382,172.20.10.5,1,0
2026-01-16T21:21:54.282382,172.20.10.5,2,0
2026-01-16T21:21:54.282382,172.20.10.5,3,0
2026-01-16T21:21:54.282382,172.20.10.5,4,0
2026-01-16T21:21:54.282382,172.20.10.5,5,0
2026-01-16T21:21:54.282382,172.20.10.5,6,0
2026-01-16T21:21:54.282382,172.20.10.5,7,0
2026-01-16T21:21:54.282382,172.20.10.5,8,1.33011
2026-01-16T21:21:54.282382,172.20.10.5,9,0
2026-01-16T21:21:54.282382,172.20.10.5,10,0
2026-01-16T21:21:54.282382,172.20.10.5,11,0
2026-01-16T21:21:54.282382,172.20.10.5,12,0
2026-01-16T21:21:54.282382,172.20.10.5,13,0
2026-01-16T21:21:54.282382,172.20.10.5,14,0
2026-01-16T21:21:54.282382,172.20.10.5,15,0
2026-01-16T21:21:54.282382,172.20.10.5,16,0
2026-01-16T21:21:54.282382,172.20.10.5,17,0
2026-01-16T21:21:54.282382,172.20.10.5,18,0
2026-01-16T21:21:54.282382,172.20.10.5,19,0
2026-01-16T21:21:54.282382,172.20.10.5,20,0
2026-01-16T21:21:54.282382,172.20.10.5,21,0
2026-01-16T21:21:54.282382,172.20.10.5,22,0
2026-01-16T21:21:54.282382,172.20.10.5,23,0
2026-01-16T21:21:54.282382,172.20.10.5,0,0
2026-01-16T21:21:54.282382,172.20.10.5,1,0
2026-01-16T21:21:54.282382,172.20.10.5,2,0
2026-01-16T21:21:54.282382,172.20.10.5,3,0
2026-01-16T21:21:54.282382,172.20.10.5,4,0
2026-01-16T21:21:54.282382,172.20.10.5,5,0
2026-01-16T21:21:54.282382,172.20.10.5,6,0
2026-01-16T21:21:54.282382,172.20.10.5,7,0
2026-01-16T21:21:54.282382,172.20.10.5,8,1.80559
2026-01-16T21:21:54.282382,172.20.10.5,9,0
2026-01-16T21:21:54.282382,172.20.10.5,10,0
2026-01-16T21:21:54.282382,172.20.10.5,11,0
2026-01-16T21:21:54.282382,172.20.10.5,12,0
2026-01-16T21:21:54.282382,172.20.10.5,13,0
2026-01-16T21:21:54.282382,172.20.10.5,14,0
2026-01-16T21:21:54.282382,172.20.10.5,15,0
2026-01-16T21:21:54.282382,172.20.10.5,16,0
2026-01-16T21:21:54.282382,172.20.10.5,17,0
2026-01-16T21:21:54.282382,172.20.10.5,18,0
2026-01-16T21:21:54.282382,172.20.10.5,19,0
2026-01-16T21:21:54.282382,172.20.10.5,20,0
2026-01-16T21:21:54.282382,172.20.10.5,21,0
2026-01-16T21:21:54.282382,172.20.10.5,22,0
2026-01-16T21:21:54.282382,172.20.10.5,23,0
2026-01-16T21:21:54.282382,172.20.10.5,0,0
2026-01-16T21:21:54.282382,172.20.10.5,1,0
2026-01-16T21:21:54.282382,172.20.10.5,2,0
2026-01-16T21:21:54.282382,172.20.10.5,3,0
2026-01-16T21:21:54.282382,172.20.10.5,4,0
2026-01-16T21:21:54.282382,172.20.10.5,5,0
2026-01-16T21:21:54.282382,172.20.10.5,6,0
2026-01-16T21:21:54.282382,172.20.10.5,7,0
2026-01-16T21:21:54.282382,172.20.10.5,8,1.35198
2026-01-16T21:21:54.282382,172.20.10.5,9,0
2026-01-16T21:21:54.282382,172.20.10.5,10,0
2026-01-16T21:21:54.282382,172.20.10.5,11,0
2026-01-16T21:21:54.282382,172.20.10.5,12,0
2026-01-16T21:21:54.282382,172.20.10.5,13,0
2026-01-16T21:21:54.282382,172.20.10.5,14,0
2026-01-16T21:21:54.282382,172.20.10.5,15,0
2026-01-16T21:21:54.282382,172.20.10.5,16,0
2026-01-16T21:21:54.282382,172.20.10.5,17,0
2026-01-16T21:21:54.282382,172.20.10.5,18,0
2026-01-16T21:21:54.282382,172.20.10.5,19,0
2026-01-16T21:21:54.282382,172.20.10.5,20,0
2026-01-16T21:21:54.282382,172.20.10.5,21,0
2026-01-16T21:21:54.282382,172.20.10.5,22,0
2026-01-16T21:21:54.282382,172.20.10.5,23,0
2026-01-16T21:21:54.282382,172.20.10.5,0,0
2026-01-16T21:21:54.282382,172.20.10.5,1,0
2026-01-16T21:21:54.282382,172.20.10.5,2,0
2026-01-16T21:21:54.282382,172.20.10.5,3,0
2026-01-16T21:21:54.282382,172.20.10.5,4,0
2026-01-16T21:21:54.282382,172.20.10.5,5,0
2026-01-16T21:21:54.282382,172.20.10.5,6,0
2026-01-16T21:21:54.282382,172.20.10.5,7,0
2026-01-16T21:21:54.282382,172.20.10.5,8,1.40466
2026-01-16T21:21:54.282382,172.20.10.5,9,0
2026-01-16T21:21:54.282382,172.20.10.5,10,0
2026-01-16T21:21:54.282382,172.20.10.5,11,0
2026-01-16T21:21:54.282382,172.20.10.5,12,0
2026-01-16T21:21:54.282382,172.20.10.5,13,0
2026-01-16T21:21:54.282382,172.20.10.5,14,0
2026-01-16T21:21:54.282382,172.20.10.5,15,0
2026-01-16T21:21:54.282382,172.20.10.5,16,0
2026-01-16T21:21:54.282382,172.20.10.5,17,0
2026-01-16T21:21:54.282382,172.20.10.5,18,0
2026-01-16T21:21:54.282382,172.20.10.5,19,0
2026-01-16T21:21:54.282382,172.20.10.5,20,0
2026-01-16T21:21:54.282382,172.20.10.5,21,0
2026-01-16T21:21:54.282382,172.20.10.5,22,0
2026-01-16T21:21:54.282382,172.20.10.5,23,0
2026-01-16T21:21:54.282382,172.20.10.5,0,0
2026-01-16T21:21:54.282382,172.20.10.5,1,0
2026-01-16T21:21:54.282382,172.20.10.5,2,0
2026-01-16T21:21:54.282382,172.20.10.5,3,0
2026-01-16T21:21:54.282382,172.20.10.5,4,0
2026-01-16T21:21:54.282382,172.20.10.5,5,0
2026-01-16T21:21:54.282382,172.20.10.5,6,0
2026-01-16T21:21:54.282382,172.20.10.5,7,0
2026-01-16T21:21:54.282382,172.20.10.5,8,1.18091
2026-01-16T21:21:54.282382,172.20.10.5,9,0
2026-01-16T21:21:54.282382,172.20.10.5,10,0
2026-01-16T21:21:54.282382,172.20.10.5,11,0
2026-01-16T21:21:54.282382,172.20.10.5,12,0
2026-01-16T21:21:54.282382,172.20.10.5,13,0
2026-01-16T21:21:54.282382,172.20.10.5,14,0
2026-01-16T21:21:54.282382,172.20.10.5,15,0
2026-01-16T21:21:54.282382,172.20.10.5,16,0
2026-01-16T21:21:54.282382,172.20.10.5,17,0
2026-01-16T21:21:54.282382,172.20.10.5,18,0
2026-01-16T21:21:54.282382,172.20.10.5,19,0
2026-01-16T21:21:54.282382,172.20.10.5,20,0
2026-01-16T21:21:54.282382,172.20.10.5,21,0
2026-01-16T21:21:54.282382,172.20.10.5,22,0
2026-01-16T21:21:54.282382,172.20.10.5,23,0
2026-01-16T21:21:54.282382,172.20.10.5,0,0
2026-01-16T21:21:54.282382,172.20.10.5,1,0
2026-01-16T21:21:54.282382,172.20.10.5,2,0
2026-01-16T21:21:54.282382,172.20.10.5,3,0
2026-01-16T21:21:54.282382,172.20.10.5,4,0
2026-01-16T21:21:54.282382,172.20.10.5,5,0
2026-01-16T21:21:54.282382,172.20.10.5,6,0
2026-01-16T21:21:54.282382,172.20.10.5,7,0
2026-01-16T21:21:54.282382,172.20.10.5,8,36.7928
2026-01-16T21:21:54.282382,172.20.10.5,9,0
2026-01-16T21:21:54.282382,172.20.10.5,10,0
2026-01-16T21:21:54.282382,172.20.10.5,11,0
2026-01-16T21:21:54.282382,172.20.10.5,12,0
2026-01-16T21:21:54.282382,172.20.10.5,13,0
2026-01-16T21:21:54.282382,172.20.10.5,14,0
2026-01-16T21:21:54.282382,172.20.10.5,15,0
2026-01-16T21:21:54.282382,172.20.10.5,16,0
2026-01-16T21:21:54.282382,172.20.10.5,17,0
2026-01-16T21:21:54.282382,172.20.10.5,18,0
2026-01-16T21:21:54.282382,172.20.10.5,19,0
2026-01-16T21:21:54.282382,172.20.10.5,20,0
2026-01-16T21:21:54.282382,172.20.10.5,21,0
2026-01-16T21:21:54.282382,172.20.10.5,22,0
2026-01-16T21:21:54.282382,172.20.10.5,23,0
2026-01-16T21:21:54.282382,172.20.10.5,0,0
2026-01-16T21:21:54.282382,172.20.10.5,1,0
2026-01-16T21:21:54.282382,172.20.10.5,2,0
2026-01-16T21:21:54.282382,172.20.10.5,3,0
2026-01-16T21:21:54.282382,172.20.10.5,4,0
2026-01-16T21:21:54.282382,172.20.10.5,5,0
2026-01-16T21:21:54.282382,172.20.10.5,6,0
2026-01-16T21:21:54.282382,172.20.10.5,7,0
2026-01-16T21:21:54.282382,172.20.10.5,8,5.78363
2026-01-16T21:21:54.282382,172.20.10.5,9,0
2026-01-16T21:21:54.282382,172.20.10.5,10,0
2026-01-16T21:21:54.282382,172.20.10.5,11,0
2026-01-16T21:21:54.282382,172.20.10.5,12,0
2026-01-16T21:21:54.282382,172.20.10.5,13,0
2026-01-16T21:21:54.282382,172.20.10.5,14,0
2026-01-16T21:21:54.282382,172.20.10.5,15,0
2026-01-16T21:21:54.282382,172.20.10.5,16,0
2026-01-16T21:21:54.282382,172.20.10.5,17,0
2026-01-16T21:21:54.282382,172.20.10.5,18,0
2026-01-16T21:21:54.282382,172.20.10.5,19,0
2026-01-16T21:21:54.282382,172.20.10.5,20,0
2026-01-16T21:21:54.282382,172.20.10.5,21,0
2026-01-16T21:21:54.282382,172.20.10.5,22,0
2026-01-16T21:21:54.282382,172.20.10.5,23,0
2026-01-16T21:21:54.282382,172.20.10.5,0,0
2026-01-16T21:21:54.282382,172.20.10.5,1,0
2026-01-16T21:21:54.282382,172.20.10.5,2,0
2026-01-16T21:21:54.282382,172.20.10.5,3,0
2026-01-16T21:21:54.282382,172.20.10.5,4,0
2026-01-16T21:21:54.282382,172.20.10.5,5,0
2026-01-16T21:21:54.282382,172.20.10.5,6,0
2026-01-16T21:21:54.282382,172.20.10.5,7,0
2026-01-16T21:21:54.282382,172.20.10.5,8,0.287306
2026-01-16T21:21:54.282382,172.20.10.5,9,0
2026-01-16T21:21:54.282382,172.20.10.5,10,0
2026-01-16T21:21:54.282382,172.20.10.5,11,0
2026-01-16T21:21:54.282382,172.20.10.5,12,0
2026-01-16T21:21:54.282382,172.20.10.5,13,0
2026-01-16T21:21:54.282382,172.20.10.5,14,0
2026-01-16T21:21:54.282382,172.20.10.5,15,0
2026-01-16T21:21:54.282382,172.20.10.5,16,0
2026-01-16T21:21:54.282382,172.20.10.5,17,0
2026-01-16T21:21:54.282382,172.20.10.5,18,0
2026-01-16T21:21:54.282382,172.20.10.5,19,0
2026-01-16T21:21:54.282382,172.20.10.5,20,0
2026-01-16T21:21:54.282382,172.20.10.5,21,0
2026-01-16T21:21:54.282382,172.20.10.5,22,0
2026-01-16T21:21:54.282382,172.20.10.5,23,0
2026-01-16T21:21:54.282382,172.20.10.5,0,0
2026-01-16T21:21:54.282382,172.20.10.5,1,0
2026-01-16T21:21:54.282382,172.20.10.5,2,0
2026-01-16T21:21:54.282382,172.20.10.5,3,0
2026-01-16T21:21:54.282382,172.20.10.5,4,0
2026-01-16T21:21:54.282382,172.20.10.5,5,0
2026-01-16T21:21:54.282382,172.20.10.5,6,0
2026-01-16T21:21:54.282382,172.20.10.5,7,0
2026-01-16T21:21:54.282382,172.20.10.5,8,0.864668
2026-01-16T21:21:54.282382,172.20.10.5,9,0
2026-01-16T21:21:54.282382,172.20.10.5,10,0
2026-01-16T21:21:54.282382,172.20.10.5,11,0
2026-01-16T21:21:54.282382,172.20.10.5,12,0
2026-01-16T21:21:54.282382,172.20.10.5,13,0
2026-01-16T21:21:54.282382,172.20.10.5,14,0
2026-01-16T21:21:54.282382,172.20.10.5,15,0
2026-01-16T21:21:54.282382,172.20.10.5,16,0
2026-01-16T21:21:54.282382,172.20.10.5,17,0
2026-01-16T21:21:54.282382,172.20.10.5,18,0
2026-01-16T21:21:54.282382,172.20.10.5,19,0
2026-01-16T21:21:54.282382,172.20.10.5,20,0
2026-01-16T21:21:54.282382,172.20.10.5,21,0
2026-01-16T21:21:54.282382,172.20.10.5,22,0
2026-01-16T21:21:54.282382,172.20.10.5,23,0
2026-01-16T21:21:54.282382,172.20.10.5,0,0
2026-01-16T21:21:54.282382,172.20.10.5,1,0
2026-01-16T21:21:54.282382,172.20.10.5,2,0
2026-01-16T21:21:54.282382,172.20.10.5,3,0
2026-01-16T21:21:54.282382,172.20.10.5,4,0
2026-01-16T21:21:54.282382,172.20.10.5,5,0
2026-01-16T21:21:54.282382,172.20.10.5,6,0
2026-01-16T21:21:54.282382,172.20.10.5,7,0
2026-01-16T21:21:54.282382,172.20.10.5,8,2.39523
2026-01-16T21:21:54.282382,172.20.10.5,9,0
2026-01-16T21:21:54.282382,172.20.10.5,10,0
2026-01-16T21:21:54.282382,172.20.10.5,11,0
2026-01-16T21:21:54.282382,172.20.10.5,12,0
2026-01-16T21:21:54.282382,172.20.10.5,13,0
2026-01-16T21:21:54.282382,172.20.10.5,14,0
2026-01-16T21:21:54.282382,172.20.10.5,15,0
2026-01-16T21:21:54.282382,172.20.10.5,16,0
2026-01-16T21:21:54.282382,172.20.10.5,17,0
2026-01-16T21:21:54.282382,172.20.10.5,18,0
2026-01-16T21:21:54.282382,172.20.10.5,19,0
2026-01-16T21:21:54.282382,172.20.10.5,20,0
2026-01-16T21:21:54.282382,172.20.10.5,21,0
2026-01-16T21:21:54.282382,172.20.10.5,22,0
2026-01-16T21:21:54.282382,172.20.10.5,23,0
2026-01-16T21:21:54.282382,172.20.10.5,0,0
2026-01-16T21:21:54.282382,172.20.10.5,1,0
2026-01-16T21:21:54.282382,172.20.10.5,2,0
2026-01-16T21:21:54.282382,172.20.10.5,3,0
2026-01-16T21:21:54.282382,172.20.10.5,4,0
2026-01-16T21:21:54.282382,172.20.10.5,5,0
2026-01-16T21:21:54.282382,172.20.10.5,6,0
2026-01-16T21:21:54.282382,172.20.10.5,7,0
2026-01-16T21:21:54.282382,172.20.10.5,8,1.68528
2026-01-16T21:21:54.282382,172.20.10.5,9,0
2026-01-16T21:21:54.282382,172.20.10.5,10,0
2026-01-16T21:21:54.282382,172.20.10.5,11,0
2026-01-16T21:21:54.282382,172.20.10.5,12,0
2026-01-16T21:21:54.282382,172.20.10.5,13,0
2026-01-16T21:21:54.282382,172.20.10.5,14,0
2026-01-16T21:21:54.282382,172.20.10.5,15,0
2026-01-16T21:21:54.282382,172.20.10.5,16,0
2026-01-16T21:21:54.282382,172.20.10.5,17,0
2026-01-16T21:21:54.282382,172.20.10.5,18,0
2026-01-16T21:21:54.282382,172.20.10.5,19,0
2026-01-16T21:21:54.282382,172.20.10.5,20,0
2026-01-16T21:21:54.282382,172.20.10.5,21,0
2026-01-16T21:21:54.282382,172.20.10.5,22,0
2026-01-16T21:21:54.282382,172.20.10.5,23,0
2026-01-16T21:21:54.282382,172.20.10.5,0,0
2026-01-16T21:21:54.282382,172.20.10.5,1,0
2026-01-16T21:21:54.282382,172.20.10.5,2,0
2026-01-16T21:21:54.282382,172.20.10.5,3,0
2026-01-16T21:21:54.282382,172.20.10.5,4,0
2026-01-16T21:21:54.282382,172.20.10.5,5,0
2026-01-16T21:21:54.282382,172.20.10.5,6,0
2026-01-16T21:21:54.282382,172.20.10.5,7,0
2026-01-16T21:21:54.282382,172.20.10.5,8,0.981082
2026-01-16T21:21:54.282382,172.20.10.5,9,0
2026-01-16T21:21:54.282382,172.20.10.5,10,0
2026-01-16T21:21:54.282382,172.20.10.5,11,0
2026-01-16T21:21:54.282382,172.20.10.5,12,0
2026-01-16T21:21:54.282382,172.20.10.5,13,0
2026-01-16T21:21:54.282382,172.20.10.5,14,0
2026-01-16T21:21:54.282382,172.20.10.5,15,0
2026-01-16T21:21:54.282382,172.20.10.5,16,0
2026-01-16T21:21:54.282382,172.20.10.5,17,0
2026-01-16T21:21:54.282382,172.20.10.5,18,0
2026-01-16T21:21:54.282382,172.20.10.5,19,0
2026-01-16T21:21:54.282382,172.20.10.5,20,0
2026-01-16T21:21:54.282382,172.20.10.5,21,0
2026-01-16T21:21:54.282382,172.20.10.5,22,0
2026-01-16T21:21:54.282382,172.20.10.5,23,0
2026-01-16T21:21:54.282382,172.20.10.5,0,0
2026-01-16T21:21:54.282382,172.20.10.5,1,0
2026-01-16T21:21:54.282382,172.20.10.5,2,0
2026-01-16T21:21:54.282382,172.20.10.5,3,0
2026-01-16T21:21:54.282382,172.20.10.5,4,0
2026-01-16T21:21:54.282382,172.20.10.5,5,0
2026-01-16T21:21:54.282382,172.20.10.5,6,0
2026-01-16T21:21:54.282382,172.20.10.5,7,0
2026-01-16T21:21:54.282382,172.20.10.5,8,0.935788
2026-01-16T21:21:54.282382,172.20.10.5,9,0
2026-01-16T21:21:54.282382,172.20.10.5,10,0
2026-01-16T21:21:54.282382,172.20.10.5,11,0
2026-01-16T21:21:54.282382,172.20.10.5,12,0
2026-01-16T21:21:54.282382,172.20.10.5,13,0
2026-01-16T21:21:54.282382,172.20.10.5,14,0
2026-01-16T21:21:54.282382,172.20.10.5,15,0
2026-01-16T21:21:54.282382,172.20.10.5,16,0
2026-01-16T21:21:54.282382,172.20.10.5,17,0
2026-01-16T21:21:54.282382,172.20.10.5,18,0
2026-01-16T21:21:54.282382,172.20.10.5,19,0
2026-01-16T21:21:54.282382,172.20.10.5,20,0
2026-01-16T21:21:54.282382,172.20.10.5,21,0
2026-01-16T21:21:54.282382,172.20.10.5,22,0
2026-01-16T21:21:54.282382,172.20.10.5,23,0
2026-01-16T21:21:54.282382,172.20.10.5,0,0
2026-01-16T21:21:54.282382,172.20.10.5,1,0
2026-01-16T21:21:54.282382,172.20.10.5,2,0
2026-01-16T21:21:54.282382,172.20.10.5,3,0
2026-01-16T21:21:54.282382,172.20.10.5,4,0
2026-01-16T21:21:54.282382,172.20.10.5,5,0
2026-01-16T21:21:54.282382,172.20.10.5,6,0
2026-01-16T21:21:54.282382,172.20.10.5,7,0
2026-01-16T21:21:54.282382,172.20.10.5,8,8.05103
2026-01-16T21:21:54.282382,172.20.10.5,9,0
2026-01-16T21:21:54.282382,172.20.10.5,10,0
2026-01-16T21:21:54.282382,172.20.10.5,11,0
2026-01-16T21:21:54.282382,172.20.10.5,12,0
2026-01-16T21:21:54.282382,172.20.10.5,13,0
2026-01-16T21:21:54.282382,172.20.10.5,14,0
2026-01-16T21:21:54.282382,172.20.10.5,15,0
2026-01-16T21:21:54.282382,172.20.10.5,16,0
2026-01-16T21:21:54.282382,172.20.10.5,17,0
2026-01-16T21:21:54.282382,172.20.10.5,18,0
2026-01-16T21:21:54.282382,172.20.10.5,19,0
2026-01-16T21:21:54.282382,172.20.10.5,20,0
2026-01-16T21:21:54.282382,172.20.10.5,21,0
2026-01-16T21:21:54.282382,172.20.10.5,22,0
2026-01-16T21:21:54.282382,172.20.10.5,23,0
2026-01-16T21:21:54.282382,172.20.10.5,0,0
2026-01-16T21:21:54.282382,172.20.10.5,1,0
2026-01-16T21:21:54.282382,172.20.10.5,2,0
2026-01-16T21:21:54.282382,172.20.10.5,3,0
2026-01-16T21:21:54.282382,172.20.10.5,4,0
2026-01-16T21:21:54.282382,172.20.10.5,5,0
2026-01-16T21:21:54.282382,172.20.10.5,6,0
2026-01-16T21:21:54.282382,172.20.10.5,7,0
2026-01-16T21:21:54.282382,172.20.10.5,8,35.0351
2026-01-16T21:21:54.282382,172.20.10.5,9,0
2026-01-16T21:21:54.282382,172.20.10.5,10,0
2026-01-16T21:21:54.282382,172.20.10.5,11,0
2026-01-16T21:21:54.282382,172.20.10.5,12,0
2026-01-16T21:21:54.282382,172.20.10.5,13,0
2026-01-16T21:21:54.282382,172.20.10.5,14,0
2026-01-16T21:21:54.282382,172.20.10.5,15,0
2026-01-16T21:21:54.282382,172.20.10.5,16,0
2026-01-16T21:21:54.282382,172.20.10.5,17,0
2026-01-16T21:21:54.282382,172.20.10.5,18,0
2026-01-16T21:21:54.282382,172.20.10.5,19,0
2026-01-16T21:21:54.282382,172.20.10.5,20,0
2026-01-16T21:21:54.282382,172.20.10.5,21,0
2026-01-16T21:21:54.282382,172.20.10.5,22,0
2026-01-16T21:21:54.282382,172.20.10.5,23,0
2026-01-16T21:21:54.282382,172.20.10.5,0,0
2026-01-16T21:21:54.282382,172.20.10.5,1,0
2026-01-16T21:21:54.282382,172.20.10.5,2,0
2026-01-16T21:21:54.282382,172.20.10.5,3,0
2026-01-16T21:21:54.282382,172.20.10.5,4,0
2026-01-16T21:21:54.282382,172.20.10.5,5,0
2026-01-16T21:21:54.282382,172.20.10.5,6,0
2026-01-16T21:21:54.282382,172.20.10.5,7,0
2026-01-16T21:21:54.282382,172.20.10.5,8,84.6187
2026-01-16T21:21:54.282382,172.20.10.5,9,0
2026-01-16T21:21:54.282382,172.20.10.5,10,0
2026-01-16T21:21:54.282382,172.20.10.5,11,0
2026-01-16T21:21:54.282382,172.20.10.5,12,0
2026-01-16T21:21:54.282382,172.20.10.5,13,0
2026-01-16T21:21:54.282382,172.20.10.5,14,0
2026-01-16T21:21:54.282382,172.20.10.5,15,0
2026-01-16T21:21:54.282382,172.20.10.5,16,0
2026-01-16T21:21:54.282382,172.20.10.5,17,0
2026-01-16T21:21:54.282382,172.20.10.5,18,0
2026-01-16T21:21:54.282382,172.20.10.5,19,0
2026-01-16T21:21:54.282382,172.20.10.5,20,0
2026-01-16T21:21:54.282382,172.20.10.5,21,0
2026-01-16T21:21:54.282382,172.20.10.5,22,0
2026-01-16T21:21:54.282382,172.20.10.5,23,0
2026-01-16T21:21:54.282382,172.20.10.5,0,0
2026-01-16T21:21:54.282382,172.20.10.5,1,0
2026-01-16T21:21:54.282382,172.20.10.5,2,0
2026-01-16T21:21:54.282382,172.20.10.5,3,0
2026-01-16T21:21:54.282382,172.20.10.5,4,0
2026-01-16T21:21:54.282382,172.20.10.5,5,0
2026-01-16T21:21:54.282382,172.20.10.5,6,0
2026-01-16T21:21:54.282382,172.20.10.5,7,0
2026-01-16T21:21:54.282382,172.20.10.5,8,1.65868
2026-01-16T21:21:54.282382,172.20.10.5,9,0
2026-01-16T21:21:54.282382,172.20.10.5,10,0
2026-01-16T21:21:54.282382,172.20.10.5,11,0
2026-01-16T21:21:54.282382,172.20.10.5,12,0
2026-01-16T21:21:54.282382,172.20.10.5,13,0
2026-01-16T21:21:54.282382,172.20.10.5,14,0
2026-01-16T21:21:54.282382,172.20.10.5,15,0
2026-01-16T21:21:54.282382,172.20.10.5,16,0
2026-01-16T21:21:54.282382,172.20.10.5,17,0
2026-01-16T21:21:54.282382,172.20.10.5,18,0
2026-01-16T21:21:54.282382,172.20.10.5,19,0
2026-01-16T21:21:54.282382,172.20.10.5,20,0
2026-01-16T21:21:54.282382,172.20.10.5,21,0
2026-01-16T21:21:54.282382,172.20.10.5,22,0
2026-01-16T21:21:54.282382,172.20.10.5,23,0
2026-01-16T21:21:54.282382,172.20.10.5,0,0
2026-01-16T21:21:54.282382,172.20.10.5,1,0
2026-01-16T21:21:54.282382,172.20.10.5,2,0
2026-01-16T21:21:54.282382,172.20.10.5,3,0
2026-01-16T21:21:54.282382,172.20.10.5,4,0
2026-01-16T21:21:54.282382,172.20.10.5,5,0
2026-01-16T21:21:54.282382,172.20.10.5,6,0
2026-01-16T21:21:54.282382,172.20.10.5,7,0
2026-01-16T21:21:54.282382,172.20.10.5,8,40.8135
2026-01-16T21:21:54.282382,172.20.10.5,9,0
2026-01-16T21:21:54.282382,172.20.10.5,10,0
2026-01-16T21:21:54.282382,172.20.10.5,11,0
2026-01-16T21:21:54.282382,172.20.10.5,12,0
2026-01-16T21:21:54.282382,172.20.10.5,13,0
2026-01-16T21:21:54.282382,172.20.10.5,14,0
2026-01-16T21:21:54.282382,172.20.10.5,15,0
2026-01-16T21:21:54.282382,172.20.10.5,16,0
2026-01-16T21:21:54.282382,172.20.10.5,17,0
2026-01-16T21:21:54.282382,172.20.10.5,18,0
2026-01-16T21:21:54.282382,172.20.10.5,19,0
2026-01-16T21:21:54.282382,172.20.10.5,20,0
2026-01-16T21:21:54.282382,172.20.10.5,21,0
2026-01-16T21:21:54.282382,172.20.10.5,22,0
2026-01-16T21:21:54.282382,172.20.10.5,23,0
2026-01-16T21:21:54.282382,172.20.10.5,0,0
2026-01-16T21:21:54.282382,172.20.10.5,1,0
2026-01-16T21:21:54.282382,172.20.10.5,2,0
2026-01-16T21:21:54.282382,172.20.10.5,3,0
2026-01-16T21:21:54.282382,172.20.10.5,4,0
2026-01-16T21:21:54.282382,172.20.10.5,5,0
2026-01-16T21:21:54.282382,172.20.10.5,6,0
2026-01-16T21:21:54.282382,172.20.10.5,7,0
2026-01-16T21:21:54.282382,172.20.10.5,8,11.8193
2026-01-16T21:21:54.282382,172.20.10.5,9,0
2026-01-16T21:21:54.282382,172.20.10.5,10,0
2026-01-16T21:21:54.282382,172.20.10.5,11,0
2026-01-16T21:21:54.282382,172.20.10.5,12,0
2026-01-16T21:21:54.282382,172.20.10.5,13,0
2026-01-16T21:21:54.282382,172.20.10.5,14,0
2026-01-16T21:21:54.282382,172.20.10.5,15,0
2026-01-16T21:21:54.282382,172.20.10.5,16,0
2026-01-16T21:21:54.282382,172.20.10.5,17,0
2026-01-16T21:21:54.282382,172.20.10.5,18,0
2026-01-16T21:21:54.282382,172.20.10.5,19,0
2026-01-16T21:21:54.282382,172.20.10.5,20,0
2026-01-16T21:21:54.282382,172.20.10.5,21,0
2026-01-16T21:21:54.282382,172.20.10.5,22,0
2026-01-16T21:21:54.282382,172.20.10.5,23,0
2026-01-16T21:21:54.282382,172.20.10.5,0,0
2026-01-16T21:21:54.282382,172.20.10.5,1,0
2026-01-16T21:21:54.282382,172.20.10.5,2,0
2026-01-16T21:21:54.282382,172.20.10.5,3,0
2026-01-16T21:21:54.282382,172.20.10.5,4,0
2026-01-16T21:21:54.282382,172.20.10.5,5,0
2026-01-16T21:21:54.282382,172.20.10.5,6,0
2026-01-16T21:21:54.282382,172.20.10.5,7,0
2026-01-16T21:21:54.282382,172.20.10.5,8,1.70786
2026-01-16T21:21:54.282382,172.20.10.5,9,0
2026-01-16T21:21:54.282382,172.20.10.5,10,0
2026-01-16T21:21:54.282382,172.20.10.5,11,0
2026-01-16T21:21:54.282382,172.20.10.5,12,0
2026-01-16T21:21:54.282382,172.20.10.5,13,0
2026-01-16T21:21:54.282382,172.20.10.5,14,0
2026-01-16T21:21:54.282382,172.20.10.5,15,0
2026-01-16T21:21:54.282382,172.20.10.5,16,0
2026-01-16T21:21:54.282382,172.20.10.5,17,0
2026-01-16T21:21:54.282382,172.20.10.5,18,0
2026-01-16T21:21:54.282382,172.20.10.5,19,0
2026-01-16T21:21:54.282382,172.20.10.5,20,0
2026-01-16T21:21:54.282382,172.20.10.5,21,0
2026-01-16T21:21:54.282382,172.20.10.5,22,0
2026-01-16T21:21:54.282382,172.20.10.5,23,0
2026-01-16T21:21:54.282382,172.20.10.5,0,0
2026-01-16T21:21:54.282382,172.20.10.5,1,0
2026-01-16T21:21:54.282382,172.20.10.5,2,0
2026-01-16T21:21:54.282382,172.20.10.5,3,0
2026-01-16T21:21:54.282382,172.20.10.5,4,0
2026-01-16T21:21:54.282382,172.20.10.5,5,0
2026-01-16T21:21:54.282382,172.20.10.5,6,0
2026-01-16T21:21:54.282382,172.20.10.5,7,0
2026-01-16T21:21:54.282382,172.20.10.5,8,1.38521
2026-01-16T21:21:54.282382,172.20.10.5,9,0
2026-01-16T21:21:54.282382,172.20.10.5,10,0
2026-01-16T21:21:54.282382,172.20.10.5,11,0
2026-01-16T21:21:54.282382,172.20.10.5,12,0
2026-01-16T21:21:54.282382,172.20.10.5,13,0
2026-01-16T21:21:54.282382,172.20.10.5,14,0
2026-01-16T21:21:54.282382,172.20.10.5,15,0
2026-01-16T21:21:54.282382,172.20.10.5,16,0
2026-01-16T21:21:54.282382,172.20.10.5,17,0
2026-01-16T21:21:54.282382,172.20.10.5,18,0
2026-01-16T21:21:54.282382,172.20.10.5,19,0
2026-01-16T21:21:54.282382,172.20.10.5,20,0
2026-01-16T21:21:54.282382,172.20.10.5,21,0
2026-01-16T21:21:54.282382,172.20.10.5,22,0
2026-01-16T21:21:54.282382,172.20.10.5,23,0
2026-01-16T21:21:54.282382,172.20.10.5,0,0
2026-01-16T21:21:54.282382,172.20.10.5,1,0
2026-01-16T21:21:54.282382,172.20.10.5,2,0
2026-01-16T21:21:54.282382,172.20.10.5,3,0
2026-01-16T21:21:54.282382,172.20.10.5,4,0
2026-01-16T21:21:54.282382,172.20.10.5,5,0
2026-01-16T21:21:54.282382,172.20.10.5,6,0
2026-01-16T21:21:54.282382,172.20.10.5,7,0
2026-01-16T21:21:54.282382,172.20.10.5,8,1.80317
2026-01-16T21:21:54.282382,172.20.10.5,9,0
2026-01-16T21:21:54.282382,172.20.10.5,10,0
2026-01-16T21:21:54.282382,172.20.10.5,11,0
2026-01-16T21:21:54.282382,172.20.10.5,12,0
2026-01-16T21:21:54.282382,172.20.10.5,13,0
2026-01-16T21:21:54.282382,172.20.10.5,14,0
2026-01-16T21:21:54.282382,172.20.10.5,15,0
2026-01-16T21:21:54.282382,172.20.10.5,16,0
2026-01-16T21:21:54.282382,172.20.10.5,17,0
2026-01-16T21:21:54.282382,172.20.10.5,18,0
2026-01-16T21:21:54.282382,172.20.10.5,19,0
2026-01-16T21:21:54.282382,172.20.10.5,20,0
2026-01-16T21:21:54.282382,172.20.10.5,21,0
2026-01-16T21:21:54.282382,172.20.10.5,22,0
2026-01-16T21:21:54.282382,172.20.10.5,23,0
2026-01-16T21:21:54.282382,172.20.10.5,0,0
2026-01-16T21:21:54.282382,172.20.10.5,1,0
2026-01-16T21:21:54.282382,172.20.10.5,2,0
2026-01-16T21:21:54.282382,172.20.10.5,3,0
2026-01-16T21:21:54.282382,172.20.10.5,4,0
2026-01-16T21:21:54.282382,172.20.10.5,5,0
2026-01-16T21:21:54.282382,172.20.10.5,6,0
2026-01-16T21:21:54.282382,172.20.10.5,7,0
2026-01-16T21:21:54.282382,172.20.10.5,8,2.24593
2026-01-16T21:21:54.282382,172.20.10.5,9,0
2026-01-16T21:21:54.282382,172.20.10.5,10,0
2026-01-16T21:21:54.282382,172.20.10.5,11,0
2026-01-16T21:21:54.282382,172.20.10.5,12,0
2026-01-16T21:21:54.282382,172.20.10.5,13,0
2026-01-16T21:21:54.282382,172.20.10.5,14,0
2026-01-16T21:21:54.282382,172.20.10.5,15,0
2026-01-16T21:21:54.282382,172.20.10.5,16,0
2026-01-16T21:21:54.282382,172.20.10.5,17,0
2026-01-16T21:21:54.282382,172.20.10.5,18,0
2026-01-16T21:21:54.282382,172.20.10.5,19,0
2026-01-16T21:21:54.282382,172.20.10.5,20,0
2026-01-16T21:21:54.282382,172.20.10.5,21,0
2026-01-16T21:21:54.282382,172.20.10.5,22,0
2026-01-16T21:21:54.282382,172.20.10.5,23,0
2026-01-16T21:21:54.282382,172.20.10.5,0,0
2026-01-16T21:21:54.282382,172.20.10.5,1,0
2026-01-16T21:21:54.282382,172.20.10.5,2,0
2026-01-16T21:21:54.282382,172.20.10.5,3,0
2026-01-16T21:21:54.282382,172.20.10.5,4,0
2026-01-16T21:21:54.282382,172.20.10.5,5,0
2026-01-16T21:21:54.282382,172.20.10.5,6,0
2026-01-16T21:21:54.282382,172.20.10.5,7,0
2026-01-16T21:21:54.282382,172.20.10.5,8,1.92429
2026-01-16T21:21:54.282382,172.20.10.5,9,0
2026-01-16T21:21:54.282382,172.20.10.5,10,0
2026-01-16T21:21:54.282382,172.20.10.5,11,0
2026-01-16T21:21:54.282382,172.20.10.5,12,0
2026-01-16T21:21:54.282382,172.20.10.5,13,0
2026-01-16T21:21:54.282382,172.20.10.5,14,0
2026-01-16T21:21:54.282382,172.20.10.5,15,0
2026-01-16T21:21:54.282382,172.20.10.5,16,0
2026-01-16T21:21:54.282382,172.20.10.5,17,0
2026-01-16T21:21:54.282382,172.20.10.5,18,0
2026-01-16T21:21:54.282382,172.20.10.5,19,0
2026-01-16T21:21:54.282382,172.20.10.5,20,0
2026-01-16T21:21:54.282382,172.20.10.5,21,0
2026-01-16T21:21:54.282382,172.20.10.5,22,0
2026-01-16T21:21:54.282382,172.20.10.5,23,0
2026-01-16T21:21:54.282382,172.20.10.5,0,0
2026-01-16T21:21:54.282382,172.20.10.5,1,0
2026-01-16T21:21:54.282382,172.20.10.5,2,0
2026-01-16T21:21:54.282382,172.20.10.5,3,0
2026-01-16T21:21:54.282382,172.20.10.5,4,0
2026-01-16T21:21:54.282382,172.20.10.5,5,0
2026-01-16T21:21:54.282382,172.20.10.5,6,0
2026-01-16T21:21:54.282382,172.20.10.5,7,0
2026-01-16T21:21:54.282382,172.20.10.5,8,31.0872
2026-01-16T21:21:54.282382,172.20.10.5,9,0
2026-01-16T21:21:54.282382,172.20.10.5,10,0
2026-01-16T21:21:54.282382,172.20.10.5,11,0
2026-01-16T21:21:54.282382,172.20.10.5,12,0
2026-01-16T21:21:54.282382,172.20.10.5,13,0
2026-01-16T21:21:54.282382,172.20.10.5,14,0
2026-01-16T21:21:54.282382,172.20.10.5,15,0
2026-01-16T21:21:54.282382,172.20.10.5,16,0
2026-01-16T21:21:54.282382,172.20.10.5,17,0
2026-01-16T21:21:54.282382,172.20.10.5,18,0
2026-01-16T21:21:54.282382,172.20.10.5,19,0
2026-01-16T21:21:54.282382,172.20.10.5,20,0
2026-01-16T21:21:54.282382,172.20.10.5,21,0
2026-01-16T21:21:54.282382,172.20.10.5,22,0
2026-01-16T21:21:54.282382,172.20.10.5,23,0
2026-01-16T21:21:54.282382,172.20.10.5,0,0
2026-01-16T21:21:54.282382,172.20.10.5,1,0
2026-01-16T21:21:54.282382,172.20.10.5,2,0
2026-01-16T21:21:54.282382,172.20.10.5,3,0
2026-01-16T21:21:54.282382,172.20.10.5,4,0
2026-01-16T21:21:54.282382,172.20.10.5,5,0
2026-01-16T21:21:54.282382,172.20.10.5,6,0
2026-01-16T21:21:54.282382,172.20.10.5,7,0
2026-01-16T21:21:54.282382,172.20.10.5,8,2.82893
2026-01-16T21:21:54.282382,172.20.10.5,9,0
2026-01-16T21:21:54.282382,172.20.10.5,10,0
2026-01-16T21:21:54.282382,172.20.10.5,11,0
2026-01-16T21:21:54.282382,172.20.10.5,12,0
2026-01-16T21:21:54.282382,172.20.10.5,13,0
2026-01-16T21:21:54.282382,172.20.10.5,14,0
2026-01-16T21:21:54.282382,172.20.10.5,15,0
2026-01-16T21:21:54.282382,172.20.10.5,16,0
2026-01-16T21:21:54.282382,172.20.10.5,17,0
2026-01-16T21:21:54.282382,172.20.10.5,18,0
2026-01-16T21:21:54.282382,172.20.10.5,19,0
2026-01-16T21:21:54.282382,172.20.10.5,20,0
2026-01-16T21:21:54.282382,172.20.10.5,21,0
2026-01-16T21:21:54.282382,172.20.10.5,22,0
2026-01-16T21:21:54.282382,172.20.10.5,23,0
2026-01-16T21:21:54.282382,172.20.10.5,0,0
2026-01-16T21:21:54.282382,172.20.10.5,1,0
2026-01-16T21:21:54.282382,172.20.10.5,2,0
2026-01-16T21:21:54.282382,172.20.10.5,3,0
2026-01-16T21:21:54.282382,172.20.10.5,4,0
2026-01-16T21:21:54.282382,172.20.10.5,5,0
2026-01-16T21:21:54.282382,172.20.10.5,6,0
2026-01-16T21:21:54.282382,172.20.10.5,7,0
2026-01-16T21:21:54.282382,172.20.10.5,8,0.491278
2026-01-16T21:21:54.282382,172.20.10.5,9,0
2026-01-16T21:21:54.282382,172.20.10.5,10,0
2026-01-16T21:21:54.282382,172.20.10.5,11,0
2026-01-16T21:21:54.282382,172.20.10.5,12,0
2026-01-16T21:21:54.282382,172.20.10.5,13,0
2026-01-16T21:21:54.282382,172.20.10.5,14,0
2026-01-16T21:21:54.282382,172.20.10.5,15,0
2026-01-16T21:21:54.282382,172.20.10.5,16,0
2026-01-16T21:21:54.282382,172.20.10.5,17,0
2026-01-16T21:21:54.282382,172.20.10.5,18,0
2026-01-16T21:21:54.282382,172.20.10.5,19,0
2026-01-16T21:21:54.282382,172.20.10.5,20,0
2026-01-16T21:21:54.282382,172.20.10.5,21,0
2026-01-16T21:21:54.282382,172.20.10.5,22,0
2026-01-16T21:21:54.282382,172.20.10.5,23,0
2026-01-16T21:21:54.282382,172.20.10.5,0,0
2026-01-16T21:21:54.282382,172.20.10.5,1,0
2026-01-16T21:21:54.282382,172.20.10.5,2,0
2026-01-16T21:21:54.282382,172.20.10.5,3,0
2026-01-16T21:21:54.282382,172.20.10.5,4,0
2026-01-16T21:21:54.282382,172.20.10.5,5,0
2026-01-16T21:21:54.282382,172.20.10.5,6,0
2026-01-16T21:21:54.282382,172.20.10.5,7,0
2026-01-16T21:21:54.282382,172.20.10.5,8,0.56652
2026-01-16T21:21:54.282382,172.20.10.5,9,0
2026-01-16T21:21:54.282382,172.20.10.5,10,0
2026-01-16T21:21:54.282382,172.20.10.5,11,0
2026-01-16T21:21:54.282382,172.20.10.5,12,0
2026-01-16T21:21:54.282382,172.20.10.5,13,0
2026-01-16T21:21:54.282382,172.20.10.5,14,0
2026-01-16T21:21:54.282382,172.20.10.5,15,0
2026-01-16T21:21:54.282382,172.20.10.5,16,0
2026-01-16T21:21:54.282382,172.20.10.5,17,0
2026-01-16T21:21:54.282382,172.20.10.5,18,0
2026-01-16T21:21:54.282382,172.20.10.5,19,0
2026-01-16T21:21:54.282382,172.20.10.5,20,0
2026-01-16T21:21:54.282382,172.20.10.5,21,0
2026-01-16T21:21:54.282382,172.20.10.5,22,0
2026-01-16T21:21:54.282382,172.20.10.5,23,0
2026-01-16T21:21:54.282382,172.20.10.5,0,0
2026-01-16T21:21:54.282382,172.20.10.5,1,0
2026-01-16T21:21:54.282382,172.20.10.5,2,0
2026-01-16T21:21:54.282382,172.20.10.5,3,0
2026-01-16T21:21:54.282382,172.20.10.5,4,0
2026-01-16T21:21:54.282382,172.20.10.5,5,0
2026-01-16T21:21:54.282382,172.20.10.5,6,0
2026-01-16T21:21:54.282382,172.20.10.5,7,0
2026-01-16T21:21:54.282382,172.20.10.5,8,15.962
2026-01-16T21:21:54.282382,172.20.10.5,9,0
2026-01-16T21:21:54.282382,172.20.10.5,10,0
2026-01-16T21:21:54.282382,172.20.10.5,11,0
2026-01-16T21:21:54.282382,172.20.10.5,12,0
2026-01-16T21:21:54.282382,172.20.10.5,13,0
2026-01-16T21:21:54.282382,172.20.10.5,14,0
2026-01-16T21:21:54.282382,172.20.10.5,15,0
2026-01-16T21:21:54.282382,172.20.10.5,16,0
2026-01-16T21:21:54.282382,172.20.10.5,17,0
2026-01-16T21:21:54.282382,172.20.10.5,18,0
2026-01-16T21:21:54.282382,172.20.10.5,19,0
2026-01-16T21:21:54.282382,172.20.10.5,20,0
2026-01-16T21:21:54.282382,172.20.10.5,21,0
2026-01-16T21:21:54.282382,172.20.10.5,22,0
2026-01-16T21:21:54.282382,172.20.10.5,23,0
2026-01-16T21:21:54.282382,172.20.10.5,0,0
2026-01-16T21:21:54.282382,172.20.10.5,1,0
2026-01-16T21:21:54.282382,172.20.10.5,2,0
2026-01-16T21:21:54.282382,172.20.10.5,3,0
2026-01-16T21:21:54.282382,172.20.10.5,4,0
2026-01-16T21:21:54.282382,172.20.10.5,5,0
2026-01-16T21:21:54.282382,172.20.10.5,6,0
2026-01-16T21:21:54.282382,172.20.10.5,7,0
2026-01-16T21:21:54.282382,172.20.10.5,8,20.5457
2026-01-16T21:21:54.282382,172.20.10.5,9,0
2026-01-16T21:21:54.282382,172.20.10.5,10,0
2026-01-16T21:21:54.282382,172.20.10.5,11,0
2026-01-16T21:21:54.282382,172.20.10.5,12,0
2026-01-16T21:21:54.282382,172.20.10.5,13,0
2026-01-16T21:21:54.282382,172.20.10.5,14,0
2026-01-16T21:21:54.282382,172.20.10.5,15,0
2026-01-16T21:21:54.282382,172.20.10.5,16,0
2026-01-16T21:21:54.282382,172.20.10.5,17,0
2026-01-16T21:21:54.282382,172.20.10.5,18,0
2026-01-16T21:21:54.282382,172.20.10.5,19,0
2026-01-16T21:21:54.282382,172.20.10.5,20,0
2026-01-16T21:21:54.282382,172.20.10.5,21,0
2026-01-16T21:21:54.282382,172.20.10.5,22,0
2026-01-16T21:21:54.282382,172.20.10.5,23,0
2026-01-16T21:21:54.282382,172.20.10.5,0,0
2026-01-16T21:21:54.282382,172.20.10.5,1,0
2026-01-16T21:21:54.282382,172.20.10.5,2,0
2026-01-16T21:21:54.282382,172.20.10.5,3,0
2026-01-16T21:21:54.282382,172.20.10.5,4,0
2026-01-16T21:21:54.282382,172.20.10.5,5,0
2026-01-16T21:21:54.282382,172.20.10.5,6,0
2026-01-16T21:21:54.282382,172.20.10.5,7,0
2026-01-16T21:21:54.282382,172.20.10.5,8,0.506964
2026-01-16T21:21:54.282382,172.20.10.5,9,0
2026-01-16T21:21:54.282382,172.20.10.5,10,0
2026-01-16T21:21:54.282382,172.20.10.5,11,0
2026-01-16T21:21:54.282382,172.20.10.5,12,0
2026-01-16T21:21:54.282382,172.20.10.5,13,0
2026-01-16T21:21:54.282382,172.20.10.5,14,0
2026-01-16T21:21:54.282382,172.20.10.5,15,0
2026-01-16T21:21:54.282382,172.20.10.5,16,0
2026-01-16T21:21:54.282382,172.20.10.5,17,0
2026-01-16T21:21:54.282382,172.20.10.5,18,0
2026-01-16T21:21:54.282382,172.20.10.5,19,0
2026-01-16T21:21:54.282382,172.20.10.5,20,0
2026-01-16T21:21:54.282382,172.20.10.5,21,0
2026-01-16T21:21:54.282382,172.20.10.5,22,0
2026-01-16T21:21:54.282382,172.20.10.5,23,0
2026-01-16T21:21:54.282382,172.20.10.5,0,0
2026-01-16T21:21:54.282382,172.20.10.5,1,0
2026-01-16T21:21:54.282382,172.20.10.5,2,0
2026-01-16T21:21:54.282382,172.20.10.5,3,0
2026-01-16T21:21:54.282382,172.20.10.5,4,0
2026-01-16T21:21:54.282382,172.20.10.5,5,0
2026-01-16T21:21:54.282382,172.20.10.5,6,0
2026-01-16T21:21:54.282382,172.20.10.5,7,0
2026-01-16T21:21:54.282382,172.20.10.5,8,1.19526
2026-01-16T21:21:54.282382,172.20.10.5,9,0
2026-01-16T21:21:54.282382,172.20.10.5,10,0
2026-01-16T21:21:54.282382,172.20.10.5,11,0
2026-01-16T21:21:54.282382,172.20.10.5,12,0
2026-01-16T21:21:54.282382,172.20.10.5,13,0
2026-01-16T21:21:54.282382,172.20.10.5,14,0
2026-01-16T21:21:54.282382,172.20.10.5,15,0
2026-01-16T21:21:54.282382,172.20.10.5,16,0
2026-01-16T21:21:54.282382,172.20.10.5,17,0
2026-01-16T21:21:54.282382,172.20.10.5,18,0
2026-01-16T21:21:54.282382,172.20.10.5,19,0
2026-01-16T21:21:54.282382,172.20.10.5,20,0
2026-01-16T21:21:54.282382,172.20.10.5,21,0
2026-01-16T21:21:54.282382,172.20.10.5,22,0
2026-01-16T21:21:54.282382,172.20.10.5,23,0
2026-01-16T21:21:54.282382,172.20.10.5,0,0
2026-01-16T21:21:54.282382,172.20.10.5,1,0
2026-01-16T21:21:54.282382,172.20.10.5,2,0
2026-01-16T21:21:54.282382,172.20.10.5,3,0
2026-01-16T21:21:54.282382,172.20.10.5,4,0
2026-01-16T21:21:54.282382,172.20.10.5,5,0
2026-01-16T21:21:54.282382,172.20.10.5,6,0
2026-01-16T21:21:54.282382,172.20.10.5,7,0
2026-01-16T21:21:54.282382,172.20.10.5,8,88.1178
2026-01-16T21:21:54.282382,172.20.10.5,9,0
2026-01-16T21:21:54.282382,172.20.10.5,10,0
2026-01-16T21:21:54.282382,172.20.10.5,11,0
2026-01-16T21:21:54.282382,172.20.10.5,12,0
2026-01-16T21:21:54.282382,172.20.10.5,13,0
2026-01-16T21:21:54.282382,172.20.10.5,14,0
2026-01-16T21:21:54.282382,172.20.10.5,15,0
2026-01-16T21:21:54.282382,172.20.10.5,16,0
2026-01-16T21:21:54.282382,172.20.10.5,17,0
2026-01-16T21:21:54.282382,172.20.10.5,18,0
2026-01-16T21:21:54.282382,172.20.10.5,19,0
2026-01-16T21:21:54.282382,172.20.10.5,20,0
2026-01-16T21:21:54.282382,172.20.10.5,21,0
2026-01-16T21:21:54.282382,172.20.10.5,22,0
2026-01-16T21:21:54.282382,172.20.10.5,23,0
2026-01-16T21:21:54.282382,172.20.10.5,0,0
2026-01-16T21:21:54.282382,172.20.10.5,1,0
2026-01-16T21:21:54.282382,172.20.10.5,2,0
2026-01-16T21:21:54.282382,172.20.10.5,3,0
2026-01-16T21:21:54.282382,172.20.10.5,4,0
2026-01-16T21:21:54.282382,172.20.10.5,5,0
2026-01-16T21:21:54.282382,172.20.10.5,6,0
2026-01-16T21:21:54.282382,172.20.10.5,7,0
2026-01-16T21:21:54.282382,172.20.10.5,8,69.0471
2026-01-16T21:21:54.282382,172.20.10.5,9,0
2026-01-16T21:21:54.282382,172.20.10.5,10,0
2026-01-16T21:21:54.282382,172.20.10.5,11,0
2026-01-16T21:21:54.282382,172.20.10.5,12,0
2026-01-16T21:21:54.282382,172.20.10.5,13,0
2026-01-16T21:21:54.282382,172.20.10.5,14,0
2026-01-16T21:21:54.282382,172.20.10.5,15,0
2026-01-16T21:21:54.282382,172.20.10.5,16,0
2026-01-16T21:21:54.282382,172.20.10.5,17,0
2026-01-16T21:21:54.282382,172.20.10.5,18,0
2026-01-16T21:21:54.282382,172.20.10.5,19,0
2026-01-16T21:21:54.282382,172.20.10.5,20,0
2026-01-16T21:21:54.282382,172.20.10.5,21,0
2026-01-16T21:21:54.282382,172.20.10.5,22,0
2026-01-16T21:21:54.282382,172.20.10.5,23,0
2026-01-16T21:21:54.282382,172.20.10.5,0,0
2026-01-16T21:21:54.282382,172.20.10.5,1,0
2026-01-16T21:21:54.282382,172.20.10.5,2,0
2026-01-16T21:21:54.282382,172.20.10.5,3,0
2026-01-16T21:21:54.282382,172.20.10.5,4,0
2026-01-16T21:21:54.282382,172.20.10.5,5,0
2026-01-16T21:21:54.282382,172.20.10.5,6,0
2026-01-16T21:21:54.282382,172.20.10.5,7,0
2026-01-16T21:21:54.282382,172.20.10.5,8,0.536331
2026-01-16T21:21:54.282382,172.20.10.5,9,0
2026-01-16T21:21:54.282382,172.20.10.5,10,0
2026-01-16T21:21:54.282382,172.20.10.5,11,0
2026-01-16T21:21:54.282382,172.20.10.5,12,0
2026-01-16T21:21:54.282382,172.20.10.5,13,0
2026-01-16T21:21:54.282382,172.20.10.5,14,0
2026-01-16T21:21:54.282382,172.20.10.5,15,0
2026-01-16T21:21:54.282382,172.20.10.5,16,0
2026-01-16T21:21:54.282382,172.20.10.5,17,0
2026-01-16T21:21:54.282382,172.20.10.5,18,0
2026-01-16T21:21:54.282382,172.20.10.5,19,0
2026-01-16T21:21:54.282382,172.20.10.5,20,0
2026-01-16T21:21:54.282382,172.20.10.5,21,0
2026-01-16T21:21:54.282382,172.20.10.5,22,0
2026-01-16T21:21:54.282382,172.20.10.5,23,0
2026-01-16T21:21:54.282382,172.20.10.5,0,0
2026-01-16T21:21:54.282382,172.20.10.5,1,0
2026-01-16T21:21:54.282382,172.20.10.5,2,0
2026-01-16T21:21:54.282382,172.20.10.5,3,0
2026-01-16T21:21:54.282382,172.20.10.5,4,0
2026-01-16T21:21:54.282382,172.20.10.5,5,0
2026-01-16T21:21:54.282382,172.20.10.5,6,0
2026-01-16T21:21:54.282382,172.20.10.5,7,0
2026-01-16T21:21:54.282382,172.20.10.5,8,2.2246
2026-01-16T21:21:54.282382,172.20.10.5,9,0
2026-01-16T21:21:54.282382,172.20.10.5,10,0
2026-01-16T21:21:54.282382,172.20.10.5,11,0
2026-01-16T21:21:54.282382,172.20.10.5,12,0
2026-01-16T21:21:54.282382,172.20.10.5,13,0
2026-01-16T21:21:54.282382,172.20.10.5,14,0
2026-01-16T21:21:54.282382,172.20.10.5,15,0
2026-01-16T21:21:54.282382,172.20.10.5,16,0
2026-01-16T21:21:54.282382,172.20.10.5,17,0
2026-01-16T21:21:54.282382,172.20.10.5,18,0
2026-01-16T21:21:54.282382,172.20.10.5,19,0
2026-01-16T21:21:54.282382,172.20.10.5,20,0
2026-01-16T21:21:54.282382,172.20.10.5,21,0
2026-01-16T21:21:54.282382,172.20.10.5,22,0
2026-01-16T21:21:54.282382,172.20.10.5,23,0
2026-01-16T21:21:54.282382,172.20.10.5,0,0
2026-01-16T21:21:54.282382,172.20.10.5,1,0
2026-01-16T21:21:54.282382,172.20.10.5,2,0
2026-01-16T21:21:54.282382,172.20.10.5,3,0
2026-01-16T21:21:54.282382,172.20.10.5,4,0
2026-01-16T21:21:54.282382,172.20.10.5,5,0
2026-01-16T21:21:54.282382,172.20.10.5,6,0
2026-01-16T21:21:54.282382,172.20.10.5,7,0
2026-01-16T21:21:54.282382,172.20.10.5,8,1.40651
2026-01-16T21:21:54.282382,172.20.10.5,9,0
2026-01-16T21:21:54.282382,172.20.10.5,10,0
2026-01-16T21:21:54.282382,172.20.10.5,11,0
2026-01-16T21:21:54.282382,172.20.10.5,12,0
2026-01-16T21:21:54.282382,172.20.10.5,13,0
2026-01-16T21:21:54.282382,172.20.10.5,14,0
2026-01-16T21:21:54.282382,172.20.10.5,15,0
2026-01-16T21:21:54.282382,172.20.10.5,16,0
2026-01-16T21:21:54.282382,172.20.10.5,17,0
2026-01-16T21:21:54.282382,172.20.10.5,18,0
2026-01-16T21:21:54.282382,172.20.10.5,19,0
2026-01-16T21:21:54.282382,172.20.10.5,20,0
2026-01-16T21:21:54.282382,172.20.10.5,21,0
2026-01-16T21:21:54.282382,172.20.10.5,22,0
2026-01-16T21:21:54.282382,172.20.10.5,23,0
2026-01-16T21:21:54.282382,172.20.10.5,0,0
2026-01-16T21:21:54.282382,172.20.10.5,1,0
2026-01-16T21:21:54.282382,172.20.10.5,2,0
2026-01-16T21:21:54.282382,172.20.10.5,3,0
2026-01-16T21:21:54.282382,172.20.10.5,4,0
2026-01-16T21:21:54.282382,172.20.10.5,5,0
2026-01-16T21:21:54.282382,172.20.10.5,6,0
2026-01-16T21:21:54.282382,172.20.10.5,7,0
2026-01-16T21:21:54.282382,172.20.10.5,8,10.3803
2026-01-16T21:21:54.282382,172.20.10.5,9,0
2026-01-16T21:21:54.282382,172.20.10.5,10,0
2026-01-16T21:21:54.282382,172.20.10.5,11,0
2026-01-16T21:21:54.282382,172.20.10.5,12,0
2026-01-16T21:21:54.282382,172.20.10.5,13,0
2026-01-16T21:21:54.282382,172.20.10.5,14,0
2026-01-16T21:21:54.282382,172.20.10.5,15,0
2026-01-16T21:21:54.282382,172.20.10.5,16,0
2026-01-16T21:21:54.282382,172.20.10.5,17,0
2026-01-16T21:21:54.282382,172.20.10.5,18,0
2026-01-16T21:21:54.282382,172.20.10.5,19,0
2026-01-16T21:21:54.282382,172.20.10.5,20,0
2026-01-16T21:21:54.282382,172.20.10.5,21,0
2026-01-16T21:21:54.282382,172.20.10.5,22,0
2026-01-16T21:21:54.282382,172.20.10.5,23,0
2026-01-16T21:21:54.282382,172.20.10.5,0,0
2026-01-16T21:21:54.282382,172.20.10.5,1,0
2026-01-16T21:21:54.282382,172.20.10.5,2,0
2026-01-16T21:21:54.282382,172.20.10.5,3,0
2026-01-16T21:21:54.282382,172.20.10.5,4,0
2026-01-16T21:21:54.282382,172.20.10.5,5,0
2026-01-16T21:21:54.282382,172.20.10.5,6,0
2026-01-16T21:21:54.282382,172.20.10.5,7,0
2026-01-16T21:21:54.282382,172.20.10.5,8,51.376
2026-01-16T21:21:54.282382,172.20.10.5,9,0
2026-01-16T21:21:54.282382,172.20.10.5,10,0
2026-01-16T21:21:54.282382,172.20.10.5,11,0
2026-01-16T21:21:54.282382,172.20.10.5,12,0
2026-01-16T21:21:54.282382,172.20.10.5,13,0
2026-01-16T21:21:54.282382,172.20.10.5,14,0
2026-01-16T21:21:54.282382,172.20.10.5,15,0
2026-01-16T21:21:54.282382,172.20.10.5,16,0
2026-01-16T21:21:54.282382,172.20.10.5,17,0
2026-01-16T21:21:54.282382,172.20.10.5,18,0
2026-01-16T21:21:54.282382,172.20.10.5,19,0
2026-01-16T21:21:54.282382,172.20.10.5,20,0
2026-01-16T21:21:54.282382,172.20.10.5,21,0
2026-01-16T21:21:54.282382,172.20.10.5,22,0
2026-01-16T21:21:54.282382,172.20.10.5,23,0
2026-01-16T21:21:54.282382,172.20.10.5,0,0
2026-01-16T21:21:54.282382,172.20.10.5,1,0
2026-01-16T21:21:54.282382,172.20.10.5,2,0
2026-01-16T21:21:54.282382,172.20.10.5,3,0
2026-01-16T21:21:54.282382,172.20.10.5,4,0
2026-01-16T21:21:54.282382,172.20.10.5,5,0
2026-01-16T21:21:54.282382,172.20.10.5,6,0
2026-01-16T21:21:54.282382,172.20.10.5,7,0
2026-01-16T21:21:54.282382,172.20.10.5,8,2.4956
2026-01-16T21:21:54.282382,172.20.10.5,9,0
2026-01-16T21:21:54.282382,172.20.10.5,10,0
2026-01-16T21:21:54.282382,172.20.10.5,11,0
2026-01-16T21:21:54.282382,172.20.10.5,12,0
2026-01-16T21:21:54.282382,172.20.10.5,13,0
2026-01-16T21:21:54.282382,172.20.10.5,14,0
2026-01-16T21:21:54.282382,172.20.10.5,15,0
2026-01-16T21:21:54.282382,172.20.10.5,16,0
2026-01-16T21:21:54.282382,172.20.10.5,17,0
2026-01-16T21:21:54.282382,172.20.10.5,18,0
2026-01-16T21:21:54.282382,172.20.10.5,19,0
2026-01-16T21:21:54.282382,172.20.10.5,20,0
2026-01-16T21:21:54.282382,172.20.10.5,21,0
2026-01-16T21:21:54.282382,172.20.10.5,22,0
2026-01-16T21:21:54.282382,172.20.10.5,23,0
2026-01-16T21:21:54.282382,172.20.10.5,0,0
2026-01-16T21:21:54.282382,172.20.10.5,1,0
2026-01-16T21:21:54.282382,172.20.10.5,2,0
2026-01-16T21:21:54.282382,172.20.10.5,3,0
2026-01-16T21:21:54.282382,172.20.10.5,4,0
2026-01-16T21:21:54.282382,172.20.10.5,5,0
2026-01-16T21:21:54.282382,172.20.10.5,6,0
2026-01-16T21:21:54.282382,172.20.10.5,7,0
2026-01-16T21:21:54.282382,172.20.10.5,8,1.63785
2026-01-16T21:21:54.282382,172.20.10.5,9,0
2026-01-16T21:21:54.282382,172.20.10.5,10,0
2026-01-16T21:21:54.282382,172.20.10.5,11,0
2026-01-16T21:21:54.282382,172.20.10.5,12,0
2026-01-16T21:21:54.282382,172.20.10.5,13,0
2026-01-16T21:21:54.282382,172.20.10.5,14,0
2026-01-16T21:21:54.282382,172.20.10.5,15,0
2026-01-16T21:21:54.282382,172.20.10.5,16,0
2026-01-16T21:21:54.282382,172.20.10.5,17,0
2026-01-16T21:21:54.282382,172.20.10.5,18,0
2026-01-16T21:21:54.282382,172.20.10.5,19,0
2026-01-16T21:21:54.282382,172.20.10.5,20,0
2026-01-16T21:21:54.282382,172.20.10.5,21,0
2026-01-16T21:21:54.282382,172.20.10.5,22,0
2026-01-16T21:21:54.282382,172.20.10.5,23,0
2026-01-16T21:21:54.282382,172.20.10.5,0,0
2026-01-16T21:21:54.282382,172.20.10.5,1,0
2026-01-16T21:21:54.282382,172.20.10.5,2,0
2026-01-16T21:21:54.282382,172.20.10.5,3,0
2026-01-16T21:21:54.282382,172.20.10.5,4,0
2026-01-16T21:21:54.282382,172.20.10.5,5,0
2026-01-16T21:21:54.282382,172.20.10.5,6,0
2026-01-16T21:21:54.282382,172.20.10.5,7,0
2026-01-16T21:21:54.282382,172.20.10.5,8,1.61336
2026-01-16T21:21:54.282382,172.20.10.5,9,0
2026-01-16T21:21:54.282382,172.20.10.5,10,0
2026-01-16T21:21:54.282382,172.20.10.5,11,0
2026-01-16T21:21:54.282382,172.20.10.5,12,0
2026-01-16T21:21:54.282382,172.20.10.5,13,0
2026-01-16T21:21:54.282382,172.20.10.5,14,0
2026-01-16T21:21:54.282382,172.20.10.5,15,0
2026-01-16T21:21:54.282382,172.20.10.5,16,0
2026-01-16T21:21:54.282382,172.20.10.5,17,0
2026-01-16T21:21:54.282382,172.20.10.5,18,0
2026-01-16T21:21:54.282382,172.20.10.5,19,0
2026-01-16T21:21:54.282382,172.20.10.5,20,0
2026-01-16T21:21:54.282382,172.20.10.5,21,0
2026-01-16T21:21:54.282382,172.20.10.5,22,0
2026-01-16T21:21:54.282382,172.20.10.5,23,0
2026-01-16T21:21:54.282382,172.20.10.5,0,0
2026-01-16T21:21:54.282382,172.20.10.5,1,0
2026-01-16T21:21:54.282382,172.20.10.5,2,0
2026-01-16T21:21:54.282382,172.20.10.5,3,0
2026-01-16T21:21:54.282382,172.20.10.5,4,0
2026-01-16T21:21:54.282382,172.20.10.5,5,0
2026-01-16T21:21:54.282382,172.20.10.5,6,0
2026-01-16T21:21:54.282382,172.20.10.5,7,0
2026-01-16T21:21:54.282382,172.20.10.5,8,23.4645
2026-01-16T21:21:54.282382,172.20.10.5,9,0
2026-01-16T21:21:54.282382,172.20.10.5,10,0
2026-01-16T21:21:54.282382,172.20.10.5,11,0
2026-01-16T21:21:54.282382,172.20.10.5,12,0
2026-01-16T21:21:54.282382,172.20.10.5,13,0
2026-01-16T21:21:54.282382,172.20.10.5,14,0
2026-01-16T21:21:54.282382,172.20.10.5,15,0
2026-01-16T21:21:54.282382,172.20.10.5,16,0
2026-01-16T21:21:54.282382,172.20.10.5,17,0
2026-01-16T21:21:54.282382,172.20.10.5,18,0
2026-01-16T21:21:54.282382,172.20.10.5,19,0
2026-01-16T21:21:54.282382,172.20.10.5,20,0
2026-01-16T21:21:54.282382,172.20.10.5,21,0
2026-01-16T21:21:54.282382,172.20.10.5,22,0
2026-01-16T21:21:54.282382,172.20.10.5,23,0
2026-01-16T21:21:54.282382,172.20.10.5,0,0
2026-01-16T21:21:54.282382,172.20.10.5,1,0
2026-01-16T21:21:54.282382,172.20.10.5,2,0
2026-01-16T21:21:54.282382,172.20.10.5,3,0
2026-01-16T21:21:54.282382,172.20.10.5,4,0
2026-01-16T21:21:54.282382,172.20.10.5,5,0
2026-01-16T21:21:54.282382,172.20.10.5,6,0
2026-01-16T21:21:54.282382,172.20.10.5,7,0
2026-01-16T21:21:54.282382,172.20.10.5,8,0.895839
2026-01-16T21:21:54.282382,172.20.10.5,9,0
2026-01-16T21:21:54.282382,172.20.10.5,10,0
2026-01-16T21:21:54.282382,172.20.10.5,11,0
2026-01-16T21:21:54.282382,172.20.10.5,12,0
2026-01-16T21:21:54.282382,172.20.10.5,13,0
2026-01-16T21:21:54.282382,172.20.10.5,14,0
2026-01-16T21:21:54.282382,172.20.10.5,15,0
2026-01-16T21:21:54.282382,172.20.10.5,16,0
2026-01-16T21:21:54.282382,172.20.10.5,17,0
2026-01-16T21:21:54.282382,172.20.10.5,18,0
2026-01-16T21:21:54.282382,172.20.10.5,19,0
2026-01-16T21:21:54.282382,172.20.10.5,20,0
2026-01-16T21:21:54.282382,172.20.10.5,21,0
2026-01-16T21:21:54.282382,172.20.10.5,22,0
2026-01-16T21:21:54.282382,172.20.10.5,23,0
2026-01-16T21:21:54.282382,172.20.10.5,0,0
2026-01-16T21:21:54.282382,172.20.10.5,1,0
2026-01-16T21:21:54.282382,172.20.10.5,2,0
2026-01-16T21:21:54.282382,172.20.10.5,3,0
2026-01-16T21:21:54.282382,172.20.10.5,4,0
2026-01-16T21:21:54.282382,172.20.10.5,5,0
2026-01-16T21:21:54.282382,172.20.10.5,6,0
2026-01-16T21:21:54.282382,172.20.10.5,7,0
2026-01-16T21:21:54.282382,172.20.10.5,8,0.627892
2026-01-16T21:21:54.282382,172.20.10.5,9,0
2026-01-16T21:21:54.282382,172.20.10.5,10,0
2026-01-16T21:21:54.282382,172.20.10.5,11,0
2026-01-16T21:21:54.282382,172.20.10.5,12,0
2026-01-16T21:21:54.282382,172.20.10.5,13,0
2026-01-16T21:21:54.282382,172.20.10.5,14,0
2026-01-16T21:21:54.282382,172.20.10.5,15,0
2026-01-16T21:21:54.282382,172.20.10.5,16,0
2026-01-16T21:21:54.282382,172.20.10.5,17,0
2026-01-16T21:21:54.282382,172.20.10.5,18,0
2026-01-16T21:21:54.282382,172.20.10.5,19,0
2026-01-16T21:21:54.282382,172.20.10.5,20,0
2026-01-16T21:21:54.282382,172.20.10.5,21,0
2026-01-16T21:21:54.282382,172.20.10.5,22,0
2026-01-16T21:21:54.282382,172.20.10.5,23,0
2026-01-16T21:21:54.282382,172.20.10.5,0,0
2026-01-16T21:21:54.282382,172.20.10.5,1,0
2026-01-16T21:21:54.282382,172.20.10.5,2,0
2026-01-16T21:21:54.282382,172.20.10.5,3,0
2026-01-16T21:21:54.282382,172.20.10.5,4,0
2026-01-16T21:21:54.282382,172.20.10.5,5,0
2026-01-16T21:21:54.282382,172.20.10.5,6,0
2026-01-16T21:21:54.282382,172.20.10.5,7,0
2026-01-16T21:21:54.282382,172.20.10.5,8,1.71878
2026-01-16T21:21:54.282382,172.20.10.5,9,0
2026-01-16T21:21:54.282382,172.20.10.5,10,0
2026-01-16T21:21:54.282382,172.20.10.5,11,0
2026-01-16T21:21:54.282382,172.20.10.5,12,0
2026-01-16T21:21:54.282382,172.20.10.5,13,0
2026-01-16T21:21:54.282382,172.20.10.5,14,0
2026-01-16T21:21:54.282382,172.20.10.5,15,0
2026-01-16T21:21:54.282382,172.20.10.5,16,0
2026-01-16T21:21:54.282382,172.20.10.5,17,0
2026-01-16T21:21:54.282382,172.20.10.5,18,0
2026-01-16T21:21:54.282382,172.20.10.5,19,0
2026-01-16T21:21:54.282382,172.20.10.5,20,0
2026-01-16T21:21:54.282382,172.20.10.5,21,0
2026-01-16T21:21:54.282382,172.20.10.5,22,0
2026-01-16T21:21:54.282382,172.20.10.5,23,0
2026-01-16T21:21:54.282382,172.20.10.5,0,0
2026-01-16T21:21:54.282382,172.20.10.5,1,0
2026-01-16T21:21:54.282382,172.20.10.5,2,0
2026-01-16T21:21:54.282382,172.20.10.5,3,0
2026-01-16T21:21:54.282382,172.20.10.5,4,0
2026-01-16T21:21:54.282382,172.20.10.5,5,0
2026-01-16T21:21:54.282382,172.20.10.5,6,0
2026-01-16T21:21:54.282382,172.20.10.5,7,0
2026-01-16T21:21:54.282382,172.20.10.5,8,0.633016
2026-01-16T21:21:54.282382,172.20.10.5,9,0
2026-01-16T21:21:54.282382,172.20.10.5,10,0
2026-01-16T21:21:54.282382,172.20.10.5,11,0
2026-01-16T21:21:54.282382,172.20.10.5,12,0
2026-01-16T21:21:54.282382,172.20.10.5,13,0
2026-01-16T21:21:54.282382,172.20.10.5,14,0
2026-01-16T21:21:54.282382,172.20.10.5,15,0
2026-01-16T21:21:54.282382,172.20.10.5,16,0
2026-01-16T21:21:54.282382,172.20.10.5,17,0
2026-01-16T21:21:54.282382,172.20.10.5,18,0
2026-01-16T21:21:54.282382,172.20.10.5,19,0
2026-01-16T21:21:54.282382,172.20.10.5,20,0
2026-01-16T21:21:54.282382,172.20.10.5,21,0
2026-01-16T21:21:54.282382,172.20.10.5,22,0
2026-01-16T21:21:54.282382,172.20.10.5,23,0
2026-01-16T21:21:54.282382,172.20.10.5,0,0
2026-01-16T21:21:54.282382,172.20.10.5,1,0
2026-01-16T21:21:54.282382,172.20.10.5,2,0
2026-01-16T21:21:54.282382,172.20.10.5,3,0
2026-01-16T21:21:54.282382,172.20.10.5,4,0
2026-01-16T21:21:54.282382,172.20.10.5,5,0
2026-01-16T21:21:54.282382,172.20.10.5,6,0
2026-01-16T21:21:54.282382,172.20.10.5,7,0
2026-01-16T21:21:54.282382,172.20.10.5,8,0.827504
2026-01-16T21:21:54.282382,172.20.10.5,9,0
2026-01-16T21:21:54.282382,172.20.10.5,10,0
2026-01-16T21:21:54.282382,172.20.10.5,11,0
2026-01-16T21:21:54.282382,172.20.10.5,12,0
2026-01-16T21:21:54.282382,172.20.10.5,13,0
2026-01-16T21:21:54.282382,172.20.10.5,14,0
2026-01-16T21:21:54.282382,172.20.10.5,15,0
2026-01-16T21:21:54.282382,172.20.10.5,16,0
2026-01-16T21:21:54.282382,172.20.10.5,17,0
2026-01-16T21:21:54.282382,172.20.10.5,18,0
2026-01-16T21:21:54.282382,172.20.10.5,19,0
2026-01-16T21:21:54.282382,172.20.10.5,20,0
2026-01-16T21:21:54.282382,172.20.10.5,21,0
2026-01-16T21:21:54.282382,172.20.10.5,22,0
2026-01-16T21:21:54.282382,172.20.10.5,23,0
2026-01-16T21:21:54.282382,172.20.10.5,0,0
2026-01-16T21:21:54.282382,172.20.10.5,1,0
2026-01-16T21:21:54.282382,172.20.10.5,2,0
2026-01-16T21:21:54.282382,172.20.10.5,3,0
2026-01-16T21:21:54.282382,172.20.10.5,4,0
2026-01-16T21:21:54.282382,172.20.10.5,5,0
2026-01-16T21:21:54.282382,172.20.10.5,6,0
2026-01-16T21:21:54.282382,172.20.10.5,7,0
2026-01-16T21:21:54.282382,172.20.10.5,8,74.1556
2026-01-16T21:21:54.282382,172.20.10.5,9,0
2026-01-16T21:21:54.282382,172.20.10.5,10,0
2026-01-16T21:21:54.282382,172.20.10.5,11,0
2026-01-16T21:21:54.282382,172.20.10.5,12,0
2026-01-16T21:21:54.282382,172.20.10.5,13,0
2026-01-16T21:21:54.282382,172.20.10.5,14,0
2026-01-16T21:21:54.282382,172.20.10.5,15,0
2026-01-16T21:21:54.282382,172.20.10.5,16,0
2026-01-16T21:21:54.282382,172.20.10.5,17,0
2026-01-16T21:21:54.282382,172.20.10.5,18,0
2026-01-16T21:21:54.282382,172.20.10.5,19,0
2026-01-16T21:21:54.282382,172.20.10.5,20,0
2026-01-16T21:21:54.282382,172.20.10.5,21,0
2026-01-16T21:21:54.282382,172.20.10.5,22,0
2026-01-16T21:21:54.282382,172.20.10.5,23,0
2026-01-16T21:21:54.282382,172.20.10.5,0,0
2026-01-16T21:21:54.282382,172.20.10.5,1,0
2026-01-16T21:21:54.282382,172.20.10.5,2,0
2026-01-16T21:21:54.282382,172.20.10.5,3,0
2026-01-16T21:21:54.282382,172.20.10.5,4,0
2026-01-16T21:21:54.282382,172.20.10.5,5,0
2026-01-16T21:21:54.282382,172.20.10.5,6,0
2026-01-16T21:21:54.282382,172.20.10.5,7,0
2026-01-16T21:21:54.282382,172.20.10.5,8,1.50981
2026-01-16T21:21:54.282382,172.20.10.5,9,0
2026-01-16T21:21:54.282382,172.20.10.5,10,0
2026-01-16T21:21:54.282382,172.20.10.5,11,0
2026-01-16T21:21:54.282382,172.20.10.5,12,0
2026-01-16T21:21:54.282382,172.20.10.5,13,0
2026-01-16T21:21:54.282382,172.20.10.5,14,0
2026-01-16T21:21:54.282382,172.20.10.5,15,0
2026-01-16T21:21:54.282382,172.20.10.5,16,0
2026-01-16T21:21:54.282382,172.20.10.5,17,0
2026-01-16T21:21:54.282382,172.20.10.5,18,0
2026-01-16T21:21:54.282382,172.20.10.5,19,0
2026-01-16T21:21:54.282382,172.20.10.5,20,0
2026-01-16T21:21:54.282382,172.20.10.5,21,0
2026-01-16T21:21:54.282382,172.20.10.5,22,0
2026-01-16T21:21:54.282382,172.20.10.5,23,0
2026-01-16T21:21:54.282382,172.20.10.5,0,0
2026-01-16T21:21:54.282382,172.20.10.5,1,0
2026-01-16T21:21:54.282382,172.20.10.5,2,0
2026-01-16T21:21:54.282382,172.20.10.5,3,0
2026-01-16T21:21:54.282382,172.20.10.5,4,0
2026-01-16T21:21:54.282382,172.20.10.5,5,0
2026-01-16T21:21:54.282382,172.20.10.5,6,0
2026-01-16T21:21:54.282382,172.20.10.5,7,0
2026-01-16T21:21:54.282382,172.20.10.5,8,4.59006
2026-01-16T21:21:54.282382,172.20.10.5,9,0
2026-01-16T21:21:54.282382,172.20.10.5,10,0
2026-01-16T21:21:54.282382,172.20.10.5,11,0
2026-01-16T21:21:54.282382,172.20.10.5,12,0
2026-01-16T21:21:54.282382,172.20.10.5,13,0
2026-01-16T21:21:54.282382,172.20.10.5,14,0
2026-01-16T21:21:54.282382,172.20.10.5,15,0
2026-01-16T21:21:54.282382,172.20.10.5,16,0
2026-01-16T21:21:54.282382,172.20.10.5,17,0
2026-01-16T21:21:54.282382,172.20.10.5,18,0
2026-01-16T21:21:54.282382,172.20.10.5,19,0
2026-01-16T21:21:54.282382,172.20.10.5,20,0
2026-01-16T21:21:54.282382,172.20.10.5,21,0
2026-01-16T21:21:54.282382,172.20.10.5,22,0
2026-01-16T21:21:54.282382,172.20.10.5,23,0
2026-01-16T21:21:54.282382,172.20.10.5,0,0
2026-01-16T21:21:54.282382,172.20.10.5,1,0
2026-01-16T21:21:54.282382,172.20.10.5,2,0
2026-01-16T21:21:54.282382,172.20.10.5,3,0
2026-01-16T21:21:54.282382,172.20.10.5,4,0
2026-01-16T21:21:54.282382,172.20.10.5,5,0
2026-01-16T21:21:54.282382,172.20.10.5,6,0
2026-01-16T21:21:54.282382,172.20.10.5,7,0
2026-01-16T21:21:54.282382,172.20.10.5,8,60.5833
2026-01-16T21:21:54.282382,172.20.10.5,9,0
2026-01-16T21:21:54.282382,172.20.10.5,10,0
2026-01-16T21:21:54.282382,172.20.10.5,11,0
2026-01-16T21:21:54.282382,172.20.10.5,12,0
2026-01-16T21:21:54.282382,172.20.10.5,13,0
2026-01-16T21:21:54.282382,172.20.10.5,14,0
2026-01-16T21:21:54.282382,172.20.10.5,15,0
2026-01-16T21:21:54.282382,172.20.10.5,16,0
2026-01-16T21:21:54.282382,172.20.10.5,17,0
2026-01-16T21:21:54.282382,172.20.10.5,18,0
2026-01-16T21:21:54.282382,172.20.10.5,19,0
2026-01-16T21:21:54.282382,172.20.10.5,20,0
2026-01-16T21:21:54.282382,172.20.10.5,21,0
2026-01-16T21:21:54.282382,172.20.10.5,22,0
2026-01-16T21:21:54.282382,172.20.10.5,23,0
2026-01-16T21:21:54.282382,172.20.10.5,0,0
2026-01-16T21:21:54.282382,172.20.10.5,1,0
2026-01-16T21:21:54.282382,172.20.10.5,2,0
2026-01-16T21:21:54.282382,172.20.10.5,3,0
2026-01-16T21:21:54.282382,172.20.10.5,4,0
2026-01-16T21:21:54.282382,172.20.10.5,5,0
2026-01-16T21:21:54.282382,172.20.10.5,6,0
2026-01-16T21:21:54.282382,172.20.10.5,7,0
2026-01-16T21:21:54.282382,172.20.10.5,8,1.92265
2026-01-16T21:21:54.282382,172.20.10.5,9,0
2026-01-16T21:21:54.282382,172.20.10.5,10,0
2026-01-16T21:21:54.282382,172.20.10.5,11,0
2026-01-16T21:21:54.282382,172.20.10.5,12,0
2026-01-16T21:21:54.282382,172.20.10.5,13,0
2026-01-16T21:21:54.282382,172.20.10.5,14,0
2026-01-16T21:21:54.282382,172.20.10.5,15,0
2026-01-16T21:21:54.282382,172.20.10.5,16,0
2026-01-16T21:21:54.282382,172.20.10.5,17,0
2026-01-16T21:21:54.282382,172.20.10.5,18,0
2026-01-16T21:21:54.282382,172.20.10.5,19,0
2026-01-16T21:21:54.282382,172.20.10.5,20,0
2026-01-16T21:21:54.282382,172.20.10.5,21,0
2026-01-16T21:21:54.282382,172.20.10.5,22,0
2026-01-16T21:21:54.282382,172.20.10.5,23,0
2026-01-16T21:21:54.282382,172.20.10.5,0,0
2026-01-16T21:21:54.282382,172.20.10.5,1,0
2026-01-16T21:21:54.282382,172.20.10.5,2,0
2026-01-16T21:21:54.282382,172.20.10.5,3,0
2026-01-16T21:21:54.282382,172.20.10.5,4,0
2026-01-16T21:21:54.282382,172.20.10.5,5,0
2026-01-16T21:21:54.282382,172.20.10.5,6,0
2026-01-16T21:21:54.282382,172.20.10.5,7,0
2026-01-16T21:21:54.282382,172.20.10.5,8,0.575458
2026-01-16T21:21:54.282382,172.20.10.5,9,0
2026-01-16T21:21:54.282382,172.20.10.5,10,0
2026-01-16T21:21:54.282382,172.20.10.5,11,0
2026-01-16T21:21:54.282382,172.20.10.5,12,0
2026-01-16T21:21:54.282382,172.20.10.5,13,0
2026-01-16T21:21:54.282382,172.20.10.5,14,0
2026-01-16T21:21:54.282382,172.20.10.5,15,0
2026-01-16T21:21:54.282382,172.20.10.5,16,0
2026-01-16T21:21:54.282382,172.20.10.5,17,0
2026-01-16T21:21:54.282382,172.20.10.5,18,0
2026-01-16T21:21:54.282382,172.20.10.5,19,0
2026-01-16T21:21:54.282382,172.20.10.5,20,0
2026-01-16T21:21:54.282382,172.20.10.5,21,0
2026-01-16T21:21:54.282382,172.20.10.5,22,0
2026-01-16T21:21:54.282382,172.20.10.5,23,0
2026-01-16T21:21:54.282382,172.20.10.5,0,0
2026-01-16T21:21:54.282382,172.20.10.5,1,0
2026-01-16T21:21:54.282382,172.20.10.5,2,0
2026-01-16T21:21:54.282382,172.20.10.5,3,0
2026-01-16T21:21:54.282382,172.20.10.5,4,0
2026-01-16T21:21:54.282382,172.20.10.5,5,0
2026-01-16T21:21:54.282382,172.20.10.5,6,0
2026-01-16T21:21:54.282382,172.20.10.5,7,0
2026-01-16T21:21:54.282382,172.20.10.5,8,1.45947
2026-01-16T21:21:54.282382,172.20.10.5,9,0
2026-01-16T21:21:54.282382,172.20.10.5,10,0
2026-01-16T21:21:54.282382,172.20.10.5,11,0
2026-01-16T21:21:54.282382,172.20.10.5,12,0
2026-01-16T21:21:54.282382,172.20.10.5,13,0
2026-01-16T21:21:54.282382,172.20.10.5,14,0
2026-01-16T21:21:54.282382,172.20.10.5,15,0
2026-01-16T21:21:54.282382,172.20.10.5,16,0
2026-01-16T21:21:54.282382,172.20.10.5,17,0
2026-01-16T21:21:54.282382,172.20.10.5,18,0
2026-01-16T21:21:54.282382,172.20.10.5,19,0
2026-01-16T21:21:54.282382,172.20.10.5,20,0
2026-01-16T21:21:54.282382,172.20.10.5,21,0
2026-01-16T21:21:54.282382,172.20.10.5,22,0
2026-01-16T21:21:54.282382,172.20.10.5,23,0
2026-01-16T21:21:54.282382,172.20.10.5,0,0
2026-01-16T21:21:54.282382,172.20.10.5,1,0
2026-01-16T21:21:54.282382,172.20.10.5,2,0
2026-01-16T21:21:54.282382,172.20.10.5,3,0
2026-01-16T21:21:54.282382,172.20.10.5,4,0
2026-01-16T21:21:54.282382,172.20.10.5,5,0
2026-01-16T21:21:54.282382,172.20.10.5,6,0
2026-01-16T21:21:54.282382,172.20.10.5,7,0
2026-01-16T21:21:54.282382,172.20.10.5,8,0.772019
2026-01-16T21:21:54.282382,172.20.10.5,9,0
2026-01-16T21:21:54.282382,172.20.10.5,10,0
2026-01-16T21:21:54.282382,172.20.10.5,11,0
2026-01-16T21:21:54.282382,172.20.10.5,12,0
2026-01-16T21:21:54.282382,172.20.10.5,13,0
2026-01-16T21:21:54.282382,172.20.10.5,14,0
2026-01-16T21:21:54.282382,172.20.10.5,15,0
2026-01-16T21:21:54.282382,172.20.10.5,16,0
2026-01-16T21:21:54.282382,172.20.10.5,17,0
2026-01-16T21:21:54.282382,172.20.10.5,18,0
2026-01-16T21:21:54.282382,172.20.10.5,19,0
2026-01-16T21:21:54.282382,172.20.10.5,20,0
2026-01-16T21:21:54.282382,172.20.10.5,21,0
2026-01-16T21:21:54.282382,172.20.10.5,22,0
2026-01-16T21:21:54.282382,172.20.10.5,23,0
2026-01-16T21:21:54.282382,172.20.10.5,0,0
2026-01-16T21:21:54.282382,172.20.10.5,1,0
2026-01-16T21:21:54.282382,172.20.10.5,2,0
2026-01-16T21:21:54.282382,172.20.10.5,3,0
2026-01-16T21:21:54.282382,172.20.10.5,4,0
2026-01-16T21:21:54.282382,172.20.10.5,5,0
2026-01-16T21:21:54.282382,172.20.10.5,6,0
2026-01-16T21:21:54.282382,172.20.10.5,7,0
2026-01-16T21:21:54.282382,172.20.10.5,8,0.481175
2026-01-16T21:21:54.282382,172.20.10.5,9,0
2026-01-16T21:21:54.282382,172.20.10.5,10,0
2026-01-16T21:21:54.282382,172.20.10.5,11,0
2026-01-16T21:21:54.282382,172.20.10.5,12,0
2026-01-16T21:21:54.282382,172.20.10.5,13,0
2026-01-16T21:21:54.282382,172.20.10.5,14,0
2026-01-16T21:21:54.282382,172.20.10.5,15,0
2026-01-16T21:21:54.282382,172.20.10.5,16,0
2026-01-16T21:21:54.282382,172.20.10.5,17,0
2026-01-16T21:21:54.282382,172.20.10.5,18,0
2026-01-16T21:21:54.282382,172.20.10.5,19,0
2026-01-16T21:21:54.282382,172.20.10.5,20,0
2026-01-16T21:21:54.282382,172.20.10.5,21,0
2026-01-16T21:21:54.282382,172.20.10.5,22,0
2026-01-16T21:21:54.282382,172.20.10.5,23,0
2026-01-16T21:21:54.282382,172.20.10.5,0,0
2026-01-16T21:21:54.282382,172.20.10.5,1,0
2026-01-16T21:21:54.282382,172.20.10.5,2,0
2026-01-16T21:21:54.282382,172.20.10.5,3,0
2026-01-16T21:21:54.282382,172.20.10.5,4,0
2026-01-16T21:21:54.282382,172.20.10.5,5,0
2026-01-16T21:21:54.282382,172.20.10.5,6,0
2026-01-16T21:21:54.282382,172.20.10.5,7,0
2026-01-16T21:21:54.282382,172.20.10.5,8,5.87169
2026-01-16T21:21:54.282382,172.20.10.5,9,0
2026-01-16T21:21:54.282382,172.20.10.5,10,0
2026-01-16T21:21:54.282382,172.20.10.5,11,0
2026-01-16T21:21:54.282382,172.20.10.5,12,0
2026-01-16T21:21:54.282382,172.20.10.5,13,0
2026-01-16T21:21:54.282382,172.20.10.5,14,0
2026-01-16T21:21:54.282382,172.20.10.5,15,0
2026-01-16T21:21:54.282382,172.20.10.5,16,0
2026-01-16T21:21:54.282382,172.20.10.5,17,0
2026-01-16T21:21:54.282382,172.20.10.5,18,0
2026-01-16T21:21:54.282382,172.20.10.5,19,0
2026-01-16T21:21:54.282382,172.20.10.5,20,0
2026-01-16T21:21:54.282382,172.20.10.5,21,0
2026-01-16T21:21:54.282382,172.20.10.5,22,0
2026-01-16T21:21:54.282382,172.20.10.5,23,0
2026-01-16T21:21:54.282382,172.20.10.5,0,0
2026-01-16T21:21:54.282382,172.20.10.5,1,0
2026-01-16T21:21:54.282382,172.20.10.5,2,0
2026-01-16T21:21:54.282382,172.20.10.5,3,0
2026-01-16T21:21:54.282382,172.20.10.5,4,0
2026-01-16T21:21:54.282382,172.20.10.5,5,0
2026-01-16T21:21:54.282382,172.20.10.5,6,0
2026-01-16T21:21:54.282382,172.20.10.5,7,0
2026-01-16T21:21:54.282382,172.20.10.5,8,2.04802
2026-01-16T21:21:54.282382,172.20.10.5,9,0
2026-01-16T21:21:54.282382,172.20.10.5,10,0
2026-01-16T21:21:54.282382,172.20.10.5,11,0
2026-01-16T21:21:54.282382,172.20.10.5,12,0
2026-01-16T21:21:54.282382,172.20.10.5,13,0
2026-01-16T21:21:54.282382,172.20.10.5,14,0
2026-01-16T21:21:54.282382,172.20.10.5,15,0
2026-01-16T21:21:54.282382,172.20.10.5,16,0
2026-01-16T21:21:54.282382,172.20.10.5,17,0
2026-01-16T21:21:54.282382,172.20.10.5,18,0
2026-01-16T21:21:54.282382,172.20.10.5,19,0
2026-01-16T21:21:54.282382,172.20.10.5,20,0
2026-01-16T21:21:54.282382,172.20.10.5,21,0
2026-01-16T21:21:54.282382,172.20.10.5,22,0
2026-01-16T21:21:54.282382,172.20.10.5,23,0
2026-01-16T21:21:54.282382,172.20.10.5,0,0
2026-01-16T21:21:54.282382,172.20.10.5,1,0
2026-01-16T21:21:54.282382,172.20.10.5,2,0
2026-01-16T21:21:54.282382,172.20.10.5,3,0
2026-01-16T21:21:54.282382,172.20.10.5,4,0
2026-01-16T21:21:54.282382,172.20.10.5,5,0
2026-01-16T21:21:54.282382,172.20.10.5,6,0
2026-01-16T21:21:54.282382,172.20.10.5,7,0
2026-01-16T21:21:54.282382,172.20.10.5,8,14.9845
2026-01-16T21:21:54.282382,172.20.10.5,9,0
2026-01-16T21:21:54.282382,172.20.10.5,10,0
2026-01-16T21:21:54.282382,172.20.10.5,11,0
2026-01-16T21:21:54.282382,172.20.10.5,12,0
2026-01-16T21:21:54.282382,172.20.10.5,13,0
2026-01-16T21:21:54.282382,172.20.10.5,14,0
2026-01-16T21:21:54.282382,172.20.10.5,15,0
2026-01-16T21:21:54.282382,172.20.10.5,16,0
2026-01-16T21:21:54.282382,172.20.10.5,17,0
2026-01-16T21:21:54.282382,172.20.10.5,18,0
2026-01-16T21:21:54.282382,172.20.10.5,19,0
2026-01-16T21:21:54.282382,172.20.10.5,20,0
2026-01-16T21:21:54.282382,172.20.10.5,21,0
2026-01-16T21:21:54.282382,172.20.10.5,22,0
2026-01-16T21:21:54.282382,172.20.10.5,23,0
2026-01-16T21:21:54.282382,172.20.10.5,0,0
2026-01-16T21:21:54.282382,172.20.10.5,1,0
2026-01-16T21:21:54.282382,172.20.10.5,2,0
2026-01-16T21:21:54.282382,172.20.10.5,3,0
2026-01-16T21:21:54.282382,172.20.10.5,4,0
2026-01-16T21:21:54.282382,172.20.10.5,5,0
2026-01-16T21:21:54.282382,172.20.10.5,6,0
2026-01-16T21:21:54.282382,172.20.10.5,7,0
2026-01-16T21:21:54.282382,172.20.10.5,8,1.24196
2026-01-16T21:21:54.282382,172.20.10.5,9,0
2026-01-16T21:21:54.282382,172.20.10.5,10,0
2026-01-16T21:21:54.282382,172.20.10.5,11,0
2026-01-16T21:21:54.282382,172.20.10.5,12,0
2026-01-16T21:21:54.282382,172.20.10.5,13,0
2026-01-16T21:21:54.282382,172.20.10.5,14,0
2026-01-16T21:21:54.282382,172.20.10.5,15,0
2026-01-16T21:21:54.282382,172.20.10.5,16,0
2026-01-16T21:21:54.282382,172.20.10.5,17,0
2026-01-16T21:21:54.282382,172.20.10.5,18,0
2026-01-16T21:21:54.282382,172.20.10.5,19,0
2026-01-16T21:21:54.282382,172.20.10.5,20,0
2026-01-16T21:21:54.282382,172.20.10.5,21,0
2026-01-16T21:21:54.282382,172.20.10.5,22,0
2026-01-16T21:21:54.282382,172.20.10.5,23,0
2026-01-16T21:21:54.282382,172.20.10.5,0,0
2026-01-16T21:21:54.282382,172.20.10.5,1,0
2026-01-16T21:21:54.282382,172.20.10.5,2,0
2026-01-16T21:21:54.282382,172.20.10.5,3,0
2026-01-16T21:21:54.282382,172.20.10.5,4,0
2026-01-16T21:21:54.282382,172.20.10.5,5,0
2026-01-16T21:21:54.282382,172.20.10.5,6,0
2026-01-16T21:21:54.282382,172.20.10.5,7,0
2026-01-16T21:21:54.282382,172.20.10.5,8,0.591536
2026-01-16T21:21:54.282382,172.20.10.5,9,0
2026-01-16T21:21:54.282382,172.20.10.5,10,0
2026-01-16T21:21:54.282382,172.20.10.5,11,0
2026-01-16T21:21:54.282382,172.20.10.5,12,0
2026-01-16T21:21:54.282382,172.20.10.5,13,0
2026-01-16T21:21:54.282382,172.20.10.5,14,0
2026-01-16T21:21:54.282382,172.20.10.5,15,0
2026-01-16T21:21:54.282382,172.20.10.5,16,0
2026-01-16T21:21:54.282382,172.20.10.5,17,0
2026-01-16T21:21:54.282382,172.20.10.5,18,0
2026-01-16T21:21:54.282382,172.20.10.5,19,0
2026-01-16T21:21:54.282382,172.20.10.5,20,0
2026-01-16T21:21:54.282382,172.20.10.5,21,0
2026-01-16T21:21:54.282382,172.20.10.5,22,0
2026-01-16T21:21:54.282382,172.20.10.5,23,0
2026-01-16T21:21:54.282382,172.20.10.5,0,0
2026-01-16T21:21:54.282382,172.20.10.5,1,0
2026-01-16T21:21:54.282382,172.20.10.5,2,0
2026-01-16T21:21:54.282382,172.20.10.5,3,0
2026-01-16T21:21:54.282382,172.20.10.5,4,0
2026-01-16T21:21:54.282382,172.20.10.5,5,0
2026-01-16T21:21:54.282382,172.20.10.5,6,0
2026-01-16T21:21:54.282382,172.20.10.5,7,0
2026-01-16T21:21:54.282382,172.20.10.5,8,5.25448
2026-01-16T21:21:54.282382,172.20.10.5,9,0
2026-01-16T21:21:54.282382,172.20.10.5,10,0
2026-01-16T21:21:54.282382,172.20.10.5,11,0
2026-01-16T21:21:54.282382,172.20.10.5,12,0
2026-01-16T21:21:54.282382,172.20.10.5,13,0
2026-01-16T21:21:54.282382,172.20.10.5,14,0
2026-01-16T21:21:54.282382,172.20.10.5,15,0
2026-01-16T21:21:54.282382,172.20.10.5,16,0
2026-01-16T21:21:54.282382,172.20.10.5,17,0
2026-01-16T21:21:54.282382,172.20.10.5,18,0
2026-01-16T21:21:54.282382,172.20.10.5,19,0
2026-01-16T21:21:54.282382,172.20.10.5,20,0
2026-01-16T21:21:54.282382,172.20.10.5,21,0
2026-01-16T21:21:54.282382,172.20.10.5,22,0
2026-01-16T21:21:54.282382,172.20.10.5,23,0
2026-01-16T21:21:54.282382,172.20.10.5,0,0
2026-01-16T21:21:54.282382,172.20.10.5,1,0
2026-01-16T21:21:54.282382,172.20.10.5,2,0
2026-01-16T21:21:54.282382,172.20.10.5,3,0
2026-01-16T21:21:54.282382,172.20.10.5,4,0
2026-01-16T21:21:54.282382,172.20.10.5,5,0
2026-01-16T21:21:54.282382,172.20.10.5,6,0
2026-01-16T21:21:54.282382,172.20.10.5,7,0
2026-01-16T21:21:54.282382,172.20.10.5,8,0.558042
2026-01-16T21:21:54.282382,172.20.10.5,9,0
2026-01-16T21:21:54.282382,172.20.10.5,10,0
2026-01-16T21:21:54.282382,172.20.10.5,11,0
2026-01-16T21:21:54.282382,172.20.10.5,12,0
2026-01-16T21:21:54.282382,172.20.10.5,13,0
2026-01-16T21:21:54.282382,172.20.10.5,14,0
2026-01-16T21:21:54.282382,172.20.10.5,15,0
2026-01-16T21:21:54.282382,172.20.10.5,16,0
2026-01-16T21:21:54.282382,172.20.10.5,17,0
2026-01-16T21:21:54.282382,172.20.10.5,18,0
2026-01-16T21:21:54.282382,172.20.10.5,19,0
2026-01-16T21:21:54.282382,172.20.10.5,20,0
2026-01-16T21:21:54.282382,172.20.10.5,21,0
2026-01-16T21:21:54.282382,172.20.10.5,22,0
2026-01-16T21:21:54.282382,172.20.10.5,23,0
2026-01-16T21:21:54.282382,172.20.10.5,0,0
2026-01-16T21:21:54.282382,172.20.10.5,1,0
2026-01-16T21:21:54.282382,172.20.10.5,2,0
2026-01-16T21:21:54.282382,172.20.10.5,3,0
2026-01-16T21:21:54.282382,172.20.10.5,4,0
2026-01-16T21:21:54.282382,172.20.10.5,5,0
2026-01-16T21:21:54.282382,172.20.10.5,6,0
2026-01-16T21:21:54.282382,172.20.10.5,7,0
2026-01-16T21:21:54.282382,172.20.10.5,8,76.4833
2026-01-16T21:21:54.282382,172.20.10.5,9,0
2026-01-16T21:21:54.282382,172.20.10.5,10,0
2026-01-16T21:21:54.282382,172.20.10.5,11,0
2026-01-16T21:21:54.282382,172.20.10.5,12,0
2026-01-16T21:21:54.282382,172.20.10.5,13,0
2026-01-16T21:21:54.282382,172.20.10.5,14,0
2026-01-16T21:21:54.282382,172.20.10.5,15,0
2026-01-16T21:21:54.282382,172.20.10.5,16,0
2026-01-16T21:21:54.282382,172.20.10.5,17,0
2026-01-16T21:21:54.282382,172.20.10.5,18,0
2026-01-16T21:21:54.282382,172.20.10.5,19,0
2026-01-16T21:21:54.282382,172.20.10.5,20,0
2026-01-16T21:21:54.282382,172.20.10.5,21,0
2026-01-16T21:21:54.282382,172.20.10.5,22,0
2026-01-16T21:21:54.282382,172.20.10.5,23,0
2026-01-16T21:21:54.282382,172.20.10.5,0,0
2026-01-16T21:21:54.282382,172.20.10.5,1,0
2026-01-16T21:21:54.282382,172.20.10.5,2,0
2026-01-16T21:21:54.282382,172.20.10.5,3,0
2026-01-16T21:21:54.282382,172.20.10.5,4,0
2026-01-16T21:21:54.282382,172.20.10.5,5,0
2026-01-16T21:21:54.282382,172.20.10.5,6,0
2026-01-16T21:21:54.282382,172.20.10.5,7,0
2026-01-16T21:21:54.282382,172.20.10.5,8,1.56467
2026-01-16T21:21:54.282382,172.20.10.5,9,0
2026-01-16T21:21:54.282382,172.20.10.5,10,0
2026-01-16T21:21:54.282382,172.20.10.5,11,0
2026-01-16T21:21:54.282382,172.20.10.5,12,0
2026-01-16T21:21:54.282382,172.20.10.5,13,0
2026-01-16T21:21:54.282382,172.20.10.5,14,0
2026-01-16T21:21:54.282382,172.20.10.5,15,0
2026-01-16T21:21:54.282382,172.20.10.5,16,0
2026-01-16T21:21:54.282382,172.20.10.5,17,0
2026-01-16T21:21:54.282382,172.20.10.5,18,0
2026-01-16T21:21:54.282382,172.20.10.5,19,0
2026-01-16T21:21:54.282382,172.20.10.5,20,0
2026-01-16T21:21:54.282382,172.20.10.5,21,0
2026-01-16T21:21:54.282382,172.20.10.5,22,0
2026-01-16T21:21:54.282382,172.20.10.5,23,0
2026-01-16T21:21:54.282382,172.20.10.5,0,0
2026-01-16T21:21:54.282382,172.20.10.5,1,0
2026-01-16T21:21:54.282382,172.20.10.5,2,0
2026-01-16T21:21:54.282382,172.20.10.5,3,0
2026-01-16T21:21:54.282382,172.20.10.5,4,0
2026-01-16T21:21:54.282382,172.20.10.5,5,0
2026-01-16T21:21:54.282382,172.20.10.5,6,0
2026-01-16T21:21:54.282382,172.20.10.5,7,0
2026-01-16T21:21:54.282382,172.20.10.5,8,91.7514
2026-01-16T21:21:54.282382,172.20.10.5,9,0
2026-01-16T21:21:54.282382,172.20.10.5,10,0
2026-01-16T21:21:54.282382,172.20.10.5,11,0
2026-01-16T21:21:54.282382,172.20.10.5,12,0
2026-01-16T21:21:54.282382,172.20.10.5,13,0
2026-01-16T21:21:54.282382,172.20.10.5,14,0
2026-01-16T21:21:54.282382,172.20.10.5,15,0
2026-01-16T21:21:54.282382,172.20.10.5,16,0
2026-01-16T21:21:54.282382,172.20.10.5,17,0
2026-01-16T21:21:54.282382,172.20.10.5,18,0
2026-01-16T21:21:54.282382,172.20.10.5,19,0
2026-01-16T21:21:54.282382,172.20.10.5,20,0
2026-01-16T21:21:54.282382,172.20.10.5,21,0
2026-01-16T21:21:54.282382,172.20.10.5,22,0
2026-01-16T21:21:54.282382,172.20.10.5,23,0
2026-01-16T21:21:54.282382,172.20.10.5,0,0
2026-01-16T21:21:54.282382,172.20.10.5,1,0
2026-01-16T21:21:54.282382,172.20.10.5,2,0
2026-01-16T21:21:54.282382,172.20.10.5,3,0
2026-01-16T21:21:54.282382,172.20.10.5,4,0
2026-01-16T21:21:54.282382,172.20.10.5,5,0
2026-01-16T21:21:54.282382,172.20.10.5,6,0
2026-01-16T21:21:54.282382,172.20.10.5,7,0
2026-01-16T21:21:54.282382,172.20.10.5,8,76.6578
2026-01-16T21:21:54.282382,172.20.10.5,9,0
2026-01-16T21:21:54.282382,172.20.10.5,10,0
2026-01-16T21:21:54.282382,172.20.10.5,11,0
2026-01-16T21:21:54.282382,172.20.10.5,12,0
2026-01-16T21:21:54.282382,172.20.10.5,13,0
2026-01-16T21:21:54.282382,172.20.10.5,14,0
2026-01-16T21:21:54.282382,172.20.10.5,15,0
2026-01-16T21:21:54.282382,172.20.10.5,16,0
2026-01-16T21:21:54.282382,172.20.10.5,17,0
2026-01-16T21:21:54.282382,172.20.10.5,18,0
2026-01-16T21:21:54.282382,172.20.10.5,19,0
2026-01-16T21:21:54.282382,172.20.10.5,20,0
2026-01-16T21:21:54.282382,172.20.10.5,21,0
2026-01-16T21:21:54.282382,172.20.10.5,22,0
2026-01-16T21:21:54.282382,172.20.10.5,23,0
2026-01-16T21:21:54.282382,172.20.10.5,0,0
2026-01-16T21:21:54.282382,172.20.10.5,1,0
2026-01-16T21:21:54.282382,172.20.10.5,2,0
2026-01-16T21:21:54.282382,172.20.10.5,3,0
2026-01-16T21:21:54.282382,172.20.10.5,4,0
2026-01-16T21:21:54.282382,172.20.10.5,5,0
2026-01-16T21:21:54.282382,172.20.10.5,6,0
2026-01-16T21:21:54.282382,172.20.10.5,7,0
2026-01-16T21:21:54.282382,172.20.10.5,8,0.486803
2026-01-16T21:21:54.282382,172.20.10.5,9,0
2026-01-16T21:21:54.282382,172.20.10.5,10,0
2026-01-16T21:21:54.282382,172.20.10.5,11,0
2026-01-16T21:21:54.282382,172.20.10.5,12,0
2026-01-16T21:21:54.282382,172.20.10.5,13,0
2026-01-16T21:21:54.282382,172.20.10.5,14,0
2026-01-16T21:21:54.282382,172.20.10.5,15,0
2026-01-16T21:21:54.282382,172.20.10.5,16,0
2026-01-16T21:21:54.282382,172.20.10.5,17,0
2026-01-16T21:21:54.282382,172.20.10.5,18,0
2026-01-16T21:21:54.282382,172.20.10.5,19,0
2026-01-16T21:21:54.282382,172.20.10.5,20,0
2026-01-16T21:21:54.282382,172.20.10.5,21,0
2026-01-16T21:21:54.282382,172.20.10.5,22,0
2026-01-16T21:21:54.282382,172.20.10.5,23,0
2026-01-16T21:21:54.282382,172.20.10.5,0,0
2026-01-16T21:21:54.282382,172.20.10.5,1,0
2026-01-16T21:21:54.282382,172.20.10.5,2,0
2026-01-16T21:21:54.282382,172.20.10.5,3,0
2026-01-16T21:21:54.282382,172.20.10.5,4,0
2026-01-16T21:21:54.282382,172.20.10.5,5,0
2026-01-16T21:21:54.282382,172.20.10.5,6,0
2026-01-16T21:21:54.282382,172.20.10.5,7,0
2026-01-16T21:21:54.282382,172.20.10.5,8,1.31221
2026-01-16T21:21:54.282382,172.20.10.5,9,0
2026-01-16T21:21:54.282382,172.20.10.5,10,0
2026-01-16T21:21:54.282382,172.20.10.5,11,0
2026-01-16T21:21:54.282382,172.20.10.5,12,0
2026-01-16T21:21:54.282382,172.20.10.5,13,0
2026-01-16T21:21:54.282382,172.20.10.5,14,0
2026-01-16T21:21:54.282382,172.20.10.5,15,0
2026-01-16T21:21:54.282382,172.20.10.5,16,0
2026-01-16T21:21:54.282382,172.20.10.5,17,0
2026-01-16T21:21:54.282382,172.20.10.5,18,0
2026-01-16T21:21:54.282382,172.20.10.5,19,0
2026-01-16T21:21:54.282382,172.20.10.5,20,0
2026-01-16T21:21:54.282382,172.20.10.5,21,0
2026-01-16T21:21:54.282382,172.20.10.5,22,0
2026-01-16T21:21:54.282382,172.20.10.5,23,0
2026-01-16T21:21:54.282382,172.20.10.5,0,0
2026-01-16T21:21:54.282382,172.20.10.5,1,0
2026-01-16T21:21:54.282382,172.20.10.5,2,0
2026-01-16T21:21:54.282382,172.20.10.5,3,0
2026-01-16T21:21:54.282382,172.20.10.5,4,0
2026-01-16T21:21:54.282382,172.20.10.5,5,0
2026-01-16T21:21:54.282382,172.20.10.5,6,0
2026-01-16T21:21:54.282382,172.20.10.5,7,0
2026-01-16T21:21:54.282382,172.20.10.5,8,0.690219
2026-01-16T21:21:54.282382,172.20.10.5,9,0
2026-01-16T21:21:54.282382,172.20.10.5,10,0
2026-01-16T21:21:54.282382,172.20.10.5,11,0
2026-01-16T21:21:54.282382,172.20.10.5,12,0
2026-01-16T21:21:54.282382,172.20.10.5,13,0
2026-01-16T21:21:54.282382,172.20.10.5,14,0
2026-01-16T21:21:54.282382,172.20.10.5,15,0
2026-01-16T21:21:54.282382,172.20.10.5,16,0
2026-01-16T21:21:54.282382,172.20.10.5,17,0
2026-01-16T21:21:54.282382,172.20.10.5,18,0
2026-01-16T21:21:54.282382,172.20.10.5,19,0
2026-01-16T21:21:54.282382,172.20.10.5,20,0
2026-01-16T21:21:54.282382,172.20.10.5,21,0
2026-01-16T21:21:54.282382,172.20.10.5,22,0
2026-01-16T21:21:54.282382,172.20.10.5,23,0
2026-01-16T21:21:54.282382,172.20.10.5,0,0
2026-01-16T21:21:54.282382,172.20.10.5,1,0
2026-01-16T21:21:54.282382,172.20.10.5,2,0
2026-01-16T21:21:54.282382,172.20.10.5,3,0
2026-01-16T21:21:54.282382,172.20.10.5,4,0
2026-01-16T21:21:54.282382,172.20.10.5,5,0
2026-01-16T21:21:54.282382,172.20.10.5,6,0
2026-01-16T21:21:54.282382,172.20.10.5,7,0
2026-01-16T21:21:54.282382,172.20.10.5,8,0.809669
2026-01-16T21:21:54.282382,172.20.10.5,9,0
2026-01-16T21:21:54.282382,172.20.10.5,10,0
2026-01-16T21:21:54.282382,172.20.10.5,11,0
2026-01-16T21:21:54.282382,172.20.10.5,12,0
2026-01-16T21:21:54.282382,172.20.10.5,13,0
2026-01-16T21:21:54.282382,172.20.10.5,14,0
2026-01-16T21:21:54.282382,172.20.10.5,15,0
2026-01-16T21:21:54.282382,172.20.10.5,16,0
2026-01-16T21:21:54.282382,172.20.10.5,17,0
2026-01-16T21:21:54.282382,172.20.10.5,18,0
2026-01-16T21:21:54.282382,172.20.10.5,19,0
2026-01-16T21:21:54.282382,172.20.10.5,20,0
2026-01-16T21:21:54.282382,172.20.10.5,21,0
2026-01-16T21:21:54.282382,172.20.10.5,22,0
2026-01-16T21:21:54.282382,172.20.10.5,23,0
2026-01-16T21:21:54.282382,172.20.10.5,0,0
2026-01-16T21:21:54.282382,172.20.10.5,1,0
2026-01-16T21:21:54.282382,172.20.10.5,2,0
2026-01-16T21:21:54.282382,172.20.10.5,3,0
2026-01-16T21:21:54.282382,172.20.10.5,4,0
2026-01-16T21:21:54.282382,172.20.10.5,5,0
2026-01-16T21:21:54.282382,172.20.10.5,6,0
2026-01-16T21:21:54.282382,172.20.10.5,7,0
2026-01-16T21:21:54.282382,172.20.10.5,8,0.87191
2026-01-16T21:21:54.282382,172.20.10.5,9,0
2026-01-16T21:21:54.282382,172.20.10.5,10,0
2026-01-16T21:21:54.282382,172.20.10.5,11,0
2026-01-16T21:21:54.282382,172.20.10.5,12,0
2026-01-16T21:21:54.282382,172.20.10.5,13,0
2026-01-16T21:21:54.282382,172.20.10.5,14,0
2026-01-16T21:21:54.282382,172.20.10.5,15,0
2026-01-16T21:21:54.282382,172.20.10.5,16,0
2026-01-16T21:21:54.282382,172.20.10.5,17,0
2026-01-16T21:21:54.282382,172.20.10.5,18,0
2026-01-16T21:21:54.282382,172.20.10.5,19,0
2026-01-16T21:21:54.282382,172.20.10.5,20,0
2026-01-16T21:21:54.282382,172.20.10.5,21,0
2026-01-16T21:21:54.282382,172.20.10.5,22,0
2026-01-16T21:21:54.282382,172.20.10.5,23,0
2026-01-16T21:21:54.282382,172.20.10.5,0,0
2026-01-16T21:21:54.282382,172.20.10.5,1,0
2026-01-16T21:21:54.282382,172.20.10.5,2,0
2026-01-16T21:21:54.282382,172.20.10.5,3,0
2026-01-16T21:21:54.282382,172.20.10.5,4,0
2026-01-16T21:21:54.282382,172.20.10.5,5,0
2026-01-16T21:21:54.282382,172.20.10.5,6,0
2026-01-16T21:21:54.282382,172.20.10.5,7,0
2026-01-16T21:21:54.282382,172.20.10.5,8,9.99509
2026-01-16T21:21:54.282382,172.20.10.5,9,0
2026-01-16T21:21:54.282382,172.20.10.5,10,0
2026-01-16T21:21:54.282382,172.20.10.5,11,0
2026-01-16T21:21:54.282382,172.20.10.5,12,0
2026-01-16T21:21:54.282382,172.20.10.5,13,0
2026-01-16T21:21:54.282382,172.20.10.5,14,0
2026-01-16T21:21:54.282382,172.20.10.5,15,0
2026-01-16T21:21:54.282382,172.20.10.5,16,0
2026-01-16T21:21:54.282382,172.20.10.5,17,0
2026-01-16T21:21:54.282382,172.20.10.5,18,0
2026-01-16T21:21:54.282382,172.20.10.5,19,0
2026-01-16T21:21:54.282382,172.20.10.5,20,0
2026-01-16T21:21:54.282382,172.20.10.5,21,0
2026-01-16T21:21:54.282382,172.20.10.5,22,0
2026-01-16T21:21:54.282382,172.20.10.5,23,0
2026-01-16T21:21:54.282382,172.20.10.5,0,0
2026-01-16T21:21:54.282382,172.20.10.5,1,0
2026-01-16T21:21:54.282382,172.20.10.5,2,0
2026-01-16T21:21:54.282382,172.20.10.5,3,0
2026-01-16T21:21:54.282382,172.20.10.5,4,0
2026-01-16T21:21:54.282382,172.20.10.5,5,0
2026-01-16T21:21:54.282382,172.20.10.5,6,0
2026-01-16T21:21:54.282382,172.20.10.5,7,0
2026-01-16T21:21:54.282382,172.20.10.5,8,4.60071
2026-01-16T21:21:54.282382,172.20.10.5,9,0
2026-01-16T21:21:54.282382,172.20.10.5,10,0
2026-01-16T21:21:54.282382,172.20.10.5,11,0
2026-01-16T21:21:54.282382,172.20.10.5,12,0
2026-01-16T21:21:54.282382,172.20.10.5,13,0
2026-01-16T21:21:54.282382,172.20.10.5,14,0
2026-01-16T21:21:54.282382,172.20.10.5,15,0
2026-01-16T21:21:54.282382,172.20.10.5,16,0
2026-01-16T21:21:54.282382,172.20.10.5,17,0
2026-01-16T21:21:54.282382,172.20.10.5,18,0
2026-01-16T21:21:54.282382,172.20.10.5,19,0
2026-01-16T21:21:54.282382,172.20.10.5,20,0
2026-01-16T21:21:54.282382,172.20.10.5,21,0
2026-01-16T21:21:54.282382,172.20.10.5,22,0
2026-01-16T21:21:54.282382,172.20.10.5,23,0
2026-01-16T21:21:54.282382,172.20.10.5,0,0
2026-01-16T21:21:54.282382,172.20.10.5,1,0
2026-01-16T21:21:54.282382,172.20.10.5,2,0
2026-01-16T21:21:54.282382,172.20.10.5,3,0
2026-01-16T21:21:54.282382,172.20.10.5,4,0
2026-01-16T21:21:54.282382,172.20.10.5,5,0
2026-01-16T21:21:54.282382,172.20.10.5,6,0
2026-01-16T21:21:54.282382,172.20.10.5,7,0
2026-01-16T21:21:54.282382,172.20.10.5,8,2.56716
2026-01-16T21:21:54.282382,172.20.10.5,9,0
2026-01-16T21:21:54.282382,172.20.10.5,10,0
2026-01-16T21:21:54.282382,172.20.10.5,11,0
2026-01-16T21:21:54.282382,172.20.10.5,12,0
2026-01-16T21:21:54.282382,172.20.10.5,13,0
2026-01-16T21:21:54.282382,172.20.10.5,14,0
2026-01-16T21:21:54.282382,172.20.10.5,15,0
2026-01-16T21:21:54.282382,172.20.10.5,16,0
2026-01-16T21:21:54.282382,172.20.10.5,17,0
2026-01-16T21:21:54.282382,172.20.10.5,18,0
2026-01-16T21:21:54.282382,172.20.10.5,19,0
2026-01-16T21:21:54.282382,172.20.10.5,20,0
2026-01-16T21:21:54.282382,172.20.10.5,21,0
2026-01-16T21:21:54.282382,172.20.10.5,22,0
2026-01-16T21:21:54.282382,172.20.10.5,23,0
2026-01-16T21:21:54.282382,172.20.10.5,0,0
2026-01-16T21:21:54.282382,172.20.10.5,1,0
2026-01-16T21:21:54.282382,172.20.10.5,2,0
2026-01-16T21:21:54.282382,172.20.10.5,3,0
2026-01-16T21:21:54.282382,172.20.10.5,4,0
2026-01-16T21:21:54.282382,172.20.10.5,5,0
2026-01-16T21:21:54.282382,172.20.10.5,6,0
2026-01-16T21:21:54.282382,172.20.10.5,7,0
2026-01-16T21:21:54.282382,172.20.10.5,8,39.8482
2026-01-16T21:21:54.282382,172.20.10.5,9,0
2026-01-16T21:21:54.282382,172.20.10.5,10,0
2026-01-16T21:21:54.282382,172.20.10.5,11,0
2026-01-16T21:21:54.282382,172.20.10.5,12,0
2026-01-16T21:21:54.282382,172.20.10.5,13,0
2026-01-16T21:21:54.282382,172.20.10.5,14,0
2026-01-16T21:21:54.282382,172.20.10.5,15,0
2026-01-16T21:21:54.282382,172.20.10.5,16,0
2026-01-16T21:21:54.282382,172.20.10.5,17,0
2026-01-16T21:21:54.282382,172.20.10.5,18,0
2026-01-16T21:21:54.282382,172.20.10.5,19,0
2026-01-16T21:21:54.282382,172.20.10.5,20,0
2026-01-16T21:21:54.282382,172.20.10.5,21,0
2026-01-16T21:21:54.282382,172.20.10.5,22,0
2026-01-16T21:21:54.282382,172.20.10.5,23,0
2026-01-16T21:21:54.282382,172.20.10.5,0,0
2026-01-16T21:21:54.282382,172.20.10.5,1,0
2026-01-16T21:21:54.282382,172.20.10.5,2,0
2026-01-16T21:21:54.282382,172.20.10.5,3,0
2026-01-16T21:21:54.282382,172.20.10.5,4,0
2026-01-16T21:21:54.282382,172.20.10.5,5,0
2026-01-16T21:21:54.282382,172.20.10.5,6,0
2026-01-16T21:21:54.282382,172.20.10.5,7,0
2026-01-16T21:21:54.282382,172.20.10.5,8,0.752502
2026-01-16T21:21:54.282382,172.20.10.5,9,0
2026-01-16T21:21:54.282382,172.20.10.5,10,0
2026-01-16T21:21:54.282382,172.20.10.5,11,0
2026-01-16T21:21:54.282382,172.20.10.5,12,0
2026-01-16T21:21:54.282382,172.20.10.5,13,0
2026-01-16T21:21:54.282382,172.20.10.5,14,0
2026-01-16T21:21:54.282382,172.20.10.5,15,0
2026-01-16T21:21:54.282382,172.20.10.5,16,0
2026-01-16T21:21:54.282382,172.20.10.5,17,0
2026-01-16T21:21:54.282382,172.20.10.5,18,0
2026-01-16T21:21:54.282382,172.20.10.5,19,0
2026-01-16T21:21:54.282382,172.20.10.5,20,0
2026-01-16T21:21:54.282382,172.20.10.5,21,0
2026-01-16T21:21:54.282382,172.20.10.5,22,0
2026-01-16T21:21:54.282382,172.20.10.5,23,0
2026-01-16T21:21:54.282382,172.20.10.5,0,0
2026-01-16T21:21:54.282382,172.20.10.5,1,0
2026-01-16T21:21:54.282382,172.20.10.5,2,0
2026-01-16T21:21:54.282382,172.20.10.5,3,0
2026-01-16T21:21:54.282382,172.20.10.5,4,0
2026-01-16T21:21:54.282382,172.20.10.5,5,0
2026-01-16T21:21:54.282382,172.20.10.5,6,0
2026-01-16T21:21:54.282382,172.20.10.5,7,0
2026-01-16T21:21:54.282382,172.20.10.5,8,2.34286
2026-01-16T21:21:54.282382,172.20.10.5,9,0
2026-01-16T21:21:54.282382,172.20.10.5,10,0
2026-01-16T21:21:54.282382,172.20.10.5,11,0
2026-01-16T21:21:54.282382,172.20.10.5,12,0
2026-01-16T21:21:54.282382,172.20.10.5,13,0
2026-01-16T21:21:54.282382,172.20.10.5,14,0
2026-01-16T21:21:54.282382,172.20.10.5,15,0
2026-01-16T21:21:54.282382,172.20.10.5,16,0
2026-01-16T21:21:54.282382,172.20.10.5,17,0
2026-01-16T21:21:54.282382,172.20.10.5,18,0
2026-01-16T21:21:54.282382,172.20.10.5,19,0
2026-01-16T21:21:54.282382,172.20.10.5,20,0
2026-01-16T21:21:54.282382,172.20.10.5,21,0
2026-01-16T21:21:54.282382,172.20.10.5,22,0
2026-01-16T21:21:54.282382,172.20.10.5,23,0
2026-01-16T21:21:54.282382,172.20.10.5,0,0
2026-01-16T21:21:54.282382,172.20.10.5,1,0
2026-01-16T21:21:54.282382,172.20.10.5,2,0
2026-01-16T21:21:54.282382,172.20.10.5,3,0
2026-01-16T21:21:54.282382,172.20.10.5,4,0
2026-01-16T21:21:54.282382,172.20.10.5,5,0
2026-01-16T21:21:54.282382,172.20.10.5,6,0
2026-01-16T21:21:54.282382,172.20.10.5,7,0
2026-01-16T21:21:54.282382,172.20.10.5,8,21.1548
2026-01-16T21:21:54.282382,172.20.10.5,9,0
2026-01-16T21:21:54.282382,172.20.10.5,10,0
2026-01-16T21:21:54.282382,172.20.10.5,11,0
2026-01-16T21:21:54.282382,172.20.10.5,12,0
2026-01-16T21:21:54.282382,172.20.10.5,13,0
2026-01-16T21:21:54.282382,172.20.10.5,14,0
2026-01-16T21:21:54.282382,172.20.10.5,15,0
2026-01-16T21:21:54.282382,172.20.10.5,16,0
2026-01-16T21:21:54.282382,172.20.10.5,17,0
2026-01-16T21:21:54.282382,172.20.10.5,18,0
2026-01-16T21:21:54.282382,172.20.10.5,19,0
2026-01-16T21:21:54.282382,172.20.10.5,20,0
2026-01-16T21:21:54.282382,172.20.10.5,21,0
2026-01-16T21:21:54.282382,172.20.10.5,22,0
2026-01-16T21:21:54.282382,172.20.10.5,23,0
2026-01-16T21:21:54.282382,172.20.10.5,0,0
2026-01-16T21:21:54.282382,172.20.10.5,1,0
2026-01-16T21:21:54.282382,172.20.10.5,2,0
2026-01-16T21:21:54.282382,172.20.10.5,3,0
2026-01-16T21:21:54.282382,172.20.10.5,4,0
2026-01-16T21:21:54.282382,172.20.10.5,5,0
2026-01-16T21:21:54.282382,172.20.10.5,6,0
2026-01-16T21:21:54.282382,172.20.10.5,7,0
2026-01-16T21:21:54.282382,172.20.10.5,8,2.40203
2026-01-16T21:21:54.282382,172.20.10.5,9,0
2026-01-16T21:21:54.282382,172.20.10.5,10,0
2026-01-16T21:21:54.282382,172.20.10.5,11,0
2026-01-16T21:21:54.282382,172.20.10.5,12,0
2026-01-16T21:21:54.282382,172.20.10.5,13,0
2026-01-16T21:21:54.282382,172.20.10.5,14,0
2026-01-16T21:21:54.282382,172.20.10.5,15,0
2026-01-16T21:21:54.282382,172.20.10.5,16,0
2026-01-16T21:21:54.282382,172.20.10.5,17,0
2026-01-16T21:21:54.282382,172.20.10.5,18,0
2026-01-16T21:21:54.282382,172.20.10.5,19,0
2026-01-16T21:21:54.282382,172.20.10.5,20,0
2026-01-16T21:21:54.282382,172.20.10.5,21,0
2026-01-16T21:21:54.282382,172.20.10.5,22,0
2026-01-16T21:21:54.282382,172.20.10.5,23,0
2026-01-16T21:21:54.282382,172.20.10.5,0,0
2026-01-16T21:21:54.282382,172.20.10.5,1,0
2026-01-16T21:21:54.282382,172.20.10.5,2,0
2026-01-16T21:21:54.282382,172.20.10.5,3,0
2026-01-16T21:21:54.282382,172.20.10.5,4,0
2026-01-16T21:21:54.282382,172.20.10.5,5,0
2026-01-16T21:21:54.282382,172.20.10.5,6,0
2026-01-16T21:21:54.282382,172.20.10.5,7,0
2026-01-16T21:21:54.282382,172.20.10.5,8,2.13724
2026-01-16T21:21:54.282382,172.20.10.5,9,0
2026-01-16T21:21:54.282382,172.20.10.5,10,0
2026-01-16T21:21:54.282382,172.20.10.5,11,0
2026-01-16T21:21:54.282382,172.20.10.5,12,0
2026-01-16T21:21:54.282382,172.20.10.5,13,0
2026-01-16T21:21:54.282382,172.20.10.5,14,0
2026-01-16T21:21:54.282382,172.20.10.5,15,0
2026-01-16T21:21:54.282382,172.20.10.5,16,0
2026-01-16T21:21:54.282382,172.20.10.5,17,0
2026-01-16T21:21:54.282382,172.20.10.5,18,0
2026-01-16T21:21:54.282382,172.20.10.5,19,0
2026-01-16T21:21:54.282382,172.20.10.5,20,0
2026-01-16T21:21:54.282382,172.20.10.5,21,0
2026-01-16T21:21:54.282382,172.20.10.5,22,0
2026-01-16T21:21:54.282382,172.20.10.5,23,0
2026-01-16T21:21:54.282382,172.20.10.5,0,0
2026-01-16T21:21:54.282382,172.20.10.5,1,0
2026-01-16T21:21:54.282382,172.20.10.5,2,0
2026-01-16T21:21:54.282382,172.20.10.5,3,0
2026-01-16T21:21:54.282382,172.20.10.5,4,0
2026-01-16T21:21:54.282382,172.20.10.5,5,0
2026-01-16T21:21:54.282382,172.20.10.5,6,0
2026-01-16T21:21:54.282382,172.20.10.5,7,0
2026-01-16T21:21:54.282382,172.20.10.5,8,0.523971
2026-01-16T21:21:54.282382,172.20.10.5,9,0
2026-01-16T21:21:54.282382,172.20.10.5,10,0
2026-01-16T21:21:54.282382,172.20.10.5,11,0
2026-01-16T21:21:54.282382,172.20.10.5,12,0
2026-01-16T21:21:54.282382,172.20.10.5,13,0
2026-01-16T21:21:54.282382,172.20.10.5,14,0
2026-01-16T21:21:54.282382,172.20.10.5,15,0
2026-01-16T21:21:54.282382,172.20.10.5,16,0
2026-01-16T21:21:54.282382,172.20.10.5,17,0
2026-01-16T21:21:54.282382,172.20.10.5,18,0
2026-01-16T21:21:54.282382,172.20.10.5,19,0
2026-01-16T21:21:54.282382,172.20.10.5,20,0
2026-01-16T21:21:54.282382,172.20.10.5,21,0
2026-01-16T21:21:54.282382,172.20.10.5,22,0
2026-01-16T21:21:54.282382,172.20.10.5,23,0
2026-01-16T21:21:54.282382,172.20.10.5,0,0
2026-01-16T21:21:54.282382,172.20.10.5,1,0
2026-01-16T21:21:54.282382,172.20.10.5,2,0
2026-01-16T21:21:54.282382,172.20.10.5,3,0
2026-01-16T21:21:54.282382,172.20.10.5,4,0
2026-01-16T21:21:54.282382,172.20.10.5,5,0
2026-01-16T21:21:54.282382,172.20.10.5,6,0
2026-01-16T21:21:54.282382,172.20.10.5,7,0
2026-01-16T21:21:54.282382,172.20.10.5,8,10.6598
2026-01-16T21:21:54.282382,172.20.10.5,9,0
2026-01-16T21:21:54.282382,172.20.10.5,10,0
2026-01-16T21:21:54.282382,172.20.10.5,11,0
2026-01-16T21:21:54.282382,172.20.10.5,12,0
2026-01-16T21:21:54.282382,172.20.10.5,13,0
2026-01-16T21:21:54.282382,172.20.10.5,14,0
2026-01-16T21:21:54.282382,172.20.10.5,15,0
2026-01-16T21:21:54.282382,172.20.10.5,16,0
2026-01-16T21:21:54.282382,172.20.10.5,17,0
2026-01-16T21:21:54.282382,172.20.10.5,18,0
2026-01-16T21:21:54.282382,172.20.10.5,19,0
2026-01-16T21:21:54.282382,172.20.10.5,20,0
2026-01-16T21:21:54.282382,172.20.10.5,21,0
2026-01-16T21:21:54.282382,172.20.10.5,22,0
2026-01-16T21:21:54.282382,172.20.10.5,23,0
2026-01-16T21:21:54.282382,172.20.10.5,0,0
2026-01-16T21:21:54.282382,172.20.10.5,1,0
2026-01-16T21:21:54.282382,172.20.10.5,2,0
2026-01-16T21:21:54.282382,172.20.10.5,3,0
2026-01-16T21:21:54.282382,172.20.10.5,4,0
2026-01-16T21:21:54.282382,172.20.10.5,5,0
2026-01-16T21:21:54.282382,172.20.10.5,6,0
2026-01-16T21:21:54.282382,172.20.10.5,7,0
2026-01-16T21:21:54.282382,172.20.10.5,8,74.1421
2026-01-16T21:21:54.282382,172.20.10.5,9,0
2026-01-16T21:21:54.282382,172.20.10.5,10,0
2026-01-16T21:21:54.282382,172.20.10.5,11,0
2026-01-16T21:21:54.282382,172.20.10.5,12,0
2026-01-16T21:21:54.282382,172.20.10.5,13,0
2026-01-16T21:21:54.282382,172.20.10.5,14,0
2026-01-16T21:21:54.282382,172.20.10.5,15,0
2026-01-16T21:21:54.282382,172.20.10.5,16,0
2026-01-16T21:21:54.282382,172.20.10.5,17,0
2026-01-16T21:21:54.282382,172.20.10.5,18,0
2026-01-16T21:21:54.282382,172.20.10.5,19,0
2026-01-16T21:21:54.282382,172.20.10.5,20,0
2026-01-16T21:21:54.282382,172.20.10.5,21,0
2026-01-16T21:21:54.282382,172.20.10.5,22,0
2026-01-16T21:21:54.282382,172.20.10.5,23,0
2026-01-16T21:21:54.282382,172.20.10.5,0,0
2026-01-16T21:21:54.282382,172.20.10.5,1,0
2026-01-16T21:21:54.282382,172.20.10.5,2,0
2026-01-16T21:21:54.282382,172.20.10.5,3,0
2026-01-16T21:21:54.282382,172.20.10.5,4,0
2026-01-16T21:21:54.282382,172.20.10.5,5,0
2026-01-16T21:21:54.282382,172.20.10.5,6,0
2026-01-16T21:21:54.282382,172.20.10.5,7,0
2026-01-16T21:21:54.282382,172.20.10.5,8,1.47115
2026-01-16T21:21:54.282382,172.20.10.5,9,0
2026-01-16T21:21:54.282382,172.20.10.5,10,0
2026-01-16T21:21:54.282382,172.20.10.5,11,0
2026-01-16T21:21:54.282382,172.20.10.5,12,0
2026-01-16T21:21:54.282382,172.20.10.5,13,0
2026-01-16T21:21:54.282382,172.20.10.5,14,0
2026-01-16T21:21:54.282382,172.20.10.5,15,0
2026-01-16T21:21:54.282382,172.20.10.5,16,0
2026-01-16T21:21:54.282382,172.20.10.5,17,0
2026-01-16T21:21:54.282382,172.20.10.5,18,0
2026-01-16T21:21:54.282382,172.20.10.5,19,0
2026-01-16T21:21:54.282382,172.20.10.5,20,0
2026-01-16T21:21:54.282382,172.20.10.5,21,0
2026-01-16T21:21:54.282382,172.20.10.5,22,0
2026-01-16T21:21:54.282382,172.20.10.5,23,0
2026-01-16T21:21:54.282382,172.20.10.5,0,0
2026-01-16T21:21:54.282382,172.20.10.5,1,0
2026-01-16T21:21:54.282382,172.20.10.5,2,0
2026-01-16T21:21:54.282382,172.20.10.5,3,0
2026-01-16T21:21:54.282382,172.20.10.5,4,0
2026-01-16T21:21:54.282382,172.20.10.5,5,0
2026-01-16T21:21:54.282382,172.20.10.5,6,0
2026-01-16T21:21:54.282382,172.20.10.5,7,0
2026-01-16T21:21:54.282382,172.20.10.5,8,0.403734
2026-01-16T21:21:54.282382,172.20.10.5,9,0
2026-01-16T21:21:54.282382,172.20.10.5,10,0
2026-01-16T21:21:54.282382,172.20.10.5,11,0
2026-01-16T21:21:54.282382,172.20.10.5,12,0
2026-01-16T21:21:54.282382,172.20.10.5,13,0
2026-01-16T21:21:54.282382,172.20.10.5,14,0
2026-01-16T21:21:54.282382,172.20.10.5,15,0
2026-01-16T21:21:54.282382,172.20.10.5,16,0
2026-01-16T21:21:54.282382,172.20.10.5,17,0
2026-01-16T21:21:54.282382,172.20.10.5,18,0
2026-01-16T21:21:54.282382,172.20.10.5,19,0
2026-01-16T21:21:54.282382,172.20.10.5,20,0
2026-01-16T21:21:54.282382,172.20.10.5,21,0
2026-01-16T21:21:54.282382,172.20.10.5,22,0
2026-01-16T21:21:54.282382,172.20.10.5,23,0
2026-01-16T21:21:54.282382,172.20.10.5,0,0
2026-01-16T21:21:54.282382,172.20.10.5,1,0
2026-01-16T21:21:54.282382,172.20.10.5,2,0
2026-01-16T21:21:54.282382,172.20.10.5,3,0
2026-01-16T21:21:54.282382,172.20.10.5,4,0
2026-01-16T21:21:54.282382,172.20.10.5,5,0
2026-01-16T21:21:54.282382,172.20.10.5,6,0
2026-01-16T21:21:54.282382,172.20.10.5,7,0
2026-01-16T21:21:54.282382,172.20.10.5,8,2.54459
2026-01-16T21:21:54.282382,172.20.10.5,9,0
2026-01-16T21:21:54.282382,172.20.10.5,10,0
2026-01-16T21:21:54.282382,172.20.10.5,11,0
2026-01-16T21:21:54.282382,172.20.10.5,12,0
2026-01-16T21:21:54.282382,172.20.10.5,13,0
2026-01-16T21:21:54.282382,172.20.10.5,14,0
2026-01-16T21:21:54.282382,172.20.10.5,15,0
2026-01-16T21:21:54.282382,172.20.10.5,16,0
2026-01-16T21:21:54.282382,172.20.10.5,17,0
2026-01-16T21:21:54.282382,172.20.10.5,18,0
2026-01-16T21:21:54.282382,172.20.10.5,19,0
2026-01-16T21:21:54.282382,172.20.10.5,20,0
2026-01-16T21:21:54.282382,172.20.10.5,21,0
2026-01-16T21:21:54.282382,172.20.10.5,22,0
2026-01-16T21:21:54.282382,172.20.10.5,23,0
2026-01-16T21:21:54.282382,172.20.10.5,0,0
2026-01-16T21:21:54.282382,172.20.10.5,1,0
2026-01-16T21:21:54.282382,172.20.10.5,2,0
2026-01-16T21:21:54.282382,172.20.10.5,3,0
2026-01-16T21:21:54.282382,172.20.10.5,4,0
2026-01-16T21:21:54.282382,172.20.10.5,5,0
2026-01-16T21:21:54.282382,172.20.10.5,6,0
2026-01-16T21:21:54.282382,172.20.10.5,7,0
2026-01-16T21:21:54.282382,172.20.10.5,8,6.59618
2026-01-16T21:21:54.282382,172.20.10.5,9,0
2026-01-16T21:21:54.282382,172.20.10.5,10,0
2026-01-16T21:21:54.282382,172.20.10.5,11,0
2026-01-16T21:21:54.282382,172.20.10.5,12,0
2026-01-16T21:21:54.282382,172.20.10.5,13,0
2026-01-16T21:21:54.282382,172.20.10.5,14,0
2026-01-16T21:21:54.282382,172.20.10.5,15,0
2026-01-16T21:21:54.282382,172.20.10.5,16,0
2026-01-16T21:21:54.282382,172.20.10.5,17,0
2026-01-16T21:21:54.282382,172.20.10.5,18,0
2026-01-16T21:21:54.282382,172.20.10.5,19,0
2026-01-16T21:21:54.282382,172.20.10.5,20,0
2026-01-16T21:21:54.282382,172.20.10.5,21,0
2026-01-16T21:21:54.282382,172.20.10.5,22,0
2026-01-16T21:21:54.282382,172.20.10.5,23,0
2026-01-16T21:21:54.282382,172.20.10.5,0,0
2026-01-16T21:21:54.282382,172.20.10.5,1,0
2026-01-16T21:21:54.282382,172.20.10.5,2,0
2026-01-16T21:21:54.282382,172.20.10.5,3,0
2026-01-16T21:21:54.282382,172.20.10.5,4,0
2026-01-16T21:21:54.282382,172.20.10.5,5,0
2026-01-16T21:21:54.282382,172.20.10.5,6,0
2026-01-16T21:21:54.282382,172.20.10.5,7,0
2026-01-16T21:21:54.282382,172.20.10.5,8,1.22109
2026-01-16T21:21:54.282382,172.20.10.5,9,0
2026-01-16T21:21:54.282382,172.20.10.5,10,0
2026-01-16T21:21:54.282382,172.20.10.5,11,0
2026-01-16T21:21:54.282382,172.20.10.5,12,0
2026-01-16T21:21:54.282382,172.20.10.5,13,0
2026-01-16T21:21:54.282382,172.20.10.5,14,0
2026-01-16T21:21:54.282382,172.20.10.5,15,0
2026-01-16T21:21:54.282382,172.20.10.5,16,0
2026-01-16T21:21:54.282382,172.20.10.5,17,0
2026-01-16T21:21:54.282382,172.20.10.5,18,0
2026-01-16T21:21:54.282382,172.20.10.5,19,0
2026-01-16T21:21:54.282382,172.20.10.5,20,0
2026-01-16T21:21:54.282382,172.20.10.5,21,0
2026-01-16T21:21:54.282382,172.20.10.5,22,0
2026-01-16T21:21:54.282382,172.20.10.5,23,0
2026-01-16T21:21:54.282382,172.20.10.5,0,0
2026-01-16T21:21:54.282382,172.20.10.5,1,0
2026-01-16T21:21:54.282382,172.20.10.5,2,0
2026-01-16T21:21:54.282382,172.20.10.5,3,0
2026-01-16T21:21:54.282382,172.20.10.5,4,0
2026-01-16T21:21:54.282382,172.20.10.5,5,0
2026-01-16T21:21:54.282382,172.20.10.5,6,0
2026-01-16T21:21:54.282382,172.20.10.5,7,0
2026-01-16T21:21:54.282382,172.20.10.5,8,2.36737
2026-01-16T21:21:54.282382,172.20.10.5,9,0
2026-01-16T21:21:54.282382,172.20.10.5,10,0
2026-01-16T21:21:54.282382,172.20.10.5,11,0
2026-01-16T21:21:54.282382,172.20.10.5,12,0
2026-01-16T21:21:54.282382,172.20.10.5,13,0
2026-01-16T21:21:54.282382,172.20.10.5,14,0
2026-01-16T21:21:54.282382,172.20.10.5,15,0
2026-01-16T21:21:54.282382,172.20.10.5,16,0
2026-01-16T21:21:54.282382,172.20.10.5,17,0
2026-01-16T21:21:54.282382,172.20.10.5,18,0
2026-01-16T21:21:54.282382,172.20.10.5,19,0
2026-01-16T21:21:54.282382,172.20.10.5,20,0
2026-01-16T21:21:54.282382,172.20.10.5,21,0
2026-01-16T21:21:54.282382,172.20.10.5,22,0
2026-01-16T21:21:54.282382,172.20.10.5,23,0
2026-01-16T21:21:54.282382,172.20.10.5,0,0
2026-01-16T21:21:54.282382,172.20.10.5,1,0
2026-01-16T21:21:54.282382,172.20.10.5,2,0
2026-01-16T21:21:54.282382,172.20.10.5,3,0
2026-01-16T21:21:54.282382,172.20.10.5,4,0
2026-01-16T21:21:54.282382,172.20.10.5,5,0
2026-01-16T21:21:54.282382,172.20.10.5,6,0
2026-01-16T21:21:54.282382,172.20.10.5,7,0
2026-01-16T21:21:54.282382,172.20.10.5,8,55.4201
2026-01-16T21:21:54.282382,172.20.10.5,9,0
2026-01-16T21:21:54.282382,172.20.10.5,10,0
2026-01-16T21:21:54.282382,172.20.10.5,11,0
2026-01-16T21:21:54.282382,172.20.10.5,12,0
2026-01-16T21:21:54.282382,172.20.10.5,13,0
2026-01-16T21:21:54.282382,172.20.10.5,14,0
2026-01-16T21:21:54.282382,172.20.10.5,15,0
2026-01-16T21:21:54.282382,172.20.10.5,16,0
2026-01-16T21:21:54.282382,172.20.10.5,17,0
2026-01-16T21:21:54.282382,172.20.10.5,18,0
2026-01-16T21:21:54.282382,172.20.10.5,19,0
2026-01-16T21:21:54.282382,172.20.10.5,20,0
2026-01-16T21:21:54.282382,172.20.10.5,21,0
2026-01-16T21:21:54.282382,172.20.10.5,22,0
2026-01-16T21:21:54.282382,172.20.10.5,23,0
2026-01-16T21:21:54.282382,172.20.10.5,0,0
2026-01-16T21:21:54.282382,172.20.10.5,1,0
2026-01-16T21:21:54.282382,172.20.10.5,2,0
2026-01-16T21:21:54.282382,172.20.10.5,3,0
2026-01-16T21:21:54.282382,172.20.10.5,4,0
2026-01-16T21:21:54.282382,172.20.10.5,5,0
2026-01-16T21:21:54.282382,172.20.10.5,6,0
2026-01-16T21:21:54.282382,172.20.10.5,7,0
2026-01-16T21:21:54.282382,172.20.10.5,8,0.852604
2026-01-16T21:21:54.282382,172.20.10.5,9,0
2026-01-16T21:21:54.282382,172.20.10.5,10,0
2026-01-16T21:21:54.282382,172.20.10.5,11,0
2026-01-16T21:21:54.282382,172.20.10.5,12,0
2026-01-16T21:21:54.282382,172.20.10.5,13,0
2026-01-16T21:21:54.282382,172.20.10.5,14,0
2026-01-16T21:21:54.282382,172.20.10.5,15,0
2026-01-16T21:21:54.282382,172.20.10.5,16,0
2026-01-16T21:21:54.282382,172.20.10.5,17,0
2026-01-16T21:21:54.282382,172.20.10.5,18,0
2026-01-16T21:21:54.282382,172.20.10.5,19,0
2026-01-16T21:21:54.282382,172.20.10.5,20,0
2026-01-16T21:21:54.282382,172.20.10.5,21,0
2026-01-16T21:21:54.282382,172.20.10.5,22,0
2026-01-16T21:21:54.282382,172.20.10.5,23,0
2026-01-16T21:21:54.282382,172.20.10.5,0,0
2026-01-16T21:21:54.282382,172.20.10.5,1,0
2026-01-16T21:21:54.282382,172.20.10.5,2,0
2026-01-16T21:21:54.282382,172.20.10.5,3,0
2026-01-16T21:21:54.282382,172.20.10.5,4,0
2026-01-16T21:21:54.282382,172.20.10.5,5,0
2026-01-16T21:21:54.282382,172.20.10.5,6,0
2026-01-16T21:21:54.282382,172.20.10.5,7,0
2026-01-16T21:21:54.282382,172.20.10.5,8,7.77304
2026-01-16T21:21:54.282382,172.20.10.5,9,0
2026-01-16T21:21:54.282382,172.20.10.5,10,0
2026-01-16T21:21:54.282382,172.20.10.5,11,0
2026-01-16T21:21:54.282382,172.20.10.5,12,0
2026-01-16T21:21:54.282382,172.20.10.5,13,0
2026-01-16T21:21:54.282382,172.20.10.5,14,0
2026-01-16T21:21:54.282382,172.20.10.5,15,0
2026-01-16T21:21:54.282382,172.20.10.5,16,0
2026-01-16T21:21:54.282382,172.20.10.5,17,0
2026-01-16T21:21:54.282382,172.20.10.5,18,0
2026-01-16T21:21:54.282382,172.20.10.5,19,0
2026-01-16T21:21:54.282382,172.20.10.5,20,0
2026-01-16T21:21:54.282382,172.20.10.5,21,0
2026-01-16T21:21:54.282382,172.20.10.5,22,0
2026-01-16T21:21:54.282382,172.20.10.5,23,0
2026-01-16T21:21:54.282382,172.20.10.5,0,0
2026-01-16T21:21:54.282382,172.20.10.5,1,0
2026-01-16T21:21:54.282382,172.20.10.5,2,0
2026-01-16T21:21:54.282382,172.20.10.5,3,0
2026-01-16T21:21:54.282382,172.20.10.5,4,0
2026-01-16T21:21:54.282382,172.20.10.5,5,0
2026-01-16T21:21:54.282382,172.20.10.5,6,0
2026-01-16T21:21:54.282382,172.20.10.5,7,0
2026-01-16T21:21:54.282382,172.20.10.5,8,1.48483
2026-01-16T21:21:54.282382,172.20.10.5,9,0
2026-01-16T21:21:54.282382,172.20.10.5,10,0
2026-01-16T21:21:54.282382,172.20.10.5,11,0
2026-01-16T21:21:54.282382,172.20.10.5,12,0
2026-01-16T21:21:54.282382,172.20.10.5,13,0
2026-01-16T21:21:54.282382,172.20.10.5,14,0
2026-01-16T21:21:54.282382,172.20.10.5,15,0
2026-01-16T21:21:54.282382,172.20.10.5,16,0
2026-01-16T21:21:54.282382,172.20.10.5,17,0
2026-01-16T21:21:54.282382,172.20.10.5,18,0
2026-01-16T21:21:54.282382,172.20.10.5,19,0
2026-01-16T21:21:54.282382,172.20.10.5,20,0
2026-01-16T21:21:54.282382,172.20.10.5,21,0
2026-01-16T21:21:54.282382,172.20.10.5,22,0
2026-01-16T21:21:54.282382,172.20.10.5,23,0
2026-01-16T21:21:54.282382,172.20.10.5,0,0
2026-01-16T21:21:54.282382,172.20.10.5,1,0
2026-01-16T21:21:54.282382,172.20.10.5,2,0
2026-01-16T21:21:54.282382,172.20.10.5,3,0
2026-01-16T21:21:54.282382,172.20.10.5,4,0
2026-01-16T21:21:54.282382,172.20.10.5,5,0
2026-01-16T21:21:54.282382,172.20.10.5,6,0
2026-01-16T21:21:54.282382,172.20.10.5,7,0
2026-01-16T21:21:54.282382,172.20.10.5,8,44.1982
2026-01-16T21:21:54.282382,172.20.10.5,9,0
2026-01-16T21:21:54.282382,172.20.10.5,10,0
2026-01-16T21:21:54.282382,172.20.10.5,11,0
2026-01-16T21:21:54.282382,172.20.10.5,12,0
2026-01-16T21:21:54.282382,172.20.10.5,13,0
2026-01-16T21:21:54.282382,172.20.10.5,14,0
2026-01-16T21:21:54.282382,172.20.10.5,15,0
2026-01-16T21:21:54.282382,172.20.10.5,16,0
2026-01-16T21:21:54.282382,172.20.10.5,17,0
2026-01-16T21:21:54.282382,172.20.10.5,18,0
2026-01-16T21:21:54.282382,172.20.10.5,19,0
2026-01-16T21:21:54.282382,172.20.10.5,20,0
2026-01-16T21:21:54.282382,172.20.10.5,21,0
2026-01-16T21:21:54.282382,172.20.10.5,22,0
2026-01-16T21:21:54.282382,172.20.10.5,23,0
2026-01-16T21:21:54.282382,172.20.10.5,0,0
2026-01-16T21:21:54.282382,172.20.10.5,1,0
2026-01-16T21:21:54.282382,172.20.10.5,2,0
2026-01-16T21:21:54.282382,172.20.10.5,3,0
2026-01-16T21:21:54.282382,172.20.10.5,4,0
2026-01-16T21:21:54.282382,172.20.10.5,5,0
2026-01-16T21:21:54.282382,172.20.10.5,6,0
2026-01-16T21:21:54.282382,172.20.10.5,7,0
2026-01-16T21:21:54.282382,172.20.10.5,8,36.4297
2026-01-16T21:21:54.282382,172.20.10.5,9,0
2026-01-16T21:21:54.282382,172.20.10.5,10,0
2026-01-16T21:21:54.282382,172.20.10.5,11,0
2026-01-16T21:21:54.282382,172.20.10.5,12,0
2026-01-16T21:21:54.282382,172.20.10.5,13,0
2026-01-16T21:21:54.282382,172.20.10.5,14,0
2026-01-16T21:21:54.282382,172.20.10.5,15,0
2026-01-16T21:21:54.282382,172.20.10.5,16,0
2026-01-16T21:21:54.282382,172.20.10.5,17,0
2026-01-16T21:21:54.282382,172.20.10.5,18,0
2026-01-16T21:21:54.282382,172.20.10.5,19,0
2026-01-16T21:21:54.282382,172.20.10.5,20,0
2026-01-16T21:21:54.282382,172.20.10.5,21,0
2026-01-16T21:21:54.282382,172.20.10.5,22,0
2026-01-16T21:21:54.282382,172.20.10.5,23,0
2026-01-16T21:21:54.282382,172.20.10.5,0,0
2026-01-16T21:21:54.282382,172.20.10.5,1,0
2026-01-16T21:21:54.282382,172.20.10.5,2,0
2026-01-16T21:21:54.282382,172.20.10.5,3,0
2026-01-16T21:21:54.282382,172.20.10.5,4,0
2026-01-16T21:21:54.282382,172.20.10.5,5,0
2026-01-16T21:21:54.282382,172.20.10.5,6,0
2026-01-16T21:21:54.282382,172.20.10.5,7,0
2026-01-16T21:21:54.282382,172.20.10.5,8,162.522
2026-01-16T21:21:54.282382,172.20.10.5,9,0
2026-01-16T21:21:54.282382,172.20.10.5,10,0
2026-01-16T21:21:54.282382,172.20.10.5,11,0
2026-01-16T21:21:54.282382,172.20.10.5,12,0
2026-01-16T21:21:54.282382,172.20.10.5,13,0
2026-01-16T21:21:54.282382,172.20.10.5,14,0
2026-01-16T21:21:54.282382,172.20.10.5,15,0
2026-01-16T21:21:54.282382,172.20.10.5,16,0
2026-01-16T21:21:54.282382,172.20.10.5,17,0
2026-01-16T21:21:54.282382,172.20.10.5,18,0
2026-01-16T21:21:54.282382,172.20.10.5,19,0
2026-01-16T21:21:54.282382,172.20.10.5,20,0
2026-01-16T21:21:54.282382,172.20.10.5,21,0
2026-01-16T21:21:54.282382,172.20.10.5,22,0
2026-01-16T21:21:54.282382,172.20.10.5,23,0
2026-01-16T21:21:54.282382,172.20.10.5,0,0
2026-01-16T21:21:54.282382,172.20.10.5,1,0
2026-01-16T21:21:54.282382,172.20.10.5,2,0
2026-01-16T21:21:54.282382,172.20.10.5,3,0
2026-01-16T21:21:54.282382,172.20.10.5,4,0
2026-01-16T21:21:54.282382,172.20.10.5,5,0
2026-01-16T21:21:54.282382,172.20.10.5,6,0
2026-01-16T21:21:54.282382,172.20.10.5,7,0
2026-01-16T21:21:54.282382,172.20.10.5,8,99.6651
2026-01-16T21:21:54.282382,172.20.10.5,9,0
2026-01-16T21:21:54.282382,172.20.10.5,10,0
2026-01-16T21:21:54.282382,172.20.10.5,11,0
2026-01-16T21:21:54.282382,172.20.10.5,12,0
2026-01-16T21:21:54.282382,172.20.10.5,13,0
2026-01-16T21:21:54.282382,172.20.10.5,14,0
2026-01-16T21:21:54.282382,172.20.10.5,15,0
2026-01-16T21:21:54.282382,172.20.10.5,16,0
2026-01-16T21:21:54.282382,172.20.10.5,17,0
2026-01-16T21:21:54.282382,172.20.10.5,18,0
2026-01-16T21:21:54.282382,172.20.10.5,19,0
2026-01-16T21:21:54.282382,172.20.10.5,20,0
2026-01-16T21:21:54.282382,172.20.10.5,21,0
2026-01-16T21:21:54.282382,172.20.10.5,22,0
2026-01-16T21:21:54.282382,172.20.10.5,23,0
2026-01-16T21:21:54.282382,172.20.10.5,0,0
2026-01-16T21:21:54.282382,172.20.10.5,1,0
2026-01-16T21:21:54.282382,172.20.10.5,2,0
2026-01-16T21:21:54.282382,172.20.10.5,3,0
2026-01-16T21:21:54.282382,172.20.10.5,4,0
2026-01-16T21:21:54.282382,172.20.10.5,5,0
2026-01-16T21:21:54.282382,172.20.10.5,6,0
2026-01-16T21:21:54.282382,172.20.10.5,7,0
2026-01-16T21:21:54.282382,172.20.10.5,8,51.9203
2026-01-16T21:21:54.282382,172.20.10.5,9,0
2026-01-16T21:21:54.282382,172.20.10.5,10,0
2026-01-16T21:21:54.282382,172.20.10.5,11,0
2026-01-16T21:21:54.282382,172.20.10.5,12,0
2026-01-16T21:21:54.282382,172.20.10.5,13,0
2026-01-16T21:21:54.282382,172.20.10.5,14,0
2026-01-16T21:21:54.282382,172.20.10.5,15,0
2026-01-16T21:21:54.282382,172.20.10.5,16,0
2026-01-16T21:21:54.282382,172.20.10.5,17,0
2026-01-16T21:21:54.282382,172.20.10.5,18,0
2026-01-16T21:21:54.282382,172.20.10.5,19,0
2026-01-16T21:21:54.282382,172.20.10.5,20,0
2026-01-16T21:21:54.282382,172.20.10.5,21,0
2026-01-16T21:21:54.282382,172.20.10.5,22,0
2026-01-16T21:21:54.282382,172.20.10.5,23,0
2026-01-16T21:21:54.282382,172.20.10.5,0,0
2026-01-16T21:21:54.282382,172.20.10.5,1,0
2026-01-16T21:21:54.282382,172.20.10.5,2,0
2026-01-16T21:21:54.282382,172.20.10.5,3,0
2026-01-16T21:21:54.282382,172.20.10.5,4,0
2026-01-16T21:21:54.282382,172.20.10.5,5,0
2026-01-16T21:21:54.282382,172.20.10.5,6,0
2026-01-16T21:21:54.282382,172.20.10.5,7,0
2026-01-16T21:21:54.282382,172.20.10.5,8,201.534
2026-01-16T21:21:54.282382,172.20.10.5,9,0
2026-01-16T21:21:54.282382,172.20.10.5,10,0
2026-01-16T21:21:54.282382,172.20.10.5,11,0
2026-01-16T21:21:54.282382,172.20.10.5,12,0
2026-01-16T21:21:54.282382,172.20.10.5,13,0
2026-01-16T21:21:54.282382,172.20.10.5,14,0
2026-01-16T21:21:54.282382,172.20.10.5,15,0
2026-01-16T21:21:54.282382,172.20.10.5,16,0
2026-01-16T21:21:54.282382,172.20.10.5,17,0
2026-01-16T21:21:54.282382,172.20.10.5,18,0
2026-01-16T21:21:54.282382,172.20.10.5,19,0
2026-01-16T21:21:54.282382,172.20.10.5,20,0
2026-01-16T21:21:54.282382,172.20.10.5,21,0
2026-01-16T21:21:54.282382,172.20.10.5,22,0
2026-01-16T21:21:54.282382,172.20.10.5,23,0
2026-01-16T21:21:54.282382,172.20.10.5,0,0
2026-01-16T21:21:54.282382,172.20.10.5,1,0
2026-01-16T21:21:54.282382,172.20.10.5,2,0
2026-01-16T21:21:54.282382,172.20.10.5,3,0
2026-01-16T21:21:54.282382,172.20.10.5,4,0
2026-01-16T21:21:54.282382,172.20.10.5,5,0
2026-01-16T21:21:54.282382,172.20.10.5,6,0
2026-01-16T21:21:54.282382,172.20.10.5,7,0
2026-01-16T21:21:54.282382,172.20.10.5,8,80.8765
2026-01-16T21:21:54.282382,172.20.10.5,9,0
2026-01-16T21:21:54.282382,172.20.10.5,10,0
2026-01-16T21:21:54.282382,172.20.10.5,11,0
2026-01-16T21:21:54.282382,172.20.10.5,12,0
2026-01-16T21:21:54.282382,172.20.10.5,13,0
2026-01-16T21:21:54.282382,172.20.10.5,14,0
2026-01-16T21:21:54.282382,172.20.10.5,15,0
2026-01-16T21:21:54.282382,172.20.10.5,16,0
2026-01-16T21:21:54.282382,172.20.10.5,17,0
2026-01-16T21:21:54.282382,172.20.10.5,18,0
2026-01-16T21:21:54.282382,172.20.10.5,19,0
2026-01-16T21:21:54.282382,172.20.10.5,20,0
2026-01-16T21:21:54.282382,172.20.10.5,21,0
2026-01-16T21:21:54.282382,172.20.10.5,22,0
2026-01-16T21:21:54.282382,172.20.10.5,23,0
2026-01-16T21:21:54.282382,172.20.10.5,0,0
2026-01-16T21:21:54.282382,172.20.10.5,1,0
2026-01-16T21:21:54.282382,172.20.10.5,2,0
2026-01-16T21:21:54.282382,172.20.10.5,3,0
2026-01-16T21:21:54.282382,172.20.10.5,4,0
2026-01-16T21:21:54.282382,172.20.10.5,5,0
2026-01-16T21:21:54.282382,172.20.10.5,6,0
2026-01-16T21:21:54.282382,172.20.10.5,7,0
2026-01-16T21:21:54.282382,172.20.10.5,8,136.457
2026-01-16T21:21:54.282382,172.20.10.5,9,0
2026-01-16T21:21:54.282382,172.20.10.5,10,0
2026-01-16T21:21:54.282382,172.20.10.5,11,0
2026-01-16T21:21:54.282382,172.20.10.5,12,0
2026-01-16T21:21:54.282382,172.20.10.5,13,0
2026-01-16T21:21:54.282382,172.20.10.5,14,0
2026-01-16T21:21:54.282382,172.20.10.5,15,0
2026-01-16T21:21:54.282382,172.20.10.5,16,0
2026-01-16T21:21:54.282382,172.20.10.5,17,0
2026-01-16T21:21:54.282382,172.20.10.5,18,0
2026-01-16T21:21:54.282382,172.20.10.5,19,0
2026-01-16T21:21:54.282382,172.20.10.5,20,0
2026-01-16T21:21:54.282382,172.20.10.5,21,0
2026-01-16T21:21:54.282382,172.20.10.5,22,0
2026-01-16T21:21:54.282382,172.20.10.5,23,0
2026-01-16T21:21:54.282382,172.20.10.5,0,0
2026-01-16T21:21:54.282382,172.20.10.5,1,0
2026-01-16T21:21:54.282382,172.20.10.5,2,0
2026-01-16T21:21:54.282382,172.20.10.5,3,0
2026-01-16T21:21:54.282382,172.20.10.5,4,0
2026-01-16T21:21:54.282382,172.20.10.5,5,0
2026-01-16T21:21:54.282382,172.20.10.5,6,0
2026-01-16T21:21:54.282382,172.20.10.5,7,0
2026-01-16T21:21:54.282382,172.20.10.5,8,238.579
2026-01-16T21:21:54.282382,172.20.10.5,9,0
2026-01-16T21:21:54.282382,172.20.10.5,10,0
2026-01-16T21:21:54.282382,172.20.10.5,11,0
2026-01-16T21:21:54.282382,172.20.10.5,12,0
2026-01-16T21:21:54.282382,172.20.10.5,13,0
2026-01-16T21:21:54.282382,172.20.10.5,14,0
2026-01-16T21:21:54.282382,172.20.10.5,15,0
2026-01-16T21:21:54.282382,172.20.10.5,16,0
2026-01-16T21:21:54.282382,172.20.10.5,17,0
2026-01-16T21:21:54.282382,172.20.10.5,18,0
2026-01-16T21:21:54.282382,172.20.10.5,19,0
2026-01-16T21:21:54.282382,172.20.10.5,20,0
2026-01-16T21:21:54.282382,172.20.10.5,21,0
2026-01-16T21:21:54.282382,172.20.10.5,22,0
2026-01-16T21:21:54.282382,172.20.10.5,23,0
2026-01-16T21:21:54.282382,172.20.10.5,0,0
2026-01-16T21:21:54.282382,172.20.10.5,1,0
2026-01-16T21:21:54.282382,172.20.10.5,2,0
2026-01-16T21:21:54.282382,172.20.10.5,3,0
2026-01-16T21:21:54.282382,172.20.10.5,4,0
2026-01-16T21:21:54.282382,172.20.10.5,5,0
2026-01-16T21:21:54.282382,172.20.10.5,6,0
2026-01-16T21:21:54.282382,172.20.10.5,7,0
2026-01-16T21:21:54.282382,172.20.10.5,8,87.7977
2026-01-16T21:21:54.282382,172.20.10.5,9,0
2026-01-16T21:21:54.282382,172.20.10.5,10,0
2026-01-16T21:21:54.282382,172.20.10.5,11,0
2026-01-16T21:21:54.282382,172.20.10.5,12,0
2026-01-16T21:21:54.282382,172.20.10.5,13,0
2026-01-16T21:21:54.282382,172.20.10.5,14,0
2026-01-16T21:21:54.282382,172.20.10.5,15,0
2026-01-16T21:21:54.282382,172.20.10.5,16,0
2026-01-16T21:21:54.282382,172.20.10.5,17,0
2026-01-16T21:21:54.282382,172.20.10.5,18,0
2026-01-16T21:21:54.282382,172.20.10.5,19,0
2026-01-16T21:21:54.282382,172.20.10.5,20,0
2026-01-16T21:21:54.282382,172.20.10.5,21,0
2026-01-16T21:21:54.282382,172.20.10.5,22,0
2026-01-16T21:21:54.282382,172.20.10.5,23,0
2026-01-16T21:21:54.282382,172.20.10.5,0,0
2026-01-16T21:21:54.282382,172.20.10.5,1,0
2026-01-16T21:21:54.282382,172.20.10.5,2,0
2026-01-16T21:21:54.282382,172.20.10.5,3,0
2026-01-16T21:21:54.282382,172.20.10.5,4,0
2026-01-16T21:21:54.282382,172.20.10.5,5,0
2026-01-16T21:21:54.282382,172.20.10.5,6,0
2026-01-16T21:21:54.282382,172.20.10.5,7,0
2026-01-16T21:21:54.282382,172.20.10.5,8,98.8141
2026-01-16T21:21:54.282382,172.20.10.5,9,0
2026-01-16T21:21:54.282382,172.20.10.5,10,0
2026-01-16T21:21:54.282382,172.20.10.5,11,0
2026-01-16T21:21:54.282382,172.20.10.5,12,0
2026-01-16T21:21:54.282382,172.20.10.5,13,0
2026-01-16T21:21:54.282382,172.20.10.5,14,0
2026-01-16T21:21:54.282382,172.20.10.5,15,0
2026-01-16T21:21:54.282382,172.20.10.5,16,0
2026-01-16T21:21:54.282382,172.20.10.5,17,0
2026-01-16T21:21:54.282382,172.20.10.5,18,0
2026-01-16T21:21:54.282382,172.20.10.5,19,0
2026-01-16T21:21:54.282382,172.20.10.5,20,0
2026-01-16T21:21:54.282382,172.20.10.5,21,0
2026-01-16T21:21:54.282382,172.20.10.5,22,0
2026-01-16T21:21:54.282382,172.20.10.5,23,0
2026-01-16T21:21:54.282382,172.20.10.5,0,0
2026-01-16T21:21:54.282382,172.20.10.5,1,0
2026-01-16T21:21:54.282382,172.20.10.5,2,0
2026-01-16T21:21:54.282382,172.20.10.5,3,0
2026-01-16T21:21:54.282382,172.20.10.5,4,0
2026-01-16T21:21:54.282382,172.20.10.5,5,0
2026-01-16T21:21:54.282382,172.20.10.5,6,0
2026-01-16T21:21:54.282382,172.20.10.5,7,0
2026-01-16T21:21:54.282382,172.20.10.5,8,276.171
2026-01-16T21:21:54.282382,172.20.10.5,9,0
2026-01-16T21:21:54.282382,172.20.10.5,10,0
2026-01-16T21:21:54.282382,172.20.10.5,11,0
2026-01-16T21:21:54.282382,172.20.10.5,12,0
2026-01-16T21:21:54.282382,172.20.10.5,13,0
2026-01-16T21:21:54.282382,172.20.10.5,14,0
2026-01-16T21:21:54.282382,172.20.10.5,15,0
2026-01-16T21:21:54.282382,172.20.10.5,16,0
2026-01-16T21:21:54.282382,172.20.10.5,17,0
2026-01-16T21:21:54.282382,172.20.10.5,18,0
2026-01-16T21:21:54.282382,172.20.10.5,19,0
2026-01-16T21:21:54.282382,172.20.10.5,20,0
2026-01-16T21:21:54.282382,172.20.10.5,21,0
2026-01-16T21:21:54.282382,172.20.10.5,22,0
2026-01-16T21:21:54.282382,172.20.10.5,23,0
2026-01-16T21:21:54.282382,172.20.10.5,0,0
2026-01-16T21:21:54.282382,172.20.10.5,1,0
2026-01-16T21:21:54.282382,172.20.10.5,2,0
2026-01-16T21:21:54.282382,172.20.10.5,3,0
2026-01-16T21:21:54.282382,172.20.10.5,4,0
2026-01-16T21:21:54.282382,172.20.10.5,5,0
2026-01-16T21:21:54.282382,172.20.10.5,6,0
2026-01-16T21:21:54.282382,172.20.10.5,7,0
2026-01-16T21:21:54.282382,172.20.10.5,8,144.675
2026-01-16T21:21:54.282382,172.20.10.5,9,0
2026-01-16T21:21:54.282382,172.20.10.5,10,0
2026-01-16T21:21:54.282382,172.20.10.5,11,0
2026-01-16T21:21:54.282382,172.20.10.5,12,0
2026-01-16T21:21:54.282382,172.20.10.5,13,0
2026-01-16T21:21:54.282382,172.20.10.5,14,0
2026-01-16T21:21:54.282382,172.20.10.5,15,0
2026-01-16T21:21:54.282382,172.20.10.5,16,0
2026-01-16T21:21:54.282382,172.20.10.5,17,0
2026-01-16T21:21:54.282382,172.20.10.5,18,0
2026-01-16T21:21:54.282382,172.20.10.5,19,0
2026-01-16T21:21:54.282382,172.20.10.5,20,0
2026-01-16T21:21:54.282382,172.20.10.5,21,0
2026-01-16T21:21:54.282382,172.20.10.5,22,0
2026-01-16T21:21:54.282382,172.20.10.5,23,0
2026-01-16T21:21:54.282382,172.20.10.5,0,0
2026-01-16T21:21:54.282382,172.20.10.5,1,0
2026-01-16T21:21:54.282382,172.20.10.5,2,0
2026-01-16T21:21:54.282382,172.20.10.5,3,0
2026-01-16T21:21:54.282382,172.20.10.5,4,0
2026-01-16T21:21:54.282382,172.20.10.5,5,0
2026-01-16T21:21:54.282382,172.20.10.5,6,0
2026-01-16T21:21:54.282382,172.20.10.5,7,0
2026-01-16T21:21:54.282382,172.20.10.5,8,136.512
2026-01-16T21:21:54.282382,172.20.10.5,9,0
2026-01-16T21:21:54.282382,172.20.10.5,10,0
2026-01-16T21:21:54.282382,172.20.10.5,11,0
2026-01-16T21:21:54.282382,172.20.10.5,12,0
2026-01-16T21:21:54.282382,172.20.10.5,13,0
2026-01-16T21:21:54.282382,172.20.10.5,14,0
2026-01-16T21:21:54.282382,172.20.10.5,15,0
2026-01-16T21:21:54.282382,172.20.10.5,16,0
2026-01-16T21:21:54.282382,172.20.10.5,17,0
2026-01-16T21:21:54.282382,172.20.10.5,18,0
2026-01-16T21:21:54.282382,172.20.10.5,19,0
2026-01-16T21:21:54.282382,172.20.10.5,20,0
2026-01-16T21:21:54.282382,172.20.10.5,21,0
2026-01-16T21:21:54.282382,172.20.10.5,22,0
2026-01-16T21:21:54.282382,172.20.10.5,23,0
2026-01-16T21:21:54.282382,172.20.10.5,0,0
2026-01-16T21:21:54.282382,172.20.10.5,1,0
2026-01-16T21:21:54.282382,172.20.10.5,2,0
2026-01-16T21:21:54.282382,172.20.10.5,3,0
2026-01-16T21:21:54.282382,172.20.10.5,4,0
2026-01-16T21:21:54.282382,172.20.10.5,5,0
2026-01-16T21:21:54.282382,172.20.10.5,6,0
2026-01-16T21:21:54.282382,172.20.10.5,7,0
2026-01-16T21:21:54.282382,172.20.10.5,8,96.1064
2026-01-16T21:21:54.282382,172.20.10.5,9,0
2026-01-16T21:21:54.282382,172.20.10.5,10,0
2026-01-16T21:21:54.282382,172.20.10.5,11,0
2026-01-16T21:21:54.282382,172.20.10.5,12,0
2026-01-16T21:21:54.282382,172.20.10.5,13,0
2026-01-16T21:21:54.282382,172.20.10.5,14,0
2026-01-16T21:21:54.282382,172.20.10.5,15,0
2026-01-16T21:21:54.282382,172.20.10.5,16,0
2026-01-16T21:21:54.282382,172.20.10.5,17,0
2026-01-16T21:21:54.282382,172.20.10.5,18,0
2026-01-16T21:21:54.282382,172.20.10.5,19,0
2026-01-16T21:21:54.282382,172.20.10.5,20,0
2026-01-16T21:21:54.282382,172.20.10.5,21,0
2026-01-16T21:21:54.282382,172.20.10.5,22,0
2026-01-16T21:21:54.282382,172.20.10.5,23,0
2026-01-16T21:21:54.282382,172.20.10.5,0,0
2026-01-16T21:21:54.282382,172.20.10.5,1,0
2026-01-16T21:21:54.282382,172.20.10.5,2,0
2026-01-16T21:21:54.282382,172.20.10.5,3,0
2026-01-16T21:21:54.282382,172.20.10.5,4,0
2026-01-16T21:21:54.282382,172.20.10.5,5,0
2026-01-16T21:21:54.282382,172.20.10.5,6,0
2026-01-16T21:21:54.282382,172.20.10.5,7,0
2026-01-16T21:21:54.282382,172.20.10.5,8,200.109
2026-01-16T21:21:54.282382,172.20.10.5,9,0
2026-01-16T21:21:54.282382,172.20.10.5,10,0
2026-01-16T21:21:54.282382,172.20.10.5,11,0
2026-01-16T21:21:54.282382,172.20.10.5,12,0
2026-01-16T21:21:54.282382,172.20.10.5,13,0
2026-01-16T21:21:54.282382,172.20.10.5,14,0
2026-01-16T21:21:54.282382,172.20.10.5,15,0
2026-01-16T21:21:54.282382,172.20.10.5,16,0
2026-01-16T21:21:54.282382,172.20.10.5,17,0
2026-01-16T21:21:54.282382,172.20.10.5,18,0
2026-01-16T21:21:54.282382,172.20.10.5,19,0
2026-01-16T21:21:54.282382,172.20.10.5,20,0
2026-01-16T21:21:54.282382,172.20.10.5,21,0
2026-01-16T21:21:54.282382,172.20.10.5,22,0
2026-01-16T21:21:54.282382,172.20.10.5,23,0
2026-01-16T21:21:54.282382,172.20.10.5,0,0
2026-01-16T21:21:54.282382,172.20.10.5,1,0
2026-01-16T21:21:54.282382,172.20.10.5,2,0
2026-01-16T21:21:54.282382,172.20.10.5,3,0
2026-01-16T21:21:54.282382,172.20.10.5,4,0
2026-01-16T21:21:54.282382,172.20.10.5,5,0
2026-01-16T21:21:54.282382,172.20.10.5,6,0
2026-01-16T21:21:54.282382,172.20.10.5,7,0
2026-01-16T21:21:54.282382,172.20.10.5,8,94.8431
2026-01-16T21:21:54.282382,172.20.10.5,9,0
2026-01-16T21:21:54.282382,172.20.10.5,10,0
2026-01-16T21:21:54.282382,172.20.10.5,11,0
2026-01-16T21:21:54.282382,172.20.10.5,12,0
2026-01-16T21:21:54.282382,172.20.10.5,13,0
2026-01-16T21:21:54.282382,172.20.10.5,14,0
2026-01-16T21:21:54.282382,172.20.10.5,15,0
2026-01-16T21:21:54.282382,172.20.10.5,16,0
2026-01-16T21:21:54.282382,172.20.10.5,17,0
2026-01-16T21:21:54.282382,172.20.10.5,18,0
2026-01-16T21:21:54.282382,172.20.10.5,19,0
2026-01-16T21:21:54.282382,172.20.10.5,20,0
2026-01-16T21:21:54.282382,172.20.10.5,21,0
2026-01-16T21:21:54.282382,172.20.10.5,22,0
2026-01-16T21:21:54.282382,172.20.10.5,23,0
2026-01-16T21:21:54.282382,172.20.10.5,0,0
2026-01-16T21:21:54.282382,172.20.10.5,1,0
2026-01-16T21:21:54.282382,172.20.10.5,2,0
2026-01-16T21:21:54.282382,172.20.10.5,3,0
2026-01-16T21:21:54.282382,172.20.10.5,4,0
2026-01-16T21:21:54.282382,172.20.10.5,5,0
2026-01-16T21:21:54.282382,172.20.10.5,6,0
2026-01-16T21:21:54.282382,172.20.10.5,7,0
2026-01-16T21:21:54.282382,172.20.10.5,8,146.877
2026-01-16T21:21:54.282382,172.20.10.5,9,0
2026-01-16T21:21:54.282382,172.20.10.5,10,0
2026-01-16T21:21:54.282382,172.20.10.5,11,0
2026-01-16T21:21:54.282382,172.20.10.5,12,0
2026-01-16T21:21:54.282382,172.20.10.5,13,0
2026-01-16T21:21:54.282382,172.20.10.5,14,0
2026-01-16T21:21:54.282382,172.20.10.5,15,0
2026-01-16T21:21:54.282382,172.20.10.5,16,0
2026-01-16T21:21:54.282382,172.20.10.5,17,0
2026-01-16T21:21:54.282382,172.20.10.5,18,0
2026-01-16T21:21:54.282382,172.20.10.5,19,0
2026-01-16T21:21:54.282382,172.20.10.5,20,0
2026-01-16T21:21:54.282382,172.20.10.5,21,0
2026-01-16T21:21:54.282382,172.20.10.5,22,0
2026-01-16T21:21:54.282382,172.20.10.5,23,0
2026-01-16T21:21:54.282382,172.20.10.5,0,0
2026-01-16T21:21:54.282382,172.20.10.5,1,0
2026-01-16T21:21:54.282382,172.20.10.5,2,0
2026-01-16T21:21:54.282382,172.20.10.5,3,0
2026-01-16T21:21:54.282382,172.20.10.5,4,0
2026-01-16T21:21:54.282382,172.20.10.5,5,0
2026-01-16T21:21:54.282382,172.20.10.5,6,0
2026-01-16T21:21:54.282382,172.20.10.5,7,0
2026-01-16T21:21:54.282382,172.20.10.5,8,200.349
2026-01-16T21:21:54.282382,172.20.10.5,9,0
2026-01-16T21:21:54.282382,172.20.10.5,10,0
2026-01-16T21:21:54.282382,172.20.10.5,11,0
2026-01-16T21:21:54.282382,172.20.10.5,12,0
2026-01-16T21:21:54.282382,172.20.10.5,13,0
2026-01-16T21:21:54.282382,172.20.10.5,14,0
2026-01-16T21:21:54.282382,172.20.10.5,15,0
2026-01-16T21:21:54.282382,172.20.10.5,16,0
2026-01-16T21:21:54.282382,172.20.10.5,17,0
2026-01-16T21:21:54.282382,172.20.10.5,18,0
2026-01-16T21:21:54.282382,172.20.10.5,19,0
2026-01-16T21:21:54.282382,172.20.10.5,20,0
2026-01-16T21:21:54.282382,172.20.10.5,21,0
2026-01-16T21:21:54.282382,172.20.10.5,22,0
2026-01-16T21:21:54.282382,172.20.10.5,23,0
2026-01-16T21:21:54.282382,172.20.10.5,0,0
2026-01-16T21:21:54.282382,172.20.10.5,1,0
2026-01-16T21:21:54.282382,172.20.10.5,2,0
2026-01-16T21:21:54.282382,172.20.10.5,3,0
2026-01-16T21:21:54.282382,172.20.10.5,4,0
2026-01-16T21:21:54.282382,172.20.10.5,5,0
2026-01-16T21:21:54.282382,172.20.10.5,6,0
2026-01-16T21:21:54.282382,172.20.10.5,7,0
2026-01-16T21:21:54.282382,172.20.10.5,8,137.84
2026-01-16T21:21:54.282382,172.20.10.5,9,0
2026-01-16T21:21:54.282382,172.20.10.5,10,0
2026-01-16T21:21:54.282382,172.20.10.5,11,0
2026-01-16T21:21:54.282382,172.20.10.5,12,0
2026-01-16T21:21:54.282382,172.20.10.5,13,0
2026-01-16T21:21:54.282382,172.20.10.5,14,0
2026-01-16T21:21:54.282382,172.20.10.5,15,0
2026-01-16T21:21:54.282382,172.20.10.5,16,0
2026-01-16T21:21:54.282382,172.20.10.5,17,0
2026-01-16T21:21:54.282382,172.20.10.5,18,0
2026-01-16T21:21:54.282382,172.20.10.5,19,0
2026-01-16T21:21:54.282382,172.20.10.5,20,0
2026-01-16T21:21:54.282382,172.20.10.5,21,0
2026-01-16T21:21:54.282382,172.20.10.5,22,0
2026-01-16T21:21:54.282382,172.20.10.5,23,0
2026-01-16T21:21:54.282382,172.20.10.5,0,0
2026-01-16T21:21:54.282382,172.20.10.5,1,0
2026-01-16T21:21:54.282382,172.20.10.5,2,0
2026-01-16T21:21:54.282382,172.20.10.5,3,0
2026-01-16T21:21:54.282382,172.20.10.5,4,0
2026-01-16T21:21:54.282382,172.20.10.5,5,0
2026-01-16T21:21:54.282382,172.20.10.5,6,0
2026-01-16T21:21:54.282382,172.20.10.5,7,0
2026-01-16T21:21:54.282382,172.20.10.5,8,115.99
2026-01-16T21:21:54.282382,172.20.10.5,9,0
2026-01-16T21:21:54.282382,172.20.10.5,10,0
2026-01-16T21:21:54.282382,172.20.10.5,11,0
2026-01-16T21:21:54.282382,172.20.10.5,12,0
2026-01-16T21:21:54.282382,172.20.10.5,13,0
2026-01-16T21:21:54.282382,172.20.10.5,14,0
2026-01-16T21:21:54.282382,172.20.10.5,15,0
2026-01-16T21:21:54.282382,172.20.10.5,16,0
2026-01-16T21:21:54.282382,172.20.10.5,17,0
2026-01-16T21:21:54.282382,172.20.10.5,18,0
2026-01-16T21:21:54.282382,172.20.10.5,19,0
2026-01-16T21:21:54.282382,172.20.10.5,20,0
2026-01-16T21:21:54.282382,172.20.10.5,21,0
2026-01-16T21:21:54.282382,172.20.10.5,22,0
2026-01-16T21:21:54.282382,172.20.10.5,23,0
2026-01-16T21:21:54.282382,172.20.10.5,0,0
2026-01-16T21:21:54.282382,172.20.10.5,1,0
2026-01-16T21:21:54.282382,172.20.10.5,2,0
2026-01-16T21:21:54.282382,172.20.10.5,3,0
2026-01-16T21:21:54.282382,172.20.10.5,4,0
2026-01-16T21:21:54.282382,172.20.10.5,5,0
2026-01-16T21:21:54.282382,172.20.10.5,6,0
2026-01-16T21:21:54.282382,172.20.10.5,7,0
2026-01-16T21:21:54.282382,172.20.10.5,8,158.888
2026-01-16T21:21:54.282382,172.20.10.5,9,0
2026-01-16T21:21:54.282382,172.20.10.5,10,0
2026-01-16T21:21:54.282382,172.20.10.5,11,0
2026-01-16T21:21:54.282382,172.20.10.5,12,0
2026-01-16T21:21:54.282382,172.20.10.5,13,0
2026-01-16T21:21:54.282382,172.20.10.5,14,0
2026-01-16T21:21:54.282382,172.20.10.5,15,0
2026-01-16T21:21:54.282382,172.20.10.5,16,0
2026-01-16T21:21:54.282382,172.20.10.5,17,0
2026-01-16T21:21:54.282382,172.20.10.5,18,0
2026-01-16T21:21:54.282382,172.20.10.5,19,0
2026-01-16T21:21:54.282382,172.20.10.5,20,0
2026-01-16T21:21:54.282382,172.20.10.5,21,0
2026-01-16T21:21:54.282382,172.20.10.5,22,0
2026-01-16T21:21:54.282382,172.20.10.5,23,0
2026-01-16T21:21:54.282382,172.20.10.5,0,0
2026-01-16T21:21:54.282382,172.20.10.5,1,0
2026-01-16T21:21:54.282382,172.20.10.5,2,0
2026-01-16T21:21:54.282382,172.20.10.5,3,0
2026-01-16T21:21:54.282382,172.20.10.5,4,0
2026-01-16T21:21:54.282382,172.20.10.5,5,0
2026-01-16T21:21:54.282382,172.20.10.5,6,0
2026-01-16T21:21:54.282382,172.20.10.5,7,0
2026-01-16T21:21:54.282382,172.20.10.5,8,0
2026-01-16T21:21:54.282382,172.20.10.5,9,0
2026-01-16T21:21:54.282382,172.20.10.5,10,0
2026-01-16T21:21:54.282382,172.20.10.5,11,0
2026-01-16T21:21:54.282382,172.20.10.5,12,0
2026-01-16T21:21:54.282382,172.20.10.5,13,0
2026-01-16T21:21:54.282382,172.20.10.5,14,0
2026-01-16T21:21:54.282382,172.20.10.5,15,0
2026-01-16T21:21:54.282382,172.20.10.5,16,0
2026-01-16T21:21:54.282382,172.20.10.5,17,0
2026-01-16T21:21:54.282382,172.20.10.5,18,0
2026-01-16T21:21:54.282382,172.20.10.5,19,0
2026-01-16T21:21:54.282382,172.20.10.5,20,0
2026-01-16T21:21:54.282382,172.20.10.5,21,0
2026-01-16T21:21:54.282382,172.20.10.5,22,0
2026-01-16T21:21:54.282382,172.20.10.5,23,0
